total,hit,miss
1,0,1
2,1,1
4,1,3
5,1,4
7,2,5
8,3,5
9,4,5
11,5,6
12,6,6
14,8,6
15,9,6
17,11,6
18,12,6
20,14,6
21,15,6
23,16,7
25,18,7
26,19,7
27,20,7
28,21,7
29,22,7
30,23,7
32,24,8
33,25,8
34,25,9
36,26,10
37,26,11
38,27,11
39,28,11
40,28,12
42,29,13
44,29,15
45,30,15
46,31,15
48,32,16
50,33,17
51,34,17
53,35,18
55,36,19
56,37,19
57,38,19
59,39,20
60,40,20
61,41,20
62,42,20
64,43,21
65,44,21
67,44,23
68,45,23
69,46,23
71,48,23
73,48,25
74,49,25
75,50,25
76,50,26
77,51,26
78,52,26
80,54,26
81,55,26
82,56,26
84,58,26
86,58,28
87,59,28
88,60,28
89,60,29
90,61,29
91,62,29
93,64,29
94,65,29
95,66,29
96,67,29
97,68,29
99,69,30
100,69,31
101,70,31
103,71,32
104,72,32
105,72,33
106,73,33
107,74,33
109,75,34
110,75,35
111,76,35
113,77,36
114,78,36
115,79,36
116,80,36
117,80,37
119,81,38
120,82,38
121,83,38
122,83,39
123,84,39
124,85,39
126,87,39
127,88,39
128,89,39
130,91,39
131,92,39
132,93,39
133,94,39
134,94,40
135,95,40
136,96,40
138,98,40
139,99,40
140,100,40
142,102,40
144,103,41
145,104,41
146,105,41
147,105,42
148,106,42
149,107,42
151,109,42
152,110,42
153,111,42
155,113,42
157,113,44
158,114,44
159,115,44
160,115,45
161,116,45
162,117,45
164,119,45
165,120,45
166,121,45
168,123,45
169,124,45
170,125,45
171,126,45
172,126,46
173,127,46
174,128,46
176,130,46
177,131,46
178,132,46
180,134,46
181,135,46
182,136,46
183,137,46
184,137,47
185,138,47
186,139,47
188,141,47
189,142,47
190,143,47
192,145,47
194,146,48
195,147,48
196,148,48
197,148,49
198,149,49
199,150,49
201,152,49
202,153,49
203,154,49
205,156,49
207,156,51
208,157,51
209,158,51
210,158,52
211,159,52
212,160,52
214,162,52
215,163,52
216,164,52
218,166,52
219,166,53
220,167,53
221,168,53
222,168,54
223,169,54
224,170,54
226,172,54
227,173,54
228,174,54
230,176,54
231,177,54
232,178,54
233,179,54
234,179,55
235,180,55
236,181,55
238,183,55
239,184,55
240,185,55
242,187,55
244,189,55
245,190,55
246,191,55
247,191,56
248,192,56
249,193,56
251,195,56
252,196,56
253,197,56
255,199,56
256,200,56
257,201,56
258,202,56
259,202,57
260,203,57
261,204,57
263,206,57
264,207,57
265,208,57
266,209,57
267,210,57
269,212,57
270,213,57
271,214,57
273,215,58
274,216,58
275,216,59
276,217,59
277,218,59
278,218,60
280,219,61
281,220,61
283,221,62
284,222,62
285,223,62
286,224,62
287,225,62
289,227,62
290,228,62
291,229,62
293,231,62
294,232,62
296,233,63
297,234,63
298,235,63
299,235,64
301,237,64
302,238,64
304,240,64
305,241,64
306,242,64
307,243,64
308,244,64
310,246,64
311,247,64
312,248,64
314,250,64
315,251,64
316,251,65
317,252,65
318,253,65
319,253,66
321,255,66
322,256,66
324,257,67
325,258,67
326,259,67
327,260,67
328,261,67
330,263,67
331,264,67
332,265,67
334,267,67
335,268,67
337,268,69
338,269,69
339,270,69
340,270,70
342,272,70
343,273,70
344,274,70
345,275,70
347,276,71
349,278,71
350,279,71
351,280,71
352,281,71
354,282,72
356,283,73
357,284,73
358,285,73
359,286,73
360,287,73
362,288,74
364,289,75
365,290,75
366,291,75
367,292,75
368,293,75
370,294,76
372,295,77
374,297,77
375,298,77
376,299,77
377,300,77
379,301,78
381,302,79
382,303,79
383,304,79
384,305,79
385,306,79
387,307,80
389,308,81
390,309,81
391,310,81
392,311,81
393,312,81
395,314,81
397,315,82
398,316,82
399,317,82
400,318,82
401,319,82
403,321,82
405,322,83
406,323,83
407,324,83
408,325,83
409,326,83
411,328,83
413,329,84
415,330,85
416,331,85
417,332,85
418,333,85
420,335,85
422,336,86
423,337,86
424,338,86
425,339,86
426,340,86
428,341,87
429,342,87
430,343,87
432,345,87
434,346,88
435,347,88
437,349,88
438,350,88
439,351,88
441,351,90
443,351,92
444,352,92
445,353,92
446,353,93
447,354,93
449,355,94
450,356,94
451,357,94
453,358,95
454,359,95
455,360,95
456,360,96
457,361,96
458,362,96
460,364,96
462,365,97
464,367,97
465,368,97
467,370,97
468,371,97
470,373,97
472,374,98
473,375,98
474,376,98
476,377,99
478,379,99
479,380,99
480,381,99
481,382,99
482,383,99
484,384,100
485,385,100
487,387,100
488,388,100
489,389,100
491,390,101
493,392,101
494,393,101
495,394,101
497,396,101
498,397,101
499,398,101
501,399,102
502,400,102
503,401,102
504,402,102
506,403,103
508,405,103
509,406,103
510,407,103
512,409,103
513,410,103
515,411,104
516,412,104
517,413,104
519,413,106
520,414,106
521,415,106
523,416,107
524,417,107
525,418,107
527,419,108
528,420,108
529,421,108
531,422,109
533,422,111
534,423,111
535,424,111
536,425,111
537,426,111
538,427,111
539,428,111
541,430,111
542,431,111
543,432,111
544,432,112
545,433,112
546,434,112
548,436,112
549,437,112
550,438,112
551,439,112
552,440,112
554,441,113
555,442,113
556,443,113
558,445,113
559,446,113
560,447,113
562,448,114
563,449,114
564,450,114
566,452,114
568,453,115
569,454,115
570,455,115
571,456,115
572,457,115
573,458,115
574,459,115
576,461,115
577,462,115
578,463,115
579,463,116
580,464,116
581,465,116
583,467,116
584,468,116
585,469,116
586,470,116
587,471,116
589,472,117
590,473,117
591,474,117
593,476,117
594,477,117
595,478,117
597,479,118
598,480,118
599,481,118
601,483,118
603,484,119
604,485,119
605,486,119
606,487,119
607,488,119
608,489,119
609,490,119
611,492,119
612,493,119
613,494,119
614,494,120
615,495,120
616,496,120
618,498,120
619,499,120
620,500,120
621,501,120
622,502,120
624,503,121
625,504,121
626,505,121
628,507,121
629,508,121
630,509,121
632,510,122
633,511,122
634,512,122
636,514,122
638,515,123
639,516,123
640,517,123
641,518,123
642,519,123
643,520,123
644,521,123
646,523,123
647,524,123
648,525,123
649,525,124
650,526,124
651,527,124
653,529,124
654,530,124
655,531,124
656,532,124
657,533,124
659,534,125
660,535,125
661,536,125
663,538,125
664,539,125
665,540,125
667,541,126
668,542,126
669,543,126
671,545,126
673,546,127
674,547,127
675,548,127
676,549,127
677,550,127
678,551,127
679,552,127
681,554,127
682,555,127
683,556,127
684,556,128
685,557,128
686,558,128
688,560,128
689,561,128
690,562,128
691,563,128
692,564,128
694,565,129
695,566,129
696,567,129
698,568,130
699,569,130
700,570,130
701,570,131
702,571,131
704,572,132
706,574,132
707,575,132
708,576,132
709,577,132
710,578,132
712,579,133
713,580,133
714,581,133
715,582,133
717,583,134
718,584,134
719,584,135
720,585,135
722,586,136
724,587,137
726,588,138
727,589,138
728,590,138
729,591,138
731,592,139
732,593,139
733,594,139
734,595,139
735,595,140
736,596,140
738,598,140
739,598,141
741,599,142
742,600,142
743,600,143
744,601,143
746,602,144
747,603,144
748,604,144
750,605,145
751,606,145
753,608,145
754,609,145
755,610,145
756,611,145
757,612,145
758,613,145
760,615,145
761,616,145
762,617,145
763,618,145
765,620,145
766,621,145
767,621,146
768,622,146
769,622,147
771,624,147
773,626,147
774,627,147
775,628,147
776,629,147
778,631,147
779,632,147
780,633,147
781,634,147
782,635,147
783,636,147
785,638,147
786,639,147
787,640,147
788,641,147
790,643,147
791,644,147
793,646,147
794,647,147
795,648,147
796,648,148
797,649,148
799,651,148
801,653,148
802,654,148
803,655,148
804,656,148
805,657,148
807,659,148
808,660,148
809,661,148
810,662,148
812,664,148
813,665,148
814,665,149
815,666,149
817,667,150
819,669,150
821,671,150
822,672,150
823,673,150
824,674,150
826,676,150
827,677,150
828,678,150
829,679,150
830,680,150
831,681,150
833,683,150
834,684,150
836,685,151
837,686,151
839,686,153
840,687,153
842,689,153
843,690,153
844,691,153
846,692,154
847,693,154
849,695,154
850,696,154
851,697,154
852,698,154
853,699,154
854,700,154
856,702,154
857,703,154
858,704,154
859,705,154
861,707,154
862,708,154
863,708,155
864,709,155
866,710,156
868,712,156
870,714,156
871,715,156
872,716,156
873,717,156
875,719,156
876,720,156
877,721,156
878,722,156
879,723,156
880,724,156
882,726,156
883,727,156
884,728,156
885,729,156
886,730,156
887,731,156
889,733,156
890,734,156
891,735,156
892,735,157
893,736,157
895,738,157
897,740,157
898,741,157
899,742,157
900,743,157
901,744,157
903,746,157
904,747,157
905,748,157
906,749,157
908,751,157
909,752,157
910,752,158
911,753,158
912,753,159
914,755,159
916,757,159
917,758,159
918,759,159
919,760,159
921,762,159
922,763,159
923,764,159
924,765,159
925,766,159
926,767,159
928,769,159
929,770,159
931,771,160
932,772,160
934,773,161
935,774,161
937,776,161
938,777,161
939,778,161
941,779,162
942,780,162
944,782,162
945,783,162
946,784,162
947,785,162
948,786,162
949,787,162
951,789,162
952,790,162
953,791,162
954,792,162
956,794,162
957,795,162
958,795,163
959,796,163
961,797,164
963,799,164
965,801,164
966,802,164
967,803,164
968,804,164
970,806,164
971,807,164
972,808,164
973,809,164
974,810,164
975,811,164
977,813,164
978,814,164
979,815,164
980,816,164
981,817,164
982,818,164
984,820,164
985,821,164
986,822,164
987,822,165
989,823,166
990,823,167
991,824,167
992,825,167
993,825,168
994,826,168
995,827,168
996,828,168
998,829,169
1000,831,169
1001,832,169
1002,832,170
1003,833,170
1004,833,171
1005,834,171
1006,835,171
1007,836,171
1008,837,171
1010,838,172
1011,839,172
1012,840,172
1013,841,172
1014,842,172
1016,843,173
1017,844,173
1018,845,173
1020,846,174
1021,847,174
1022,848,174
1024,849,175
1025,849,176
1026,850,176
1028,852,176
1030,853,177
1031,854,177
1033,856,177
1034,857,177
1035,858,177
1036,859,177
1037,860,177
1039,861,178
1040,862,178
1041,862,179
1042,863,179
1044,864,180
1046,864,182
1047,865,182
1049,866,183
1050,867,183
1051,868,183
1053,869,184
1055,870,185
1056,871,185
1057,872,185
1058,873,185
1060,874,186
1061,875,186
1062,876,186
1063,877,186
1064,877,187
1066,878,188
1068,878,190
1069,879,190
1070,880,190
1071,880,191
1072,881,191
1073,882,191
1074,883,191
1075,884,191
1076,885,191
1077,886,191
1078,887,191
1079,888,191
1080,889,191
1081,890,191
1082,891,191
1083,892,191
1085,893,192
1086,894,192
1088,896,192
1089,897,192
1090,898,192
1091,899,192
1093,900,193
1094,900,194
1095,901,194
1096,902,194
1097,903,194
1099,904,195
1100,905,195
1101,905,196
1102,906,196
1103,907,196
1105,908,197
1106,909,197
1107,910,197
1108,911,197
1109,912,197
1110,913,197
1111,914,197
1112,915,197
1113,916,197
1114,917,197
1115,918,197
1116,919,197
1117,920,197
1118,921,197
1119,922,197
1120,923,197
1121,924,197
1122,925,197
1123,926,197
1124,927,197
1125,928,197
1126,929,197
1127,930,197
1128,931,197
1129,932,197
1130,933,197
1131,934,197
1132,935,197
1133,936,197
1134,937,197
1135,938,197
1136,939,197
1137,940,197
1138,941,197
1139,942,197
1140,943,197
1141,944,197
1142,945,197
1143,946,197
1144,947,197
1145,948,197
1146,949,197
1147,950,197
1148,951,197
1149,952,197
1150,953,197
1151,954,197
1152,955,197
1153,956,197
1154,957,197
1155,958,197
1156,959,197
1157,960,197
1158,961,197
1159,962,197
1160,963,197
1161,964,197
1162,965,197
1163,966,197
1165,967,198
1166,968,198
1167,969,198
1168,970,198
1170,972,198
1171,973,198
1172,974,198
1173,975,198
1175,977,198
1176,978,198
1177,979,198
1178,980,198
1180,982,198
1181,983,198
1182,984,198
1183,985,198
1185,987,198
1186,988,198
1187,989,198
1188,990,198
1190,992,198
1191,993,198
1192,994,198
1193,995,198
1195,997,198
1196,998,198
1197,999,198
1198,1000,198
1200,1002,198
1201,1003,198
1202,1004,198
1203,1005,198
1205,1007,198
1206,1008,198
1207,1009,198
1208,1010,198
1210,1012,198
1211,1013,198
1212,1014,198
1213,1015,198
1215,1017,198
1216,1018,198
1217,1019,198
1218,1020,198
1220,1022,198
1221,1023,198
1222,1024,198
1223,1025,198
1225,1027,198
1226,1028,198
1227,1029,198
1228,1030,198
1230,1032,198
1231,1033,198
1232,1034,198
1233,1035,198
1235,1037,198
1236,1038,198
1237,1039,198
1238,1040,198
1240,1042,198
1241,1043,198
1242,1044,198
1243,1045,198
1244,1046,198
1245,1047,198
1246,1048,198
1247,1049,198
1248,1050,198
1249,1051,198
1250,1052,198
1251,1053,198
1252,1054,198
1253,1055,198
1254,1056,198
1255,1057,198
1256,1058,198
1257,1059,198
1258,1060,198
1259,1061,198
1260,1062,198
1261,1063,198
1262,1064,198
1263,1065,198
1264,1066,198
1265,1067,198
1266,1068,198
1267,1069,198
1268,1070,198
1269,1071,198
1270,1072,198
1271,1073,198
1272,1074,198
1273,1075,198
1274,1076,198
1275,1077,198
1276,1078,198
1277,1079,198
1278,1080,198
1279,1081,198
1280,1082,198
1281,1083,198
1282,1084,198
1283,1085,198
1284,1086,198
1285,1087,198
1286,1088,198
1287,1089,198
1288,1090,198
1289,1091,198
1290,1092,198
1291,1093,198
1292,1094,198
1293,1095,198
1294,1096,198
1295,1097,198
1296,1098,198
1297,1099,198
1298,1100,198
1299,1101,198
1300,1102,198
1301,1103,198
1302,1104,198
1303,1105,198
1304,1106,198
1305,1107,198
1306,1108,198
1308,1109,199
1310,1110,200
1311,1111,200
1313,1112,201
1315,1112,203
1316,1113,203
1318,1113,205
1320,1114,206
1321,1115,206
1322,1116,206
1323,1117,206
1325,1118,207
1327,1119,208
1328,1120,208
1330,1121,209
1331,1122,209
1333,1123,210
1334,1124,210
1335,1125,210
1336,1126,210
1337,1127,210
1339,1128,211
1340,1129,211
1341,1130,211
1342,1131,211
1343,1132,211
1344,1133,211
1345,1134,211
1347,1135,212
1348,1136,212
1349,1137,212
1350,1138,212
1351,1139,212
1353,1140,213
1354,1141,213
1355,1142,213
1356,1143,213
1357,1144,213
1358,1145,213
1360,1146,214
1361,1147,214
1362,1148,214
1363,1148,215
1364,1149,215
1365,1150,215
1367,1151,216
1368,1152,216
1369,1153,216
1370,1154,216
1371,1155,216
1372,1155,217
1374,1156,218
1375,1157,218
1376,1158,218
1378,1159,219
1379,1160,219
1380,1161,219
1382,1162,220
1383,1163,220
1384,1164,220
1386,1165,221
1387,1166,221
1388,1166,222
1389,1167,222
1391,1168,223
1392,1169,223
1393,1170,223
1394,1171,223
1396,1173,223
1397,1174,223
1398,1175,223
1399,1175,224
1400,1176,224
1401,1177,224
1402,1177,225
1404,1179,225
1405,1180,225
1406,1181,225
1407,1182,225
1409,1183,226
1410,1184,226
1411,1185,226
1413,1187,226
1414,1188,226
1415,1189,226
1416,1190,226
1418,1192,226
1419,1193,226
1420,1194,226
1422,1194,228
1423,1195,228
1424,1196,228
1425,1196,229
1427,1198,229
1428,1199,229
1429,1200,229
1430,1201,229
1431,1202,229
1433,1204,229
1434,1205,229
1435,1206,229
1436,1207,229
1438,1209,229
1439,1210,229
1440,1211,229
1441,1212,229
1442,1213,229
1443,1214,229
1444,1214,230
1445,1215,230
1447,1216,231
1448,1217,231
1449,1218,231
1450,1219,231
1451,1220,231
1452,1221,231
1453,1222,231
1455,1224,231
1456,1225,231
1457,1226,231
1458,1227,231
1460,1229,231
1461,1230,231
1462,1231,231
1463,1232,231
1464,1233,231
1465,1234,231
1466,1234,232
1468,1236,232
1469,1237,232
1470,1238,232
1471,1239,232
1473,1241,232
1474,1242,232
1475,1243,232
1476,1244,232
1478,1246,232
1479,1247,232
1480,1248,232
1481,1249,232
1482,1250,232
1483,1251,232
1484,1252,232
1485,1253,232
1487,1255,232
1488,1256,232
1489,1257,232
1490,1258,232
1492,1260,232
1493,1261,232
1494,1262,232
1495,1263,232
1496,1264,232
1497,1265,232
1498,1265,233
1500,1267,233
1501,1268,233
1502,1269,233
1503,1270,233
1505,1272,233
1506,1273,233
1507,1274,233
1508,1275,233
1510,1277,233
1511,1278,233
1512,1279,233
1513,1280,233
1514,1281,233
1515,1282,233
1516,1283,233
1517,1284,233
1518,1285,233
1519,1286,233
1520,1287,233
1521,1288,233
1523,1290,233
1524,1291,233
1525,1292,233
1526,1293,233
1527,1294,233
1528,1295,233
1529,1296,233
1530,1297,233
1531,1298,233
1532,1299,233
1533,1300,233
1534,1301,233
1536,1303,233
1537,1304,233
1538,1305,233
1539,1306,233
1540,1307,233
1541,1308,233
1542,1308,234
1543,1309,234
1544,1310,234
1545,1311,234
1546,1312,234
1547,1313,234
1548,1314,234
1549,1315,234
1550,1316,234
1551,1317,234
1553,1319,234
1554,1320,234
1555,1321,234
1556,1321,235
1557,1322,235
1558,1323,235
1559,1324,235
1560,1325,235
1561,1326,235
1562,1327,235
1563,1328,235
1564,1329,235
1566,1331,235
1567,1332,235
1568,1333,235
1569,1334,235
1570,1335,235
1571,1336,235
1572,1337,235
1573,1338,235
1574,1339,235
1575,1340,235
1576,1341,235
1577,1342,235
1579,1344,235
1580,1345,235
1581,1346,235
1582,1347,235
1583,1348,235
1584,1349,235
1585,1350,235
1586,1351,235
1587,1352,235
1588,1353,235
1589,1354,235
1590,1355,235
1592,1357,235
1593,1358,235
1594,1359,235
1596,1361,235
1597,1362,235
1598,1363,235
1599,1364,235
1600,1365,235
1601,1366,235
1602,1367,235
1603,1368,235
1604,1369,235
1606,1371,235
1607,1372,235
1608,1373,235
1609,1373,236
1610,1374,236
1611,1375,236
1612,1375,237
1613,1376,237
1614,1377,237
1615,1378,237
1616,1379,237
1617,1380,237
1618,1381,237
1619,1382,237
1620,1383,237
1621,1384,237
1623,1386,237
1624,1387,237
1625,1388,237
1626,1389,237
1627,1390,237
1628,1391,237
1629,1391,238
1630,1392,238
1632,1393,239
1633,1394,239
1634,1395,239
1635,1396,239
1636,1397,239
1637,1398,239
1638,1399,239
1640,1400,240
1641,1401,240
1642,1402,240
1643,1403,240
1645,1405,240
1646,1406,240
1647,1407,240
1648,1408,240
1650,1410,240
1651,1411,240
1652,1412,240
1653,1413,240
1655,1415,240
1656,1416,240
1657,1417,240
1658,1417,241
1659,1418,241
1660,1419,241
1661,1420,241
1662,1421,241
1664,1423,241
1665,1424,241
1666,1425,241
1667,1426,241
1669,1428,241
1670,1429,241
1671,1430,241
1672,1431,241
1673,1432,241
1674,1433,241
1675,1434,241
1677,1436,241
1679,1437,242
1680,1438,242
1681,1439,242
1682,1440,242
1684,1442,242
1685,1443,242
1686,1444,242
1687,1445,242
1689,1446,243
1690,1446,244
1692,1447,245
1693,1448,245
1694,1449,245
1695,1450,245
1696,1451,245
1697,1452,245
1699,1453,246
1700,1454,246
1701,1455,246
1702,1456,246
1703,1457,246
1705,1458,247
1706,1459,247
1708,1461,247
1709,1462,247
1710,1463,247
1712,1464,248
1713,1465,248
1714,1466,248
1716,1468,248
1717,1469,248
1718,1470,248
1719,1471,248
1720,1471,249
1721,1472,249
1723,1473,250
1724,1474,250
1725,1475,250
1726,1476,250
1727,1477,250
1729,1478,251
1730,1479,251
1731,1480,251
1733,1481,252
1734,1482,252
1735,1483,252
1736,1483,253
1737,1484,253
1738,1485,253
1740,1486,254
1741,1487,254
1742,1488,254
1744,1490,254
1745,1491,254
1746,1492,254
1748,1493,255
1750,1494,256
1751,1494,257
1752,1495,257
1753,1496,257
1754,1497,257
1756,1498,258
1757,1499,258
1758,1500,258
1760,1500,260
1761,1501,260
1763,1502,261
1764,1503,261
1765,1504,261
1767,1506,261
1768,1507,261
1770,1508,262
1771,1509,262
1772,1510,262
1774,1511,263
1776,1511,265
1777,1512,265
1779,1513,266
1781,1515,266
1782,1515,267
1784,1517,267
1785,1518,267
1787,1520,267
1788,1521,267
1789,1522,267
1791,1524,267
1792,1525,267
1794,1527,267
1795,1528,267
1797,1530,267
1798,1531,267
1800,1533,267
1801,1534,267
1803,1535,268
1804,1536,268
1806,1537,269
1807,1538,269
1808,1539,269
1809,1540,269
1810,1541,269
1812,1542,270
1813,1543,270
1814,1544,270
1815,1545,270
1817,1546,271
1818,1546,272
1819,1547,272
1820,1548,272
1821,1549,272
1822,1549,273
1824,1550,274
1825,1551,274
1826,1552,274
1827,1553,274
1828,1554,274
1830,1555,275
1831,1556,275
1832,1557,275
1833,1558,275
1835,1559,276
1837,1561,276
1838,1562,276
1839,1563,276
1841,1564,277
1842,1565,277
1843,1566,277
1844,1567,277
1845,1568,277
1846,1569,277
1848,1570,278
1849,1571,278
1850,1572,278
1852,1573,279
1853,1574,279
1854,1575,279
1855,1576,279
1857,1577,280
1858,1578,280
1859,1578,281
1860,1579,281
1861,1580,281
1863,1580,283
1864,1581,283
1865,1582,283
1866,1582,284
1867,1582,285
1869,1583,286
1870,1584,286
1871,1585,286
1872,1585,287
1873,1586,287
1875,1587,288
1876,1588,288
1877,1589,288
1878,1590,288
1880,1591,289
1881,1592,289
1882,1593,289
1883,1594,289
1885,1595,290
1886,1596,290
1887,1597,290
1888,1598,290
1889,1599,290
1890,1600,290
1892,1601,291
1893,1602,291
1894,1603,291
1896,1604,292
1898,1605,293
1899,1606,293
1900,1607,293
1901,1608,293
1902,1609,293
1903,1610,293
1905,1611,294
1906,1612,294
1907,1613,294
1908,1614,294
1909,1615,294
1910,1616,294
1912,1617,295
1913,1618,295
1914,1618,296
1915,1619,296
1916,1620,296
1917,1621,296
1919,1622,297
1921,1623,298
1922,1624,298
1923,1625,298
1924,1625,299
1925,1626,299
1927,1627,300
1928,1628,300
1929,1629,300
1930,1629,301
1931,1629,302
1933,1630,303
1934,1631,303
1935,1632,303
1937,1633,304
1938,1633,305
1939,1634,305
1940,1635,305
1941,1636,305
1942,1637,305
1943,1638,305
1945,1639,306
1946,1640,306
1947,1641,306
1948,1642,306
1950,1643,307
1951,1644,307
1952,1645,307
1953,1646,307
1954,1647,307
1955,1648,307
1956,1649,307
1957,1650,307
1958,1650,308
1960,1651,309
1961,1652,309
1962,1653,309
1964,1654,310
1965,1655,310
1966,1656,310
1967,1657,310
1968,1658,310
1970,1659,311
1971,1659,312
1972,1660,312
1974,1661,313
1975,1662,313
1977,1663,314
1978,1664,314
1979,1665,314
1980,1666,314
1981,1667,314
1983,1669,314
1985,1670,315
1986,1671,315
1988,1673,315
1989,1674,315
1991,1676,315
1992,1677,315
1994,1679,315
1995,1680,315
1997,1682,315
1998,1683,315
2000,1685,315
2001,1686,315
2003,1688,315
2005,1690,315
2007,1692,315
2008,1693,315
2010,1695,315
2011,1696,315
2013,1697,316
2014,1698,316
2016,1700,316
2017,1700,317
2018,1701,317
2019,1702,317
2021,1703,318
2022,1704,318
2023,1705,318
2024,1706,318
2026,1707,319
2027,1708,319
2028,1708,320
2029,1709,320
2031,1710,321
2032,1711,321
2034,1713,321
2036,1714,322
2038,1716,322
2039,1717,322
2041,1719,322
2042,1720,322
2043,1721,322
2045,1722,323
2046,1723,323
2047,1724,323
2049,1725,324
2050,1726,324
2051,1727,324
2052,1728,324
2053,1729,324
2055,1730,325
2056,1731,325
2057,1732,325
2058,1733,325
2059,1734,325
2060,1735,325
2062,1736,326
2063,1737,326
2065,1739,326
2066,1740,326
2067,1741,326
2068,1742,326
2070,1743,327
2072,1745,327
2073,1745,328
2075,1747,328
2076,1748,328
2078,1750,328
2079,1751,328
2080,1752,328
2082,1753,329
2084,1754,330
2085,1755,330
2086,1756,330
2087,1757,330
2088,1757,331
2089,1758,331
2090,1759,331
2092,1760,332
2093,1761,332
2094,1761,333
2095,1762,333
2096,1763,333
2098,1765,333
2099,1766,333
2101,1768,333
2102,1769,333
2104,1771,333
2105,1772,333
2106,1773,333
2107,1774,333
2109,1775,334
2110,1776,334
2111,1777,334
2112,1778,334
2113,1779,334
2115,1780,335
2116,1781,335
2117,1782,335
2119,1784,335
2120,1785,335
2122,1787,335
2123,1787,336
2125,1789,336
2126,1790,336
2127,1791,336
2128,1792,336
2130,1794,336
2131,1795,336
2133,1797,336
2135,1798,337
2137,1800,337
2138,1801,337
2140,1803,337
2141,1804,337
2142,1805,337
2144,1807,337
2145,1808,337
2146,1809,337
2148,1810,338
2149,1811,338
2151,1812,339
2152,1813,339
2153,1814,339
2154,1815,339
2155,1816,339
2157,1817,340
2158,1818,340
2159,1819,340
2161,1819,342
2163,1820,343
2164,1821,343
2166,1821,345
2168,1822,346
2169,1823,346
2170,1824,346
2172,1825,347
2173,1826,347
2175,1827,348
2176,1828,348
2177,1829,348
2179,1830,349
2181,1832,349
2182,1833,349
2183,1834,349
2184,1835,349
2186,1836,350
2187,1837,350
2188,1838,350
2189,1839,350
2191,1840,351
2192,1840,352
2193,1841,352
2194,1842,352
2195,1843,352
2197,1844,353
2198,1845,353
2199,1846,353
2200,1847,353
2202,1848,354
2203,1849,354
2204,1850,354
2205,1851,354
2207,1852,355
2208,1853,355
2209,1853,356
2211,1855,356
2212,1856,356
2213,1857,356
2214,1858,356
2215,1859,356
2216,1859,357
2217,1860,357
2219,1861,358
2220,1862,358
2221,1863,358
2222,1864,358
2223,1865,358
2224,1866,358
2225,1867,358
2226,1868,358
2228,1870,358
2229,1871,358
2230,1872,358
2231,1873,358
2232,1874,358
2233,1875,358
2234,1876,358
2236,1878,358
2238,1880,358
2239,1881,358
2240,1882,358
2241,1883,358
2242,1884,358
2243,1885,358
2244,1886,358
2245,1887,358
2247,1889,358
2248,1890,358
2249,1891,358
2250,1892,358
2251,1893,358
2252,1894,358
2253,1895,358
2254,1896,358
2256,1898,358
2257,1899,358
2258,1900,358
2259,1901,358
2260,1902,358
2261,1903,358
2262,1904,358
2263,1905,358
2265,1907,358
2266,1908,358
2267,1909,358
2268,1910,358
2269,1911,358
2270,1912,358
2271,1913,358
2272,1914,358
2273,1915,358
2274,1916,358
2275,1917,358
2277,1919,358
2278,1920,358
2279,1921,358
2280,1922,358
2281,1923,358
2282,1924,358
2283,1925,358
2284,1926,358
2286,1928,358
2287,1929,358
2288,1930,358
2289,1931,358
2290,1932,358
2291,1933,358
2292,1934,358
2293,1935,358
2295,1937,358
2296,1938,358
2297,1939,358
2298,1940,358
2299,1941,358
2300,1942,358
2301,1943,358
2303,1944,359
2304,1945,359
2305,1946,359
2307,1948,359
2308,1949,359
2309,1950,359
2310,1951,359
2311,1952,359
2312,1953,359
2313,1954,359
2314,1955,359
2315,1956,359
2316,1957,359
2318,1958,360
2319,1959,360
2320,1960,360
2321,1960,361
2322,1961,361
2323,1962,361
2325,1963,362
2326,1964,362
2327,1965,362
2328,1966,362
2329,1967,362
2330,1968,362
2331,1969,362
2333,1970,363
2334,1971,363
2335,1972,363
2336,1973,363
2337,1974,363
2338,1975,363
2339,1976,363
2341,1977,364
2342,1978,364
2343,1979,364
2344,1980,364
2345,1981,364
2346,1982,364
2347,1983,364
2349,1985,364
2350,1986,364
2351,1987,364
2352,1988,364
2353,1989,364
2354,1990,364
2355,1991,364
2357,1993,364
2358,1994,364
2359,1995,364
2360,1996,364
2361,1997,364
2362,1998,364
2363,1999,364
2365,2001,364
2366,2002,364
2367,2003,364
2368,2004,364
2369,2005,364
2370,2006,364
2371,2007,364
2373,2009,364
2374,2010,364
2375,2011,364
2376,2012,364
2377,2013,364
2378,2014,364
2379,2015,364
2381,2017,364
2382,2018,364
2383,2019,364
2384,2020,364
2385,2021,364
2386,2022,364
2387,2023,364
2389,2025,364
2390,2026,364
2391,2027,364
2392,2028,364
2393,2029,364
2394,2030,364
2395,2031,364
2397,2033,364
2398,2034,364
2399,2035,364
2400,2036,364
2401,2037,364
2402,2038,364
2403,2039,364
2405,2041,364
2406,2042,364
2407,2043,364
2408,2044,364
2409,2045,364
2410,2046,364
2411,2047,364
2413,2049,364
2414,2050,364
2415,2051,364
2416,2052,364
2417,2053,364
2418,2054,364
2419,2055,364
2420,2056,364
2422,2057,365
2423,2058,365
2424,2059,365
2425,2059,366
2426,2060,366
2428,2061,367
2429,2061,368
2430,2062,368
2432,2063,369
2433,2064,369
2434,2065,369
2436,2066,370
2437,2067,370
2438,2068,370
2439,2069,370
2440,2069,371
2441,2070,371
2442,2071,371
2444,2072,372
2445,2073,372
2446,2074,372
2447,2075,372
2449,2076,373
2450,2077,373
2451,2078,373
2453,2078,375
2454,2079,375
2455,2079,376
2457,2080,377
2458,2081,377
2459,2082,377
2460,2083,377
2461,2083,378
2462,2084,378
2463,2085,378
2464,2086,378
2466,2087,379
2467,2088,379
2468,2089,379
2469,2090,379
2470,2091,379
2472,2092,380
2474,2093,381
2476,2094,382
2477,2095,382
2478,2096,382
2479,2096,383
2480,2097,383
2481,2097,384
2482,2098,384
2483,2099,384
2484,2100,384
2486,2101,385
2488,2101,387
2489,2102,387
2490,2102,388
2491,2103,388
2492,2104,388
2493,2105,388
2495,2107,388
2496,2108,388
2497,2109,388
2499,2111,388
2500,2112,388
2501,2113,388
2502,2114,388
2503,2115,388
2504,2116,388
2505,2117,388
2507,2119,388
2508,2120,388
2509,2121,388
2510,2122,388
2511,2123,388
2512,2124,388
2513,2125,388
2514,2126,388
2516,2128,388
2517,2129,388
2518,2130,388
2519,2131,388
2520,2132,388
2521,2133,388
2522,2134,388
2523,2135,388
2525,2137,388
2526,2138,388
2527,2139,388
2528,2140,388
2529,2141,388
2530,2142,388
2531,2143,388
2532,2144,388
2534,2146,388
2535,2147,388
2536,2148,388
2537,2149,388
2538,2150,388
2539,2151,388
2540,2152,388
2541,2153,388
2543,2155,388
2544,2156,388
2545,2157,388
2546,2158,388
2547,2159,388
2548,2160,388
2549,2161,388
2550,2162,388
2552,2164,388
2553,2165,388
2554,2166,388
2556,2168,388
2557,2169,388
2558,2170,388
2559,2171,388
2560,2172,388
2562,2174,388
2563,2175,388
2564,2176,388
2566,2177,389
2567,2178,389
2568,2179,389
2569,2180,389
2570,2181,389
2572,2183,389
2573,2184,389
2574,2185,389
2576,2187,389
2577,2188,389
2578,2189,389
2579,2190,389
2580,2191,389
2582,2193,389
2583,2194,389
2584,2195,389
2585,2196,389
2586,2197,389
2587,2198,389
2589,2200,389
2590,2201,389
2591,2202,389
2592,2203,389
2593,2204,389
2595,2206,389
2596,2207,389
2597,2208,389
2599,2210,389
2600,2211,389
2601,2212,389
2602,2213,389
2603,2214,389
2605,2216,389
2606,2217,389
2607,2218,389
2609,2220,389
2610,2221,389
2611,2222,389
2612,2223,389
2613,2224,389
2615,2226,389
2616,2227,389
2617,2228,389
2619,2230,389
2620,2231,389
2621,2232,389
2622,2233,389
2623,2234,389
2625,2236,389
2626,2237,389
2627,2238,389
2628,2239,389
2629,2240,389
2630,2241,389
2632,2243,389
2633,2244,389
2634,2245,389
2635,2246,389
2636,2247,389
2638,2249,389
2639,2250,389
2640,2251,389
2642,2253,389
2643,2254,389
2644,2255,389
2645,2256,389
2646,2257,389
2648,2259,389
2649,2260,389
2650,2261,389
2652,2263,389
2653,2264,389
2654,2265,389
2655,2266,389
2656,2266,390
2658,2268,390
2659,2269,390
2660,2270,390
2662,2272,390
2663,2273,390
2664,2274,390
2665,2275,390
2666,2275,391
2668,2277,391
2669,2278,391
2670,2279,391
2672,2281,391
2673,2282,391
2674,2283,391
2675,2284,391
2676,2285,391
2678,2287,391
2679,2288,391
2680,2289,391
2682,2291,391
2683,2292,391
2684,2293,391
2685,2294,391
2687,2295,392
2689,2297,392
2690,2298,392
2691,2299,392
2693,2301,392
2694,2302,392
2695,2303,392
2696,2304,392
2697,2305,392
2699,2307,392
2700,2308,392
2701,2309,392
2702,2310,392
2703,2311,392
2704,2312,392
2706,2314,392
2707,2315,392
2708,2316,392
2709,2317,392
2710,2318,392
2712,2320,392
2713,2321,392
2714,2322,392
2716,2324,392
2717,2325,392
2718,2326,392
2719,2327,392
2720,2328,392
2722,2330,392
2723,2331,392
2724,2332,392
2725,2333,392
2726,2334,392
2727,2335,392
2728,2336,392
2729,2337,392
2731,2339,392
2732,2340,392
2733,2341,392
2734,2342,392
2735,2343,392
2736,2344,392
2737,2345,392
2738,2346,392
2740,2348,392
2741,2349,392
2742,2350,392
2743,2351,392
2744,2352,392
2745,2353,392
2746,2354,392
2747,2355,392
2749,2357,392
2750,2358,392
2751,2359,392
2752,2360,392
2753,2361,392
2754,2362,392
2755,2363,392
2756,2364,392
2758,2366,392
2759,2367,392
2760,2368,392
2761,2369,392
2762,2370,392
2763,2371,392
2764,2372,392
2765,2373,392
2767,2375,392
2768,2376,392
2769,2377,392
2770,2378,392
2771,2379,392
2772,2380,392
2773,2381,392
2774,2382,392
2776,2384,392
2777,2385,392
2778,2386,392
2779,2387,392
2780,2388,392
2781,2389,392
2782,2390,392
2783,2390,393
2785,2392,393
2786,2393,393
2787,2394,393
2788,2395,393
2789,2396,393
2790,2397,393
2791,2398,393
2792,2399,393
2794,2401,393
2795,2402,393
2796,2403,393
2797,2404,393
2798,2405,393
2799,2406,393
2800,2407,393
2801,2408,393
2803,2410,393
2804,2411,393
2805,2412,393
2806,2413,393
2807,2414,393
2808,2415,393
2809,2416,393
2810,2417,393
2812,2419,393
2813,2420,393
2814,2421,393
2815,2422,393
2816,2423,393
2817,2424,393
2818,2425,393
2819,2426,393
2821,2428,393
2822,2429,393
2823,2430,393
2824,2431,393
2825,2432,393
2826,2433,393
2827,2434,393
2828,2435,393
2830,2437,393
2831,2438,393
2832,2439,393
2833,2440,393
2834,2441,393
2835,2442,393
2836,2443,393
2837,2444,393
2839,2446,393
2840,2447,393
2841,2448,393
2842,2449,393
2843,2450,393
2844,2451,393
2845,2452,393
2846,2453,393
2848,2455,393
2849,2456,393
2850,2457,393
2851,2458,393
2852,2459,393
2853,2460,393
2854,2461,393
2855,2462,393
2857,2464,393
2858,2465,393
2859,2466,393
2860,2467,393
2861,2468,393
2862,2469,393
2863,2470,393
2865,2472,393
2866,2473,393
2867,2474,393
2869,2476,393
2870,2477,393
2871,2478,393
2872,2479,393
2873,2480,393
2874,2481,393
2875,2482,393
2876,2483,393
2877,2484,393
2878,2485,393
2880,2487,393
2881,2488,393
2882,2489,393
2883,2490,393
2884,2491,393
2885,2492,393
2887,2494,393
2888,2495,393
2889,2496,393
2890,2497,393
2891,2498,393
2892,2499,393
2893,2500,393
2895,2502,393
2896,2503,393
2897,2504,393
2898,2505,393
2899,2506,393
2900,2507,393
2901,2508,393
2903,2510,393
2904,2511,393
2905,2512,393
2906,2513,393
2907,2514,393
2908,2515,393
2909,2516,393
2911,2518,393
2912,2519,393
2913,2520,393
2914,2521,393
2915,2522,393
2916,2523,393
2917,2524,393
2919,2526,393
2920,2527,393
2921,2528,393
2922,2529,393
2923,2530,393
2924,2531,393
2925,2532,393
2927,2534,393
2928,2535,393
2929,2536,393
2930,2537,393
2931,2538,393
2932,2539,393
2933,2540,393
2935,2542,393
2936,2543,393
2937,2544,393
2938,2545,393
2939,2546,393
2940,2547,393
2941,2548,393
2942,2549,393
2944,2551,393
2945,2552,393
2946,2553,393
2947,2553,394
2948,2554,394
2950,2556,394
2951,2556,395
2953,2557,396
2954,2558,396
2955,2559,396
2956,2560,396
2957,2561,396
2958,2562,396
2959,2563,396
2961,2565,396
2962,2566,396
2963,2567,396
2964,2568,396
2966,2570,396
2967,2571,396
2968,2572,396
2969,2573,396
2970,2574,396
2972,2575,397
2973,2575,398
2974,2576,398
2975,2577,398
2977,2579,398
2978,2580,398
2979,2581,398
2980,2582,398
2981,2583,398
2982,2584,398
2984,2585,399
2985,2585,400
2987,2586,401
2988,2587,401
2989,2588,401
2990,2589,401
2991,2590,401
2992,2591,401
2993,2592,401
2995,2594,401
2996,2595,401
2997,2596,401
2998,2597,401
3000,2599,401
3001,2600,401
3002,2601,401
3003,2602,401
3004,2603,401
3006,2605,401
3007,2605,402
3008,2606,402
3009,2607,402
3011,2609,402
3012,2610,402
3013,2611,402
3015,2613,402
3016,2614,402
3017,2615,402
3018,2616,402
3019,2617,402
3020,2618,402
3021,2619,402
3022,2620,402
3024,2622,402
3025,2623,402
3026,2624,402
3027,2625,402
3029,2627,402
3030,2628,402
3031,2629,402
3032,2630,402
3034,2631,403
3035,2632,403
3036,2633,403
3037,2634,403
3038,2635,403
3039,2636,403
3040,2637,403
3041,2638,403
3042,2639,403
3044,2640,404
3045,2641,404
3046,2642,404
3048,2643,405
3050,2644,406
3051,2645,406
3052,2646,406
3054,2648,406
3055,2649,406
3056,2650,406
3058,2652,406
3059,2653,406
3060,2654,406
3061,2655,406
3062,2656,406
3063,2657,406
3064,2657,407
3065,2658,407
3066,2659,407
3067,2660,407
3068,2661,407
3069,2662,407
3070,2663,407
3071,2664,407
3072,2665,407
3073,2666,407
3075,2667,408
3076,2668,408
3077,2669,408
3078,2670,408
3079,2670,409
3080,2671,409
3081,2672,409
3083,2673,410
3085,2673,412
3086,2674,412
3087,2675,412
3088,2676,412
3090,2677,413
3091,2678,413
3092,2679,413
3093,2680,413
3094,2680,414
3095,2681,414
3096,2682,414
3098,2683,415
3099,2684,415
3101,2685,416
3102,2686,416
3104,2687,417
3105,2688,417
3106,2689,417
3108,2691,417
3109,2692,417
3111,2694,417
3113,2695,418
3114,2696,418
3115,2697,418
3117,2699,418
3118,2700,418
3119,2701,418
3121,2703,418
3123,2704,419
3125,2706,419
3126,2707,419
3128,2709,419
3129,2710,419
3131,2712,419
3132,2713,419
3133,2714,419
3134,2715,419
3136,2717,419
3137,2718,419
3138,2719,419
3139,2720,419
3141,2722,419
3142,2723,419
3143,2724,419
3145,2724,421
3146,2725,421
3148,2726,422
3149,2727,422
3150,2728,422
3151,2729,422
3152,2730,422
3154,2732,422
3156,2733,423
3157,2733,424
3158,2734,424
3159,2735,424
3160,2736,424
3162,2737,425
3163,2737,426
3165,2739,426
3166,2740,426
3167,2741,426
3168,2742,426
3170,2743,427
3171,2744,427
3172,2745,427
3173,2746,427
3175,2747,428
3176,2748,428
3178,2749,429
3179,2750,429
3181,2751,430
3183,2753,430
3184,2754,430
3186,2756,430
3187,2756,431
3189,2758,431
3190,2758,432
3191,2759,432
3192,2760,432
3193,2761,432
3195,2762,433
3196,2763,433
3197,2764,433
3198,2764,434
3199,2764,435
3200,2765,435
3201,2765,436
3202,2766,436
3203,2767,436
3204,2767,437
3206,2769,437
3207,2769,438
3209,2771,438
3210,2772,438
3212,2774,438
3213,2775,438
3214,2776,438
3216,2777,439
3218,2778,440
3219,2779,440
3220,2779,441
3222,2781,441
3223,2782,441
3225,2783,442
3226,2784,442
3227,2785,442
3229,2786,443
3231,2787,444
3232,2788,444
3234,2789,445
3235,2790,445
3236,2791,445
3237,2792,445
3239,2793,446
3240,2794,446
3241,2795,446
3242,2796,446
3243,2797,446
3244,2798,446
3246,2799,447
3247,2800,447
3248,2800,448
3249,2801,448
3251,2802,449
3252,2803,449
3253,2804,449
3254,2805,449
3255,2806,449
3257,2808,449
3258,2809,449
3260,2811,449
3261,2812,449
3263,2814,449
3264,2815,449
3265,2816,449
3267,2817,450
3268,2818,450
3269,2819,450
3271,2821,450
3273,2822,451
3275,2824,451
3276,2825,451
3277,2825,452
3278,2826,452
3280,2827,453
3281,2827,454
3282,2828,454
3283,2829,454
3284,2829,455
3286,2830,456
3288,2832,456
3289,2832,457
3290,2833,457
3291,2834,457
3292,2835,457
3293,2836,457
3295,2837,458
3297,2838,459
3298,2839,459
3299,2839,460
3300,2840,460
3301,2841,460
3302,2842,460
3303,2843,460
3304,2843,461
3305,2844,461
3306,2844,462
3307,2845,462
3308,2845,463
3309,2846,463
3310,2846,464
3312,2848,464
3313,2849,464
3315,2851,464
3316,2852,464
3317,2852,465
3318,2853,465
3320,2854,466
3321,2855,466
3322,2856,466
3323,2857,466
3324,2858,466
3325,2858,467
3327,2859,468
3329,2861,468
3330,2862,468
3331,2863,468
3332,2864,468
3333,2865,468
3335,2866,469
3336,2867,469
3337,2868,469
3338,2869,469
3339,2869,470
3341,2870,471
3342,2871,471
3343,2872,471
3344,2872,472
3345,2872,473
3347,2873,474
3348,2874,474
3350,2875,475
3351,2875,476
3352,2876,476
3354,2878,476
3355,2879,476
3356,2880,476
3358,2881,477
3359,2882,477
3360,2883,477
3361,2884,477
3363,2885,478
3364,2886,478
3366,2886,480
3367,2887,480
3368,2888,480
3369,2889,480
3370,2890,480
3372,2891,481
3373,2892,481
3374,2893,481
3375,2894,481
3376,2895,481
3378,2896,482
3379,2897,482
3380,2898,482
3381,2899,482
3382,2900,482
3384,2901,483
3385,2902,483
3386,2903,483
3387,2904,483
3388,2905,483
3390,2906,484
3391,2907,484
3392,2908,484
3393,2909,484
3394,2910,484
3396,2911,485
3397,2912,485
3398,2913,485
3399,2914,485
3400,2915,485
3402,2916,486
3403,2917,486
3404,2918,486
3405,2919,486
3406,2920,486
3408,2921,487
3409,2922,487
3410,2923,487
3411,2924,487
3412,2925,487
3414,2926,488
3415,2927,488
3416,2928,488
3417,2929,488
3418,2930,488
3420,2931,489
3421,2932,489
3422,2933,489
3423,2934,489
3424,2935,489
3426,2936,490
3427,2937,490
3428,2938,490
3429,2939,490
3430,2940,490
3432,2941,491
3433,2942,491
3434,2943,491
3435,2944,491
3436,2945,491
3438,2946,492
3439,2947,492
3440,2948,492
3441,2949,492
3442,2950,492
3444,2951,493
3445,2952,493
3446,2953,493
3447,2954,493
3448,2955,493
3450,2956,494
3451,2957,494
3452,2958,494
3453,2959,494
3454,2960,494
3456,2961,495
3457,2962,495
3458,2963,495
3459,2964,495
3461,2965,496
3462,2966,496
3464,2967,497
3465,2967,498
3466,2968,498
3468,2969,499
3470,2970,500
3471,2971,500
3472,2972,500
3473,2972,501
3474,2973,501
3476,2974,502
3477,2974,503
3478,2975,503
3479,2975,504
3480,2976,504
3482,2977,505
3483,2977,506
3484,2978,506
3485,2979,506
3486,2980,506
3488,2981,507
3489,2982,507
3490,2983,507
3491,2983,508
3492,2984,508
3494,2985,509
3495,2986,509
3496,2987,509
3497,2988,509
3498,2989,509
3500,2990,510
3501,2990,511
3502,2991,511
3504,2993,511
3506,2994,512
3508,2996,512
3509,2997,512
3511,2999,512
3512,3000,512
3514,3002,512
3515,3003,512
3517,3005,512
3518,3006,512
3519,3007,512
3520,3008,512
3521,3009,512
3522,3010,512
3524,3011,513
3525,3012,513
3526,3013,513
3528,3013,515
3530,3014,516
3531,3015,516
3532,3016,516
3533,3017,516
3535,3018,517
3536,3019,517
3537,3020,517
3538,3021,517
3539,3022,517
3540,3023,517
3542,3024,518
3543,3025,518
3544,3025,519
3545,3026,519
3546,3027,519
3548,3029,519
3549,3030,519
3550,3031,519
3552,3033,519
3553,3034,519
3555,3035,520
3556,3036,520
3558,3038,520
3560,3040,520
3561,3040,521
3562,3040,522
3563,3041,522
3565,3043,522
3566,3044,522
3568,3045,523
3569,3046,523
3570,3047,523
3571,3048,523
3572,3049,523
3573,3050,523
3575,3051,524
3576,3052,524
3577,3052,525
3578,3053,525
3579,3054,525
3581,3054,527
3582,3055,527
3583,3056,527
3585,3057,528
3586,3058,528
3587,3059,528
3589,3060,529
3590,3061,529
3592,3063,529
3593,3064,529
3595,3066,529
3597,3067,530
3598,3068,530
3599,3069,530
3600,3070,530
3601,3071,530
3602,3072,530
3604,3073,531
3606,3075,531
3607,3076,531
3608,3076,532
3609,3077,532
3610,3078,532
3611,3079,532
3612,3080,532
3613,3081,532
3614,3082,532
3616,3083,533
3617,3084,533
3618,3085,533
3619,3086,533
3621,3087,534
3622,3088,534
3623,3089,534
3624,3089,535
3626,3090,536
3628,3092,536
3630,3093,537
3632,3094,538
3633,3095,538
3635,3096,539
3636,3097,539
3637,3098,539
3638,3099,539
3639,3100,539
3641,3101,540
3642,3102,540
3644,3104,540
3645,3105,540
3647,3106,541
3648,3107,541
3649,3108,541
3650,3108,542
3651,3108,543
3653,3109,544
3654,3110,544
3655,3110,545
3656,3111,545
3657,3111,546
3659,3112,547
3661,3113,548
3662,3114,548
3663,3115,548
3664,3116,548
3665,3117,548
3666,3118,548
3667,3118,549
3669,3120,549
3670,3121,549
3671,3122,549
3672,3123,549
3673,3124,549
3675,3125,550
3676,3126,550
3678,3126,552
3679,3127,552
3681,3128,553
3682,3129,553
3684,3129,555
3685,3130,555
3687,3131,556
3688,3131,557
3689,3132,557
3690,3133,557
3692,3135,557
3694,3136,558
3695,3136,559
3696,3137,559
3697,3138,559
3698,3139,559
3699,3140,559
3700,3141,559
3701,3141,560
3703,3143,560
3704,3144,560
3705,3145,560
3706,3146,560
3707,3147,560
3709,3149,560
3710,3150,560
3711,3151,560
3713,3153,560
3714,3153,561
3715,3153,562
3716,3154,562
3718,3156,562
3719,3157,562
3720,3158,562
3722,3159,563
3723,3160,563
3725,3161,564
3726,3162,564
3728,3163,565
3730,3165,565
3731,3166,565
3733,3166,567
3734,3167,567
3735,3168,567
3736,3169,567
3738,3170,568
3739,3171,568
3740,3172,568
3741,3173,568
3742,3174,568
3744,3175,569
3745,3176,569
3747,3178,569
3748,3179,569
3750,3181,569
3752,3182,570
3753,3183,570
3754,3184,570
3755,3185,570
3756,3186,570
3757,3187,570
3758,3188,570
3760,3190,570
3761,3191,570
3762,3192,570
3763,3193,570
3764,3194,570
3766,3196,570
3767,3197,570
3768,3198,570
3770,3200,570
3771,3201,570
3773,3201,572
3774,3202,572
3776,3204,572
3777,3205,572
3778,3206,572
3780,3208,572
3781,3209,572
3783,3211,572
3784,3212,572
3785,3213,572
3786,3213,573
3787,3214,573
3788,3215,573
3789,3216,573
3791,3218,573
3792,3219,573
3793,3220,573
3794,3221,573
3795,3222,573
3797,3224,573
3798,3225,573
3799,3226,573
3800,3227,573
3801,3228,573
3802,3228,574
3804,3230,574
3805,3231,574
3806,3232,574
3807,3233,574
3808,3234,574
3809,3234,575
3811,3236,575
3812,3237,575
3813,3237,576
3815,3238,577
3817,3239,578
3818,3240,578
3819,3241,578
3820,3242,578
3821,3243,578
3822,3244,578
3823,3244,579
3825,3246,579
3826,3247,579
3827,3248,579
3828,3249,579
3829,3250,579
3831,3252,579
3832,3253,579
3833,3254,579
3835,3256,579
3836,3257,579
3837,3258,579
3838,3259,579
3839,3260,579
3840,3260,580
3842,3262,580
3843,3263,580
3844,3264,580
3846,3265,581
3847,3266,581
3848,3267,581
3850,3268,582
3851,3269,582
3852,3270,582
3853,3271,582
3854,3272,582
3855,3273,582
3856,3274,582
3857,3274,583
3859,3276,583
3860,3277,583
3861,3278,583
3863,3280,583
3864,3281,583
3865,3281,584
3867,3282,585
3869,3284,585
3870,3285,585
3871,3286,585
3872,3287,585
3873,3288,585
3874,3289,585
3875,3290,585
3876,3290,586
3878,3292,586
3879,3293,586
3880,3294,586
3882,3296,586
3883,3297,586
3884,3298,586
3886,3300,586
3888,3300,588
3889,3300,589
3890,3301,589
3891,3301,590
3892,3302,590
3894,3302,592
3896,3304,592
3898,3306,592
3899,3307,592
3900,3308,592
3901,3309,592
3902,3310,592
3904,3310,594
3905,3310,595
3906,3311,595
3907,3312,595
3909,3313,596
3911,3315,596
3912,3316,596
3913,3317,596
3914,3317,597
3915,3318,597
3916,3318,598
3917,3319,598
3918,3319,599
3919,3320,599
3920,3321,599
3922,3322,600
3923,3323,600
3925,3325,600
3926,3326,600
3927,3327,600
3929,3328,601
3931,3330,601
3932,3331,601
3933,3332,601
3934,3333,601
3935,3334,601
3937,3335,602
3939,3337,602
3940,3338,602
3941,3339,602
3942,3340,602
3943,3340,603
3944,3341,603
3945,3342,603
3946,3343,603
3947,3344,603
3949,3345,604
3950,3346,604
3951,3347,604
3952,3347,605
3953,3348,605
3954,3349,605
3956,3350,606
3957,3351,606
3958,3352,606
3959,3353,606
3960,3354,606
3961,3355,606
3962,3355,607
3963,3356,607
3965,3357,608
3966,3358,608
3968,3358,610
3969,3359,610
3970,3360,610
3971,3360,611
3972,3361,611
3974,3362,612
3975,3363,612
3977,3363,614
3979,3364,615
3980,3365,615
3981,3366,615
3982,3367,615
3984,3368,616
3985,3369,616
3986,3370,616
3987,3371,616
3989,3372,617
3990,3372,618
3991,3373,618
3993,3374,619
3994,3375,619
3995,3375,620
3996,3376,620
3997,3377,620
3998,3378,620
3999,3379,620
4000,3380,620
4001,3381,620
4002,3382,620
4003,3383,620
4004,3384,620
4006,3385,621
4008,3385,623
4009,3386,623
4011,3387,624
4013,3388,625
4014,3389,625
4015,3390,625
4016,3391,625
4018,3392,626
4019,3393,626
4020,3394,626
4022,3395,627
4024,3396,628
4025,3397,628
4026,3398,628
4027,3399,628
4029,3400,629
4030,3401,629
4032,3402,630
4033,3403,630
4035,3404,631
4036,3405,631
4038,3405,633
4039,3406,633
4040,3407,633
4042,3408,634
4043,3409,634
4044,3410,634
4046,3411,635
4047,3412,635
4049,3413,636
4050,3414,636
4052,3415,637
4053,3416,637
4055,3416,639
4056,3417,639
4058,3418,640
4059,3418,641
4060,3419,641
4061,3420,641
4063,3421,642
4064,3422,642
4065,3423,642
4067,3425,642
4068,3426,642
4070,3428,642
4072,3428,644
4073,3429,644
4074,3430,644
4076,3431,645
4077,3432,645
4078,3433,645
4080,3435,645
4081,3436,645
4083,3438,645
4084,3439,645
4085,3440,645
4086,3441,645
4088,3442,646
4089,3443,646
4090,3444,646
4092,3446,646
4093,3447,646
4095,3449,646
4096,3449,647
4097,3450,647
4098,3451,647
4100,3452,648
4101,3453,648
4102,3454,648
4104,3456,648
4105,3457,648
4107,3459,648
4108,3459,649
4109,3460,649
4110,3461,649
4112,3462,650
4113,3463,650
4114,3464,650
4116,3466,650
4117,3467,650
4119,3469,650
4121,3471,650
4122,3472,650
4123,3473,650
4125,3474,651
4126,3475,651
4127,3476,651
4129,3478,651
4130,3479,651
4132,3481,651
4134,3482,652
4135,3483,652
4136,3484,652
4138,3485,653
4139,3486,653
4140,3487,653
4142,3489,653
4143,3490,653
4144,3491,653
4145,3492,653
4146,3493,653
4147,3494,653
4149,3495,654
4150,3496,654
4151,3497,654
4152,3498,654
4153,3498,655
4154,3499,655
4155,3500,655
4157,3501,656
4158,3501,657
4159,3502,657
4160,3503,657
4162,3504,658
4163,3505,658
4164,3506,658
4165,3507,658
4166,3508,658
4168,3509,659
4169,3510,659
4170,3511,659
4172,3512,660
4173,3513,660
4174,3514,660
4176,3516,660
4177,3517,660
4179,3519,660
4180,3519,661
4181,3520,661
4182,3521,661
4184,3522,662
4185,3523,662
4186,3524,662
4188,3526,662
4189,3527,662
4191,3529,662
4193,3530,663
4194,3531,663
4195,3532,663
4197,3533,664
4198,3534,664
4199,3535,664
4201,3537,664
4202,3538,664
4204,3540,664
4206,3541,665
4207,3542,665
4208,3543,665
4210,3544,666
4211,3545,666
4212,3546,666
4214,3548,666
4215,3549,666
4217,3551,666
4218,3552,666
4219,3553,666
4220,3554,666
4222,3555,667
4223,3556,667
4224,3557,667
4226,3559,667
4227,3560,667
4229,3562,667
4230,3562,668
4231,3563,668
4232,3564,668
4234,3565,669
4235,3566,669
4236,3567,669
4238,3569,669
4239,3570,669
4241,3572,669
4242,3572,670
4243,3573,670
4244,3574,670
4246,3575,671
4247,3576,671
4248,3577,671
4250,3579,671
4251,3580,671
4253,3582,671
4255,3584,671
4256,3585,671
4257,3586,671
4259,3587,672
4260,3588,672
4261,3589,672
4263,3591,672
4264,3592,672
4266,3594,672
4268,3595,673
4269,3596,673
4270,3597,673
4272,3598,674
4273,3599,674
4274,3600,674
4276,3602,674
4277,3603,674
4279,3605,674
4280,3605,675
4281,3606,675
4282,3607,675
4284,3608,676
4285,3609,676
4286,3610,676
4288,3612,676
4289,3613,676
4291,3615,676
4292,3616,676
4293,3617,676
4294,3618,676
4296,3619,677
4297,3620,677
4298,3621,677
4300,3623,677
4301,3624,677
4303,3626,677
4305,3628,677
4306,3629,677
4307,3630,677
4309,3631,678
4310,3632,678
4311,3633,678
4313,3635,678
4314,3636,678
4316,3638,678
4317,3639,678
4318,3640,678
4319,3641,678
4321,3642,679
4322,3643,679
4323,3644,679
4325,3646,679
4326,3647,679
4327,3648,679
4328,3649,679
4329,3650,679
4330,3651,679
4331,3652,679
4332,3653,679
4333,3654,679
4335,3656,679
4336,3656,680
4337,3657,680
4338,3658,680
4340,3659,681
4341,3660,681
4342,3661,681
4344,3663,681
4345,3664,681
4346,3665,681
4347,3666,681
4348,3667,681
4349,3668,681
4350,3669,681
4351,3670,681
4352,3671,681
4354,3673,681
4356,3674,682
4357,3675,682
4358,3676,682
4360,3677,683
4361,3678,683
4362,3679,683
4364,3681,683
4365,3682,683
4366,3683,683
4367,3684,683
4368,3685,683
4369,3686,683
4370,3687,683
4371,3688,683
4372,3689,683
4374,3691,683
4375,3691,684
4376,3692,684
4377,3693,684
4379,3694,685
4380,3695,685
4381,3696,685
4382,3696,686
4384,3698,686
4385,3699,686
4386,3700,686
4388,3700,688
4390,3701,689
4391,3702,689
4392,3703,689
4393,3704,689
4394,3705,689
4396,3706,690
4397,3707,690
4398,3708,690
4399,3709,690
4401,3710,691
4402,3711,691
4403,3712,691
4404,3713,691
4405,3714,691
4407,3715,692
4409,3716,693
4410,3717,693
4411,3718,693
4412,3718,694
4414,3718,696
4415,3719,696
4417,3720,697
4419,3720,699
4420,3721,699
4421,3722,699
4422,3722,700
4423,3723,700
4424,3724,700
4425,3725,700
4426,3726,700
4427,3727,700
4428,3728,700
4430,3730,700
4431,3731,700
4432,3732,700
4433,3732,701
4434,3733,701
4435,3733,702
4436,3734,702
4437,3734,703
4438,3735,703
4440,3737,703
4442,3739,703
4443,3740,703
4444,3741,703
4445,3742,703
4446,3743,703
4448,3745,703
4449,3746,703
4450,3747,703
4451,3748,703
4452,3749,703
4453,3750,703
4455,3752,703
4456,3752,704
4457,3753,704
4459,3755,704
4461,3757,704
4462,3758,704
4464,3760,704
4465,3761,704
4466,3762,704
4467,3763,704
4468,3764,704
4470,3765,705
4471,3766,705
4472,3767,705
4473,3768,705
4474,3769,705
4476,3770,706
4477,3770,707
4479,3771,708
4480,3772,708
4481,3773,708
4483,3773,710
4484,3774,710
4485,3774,711
4486,3775,711
4487,3776,711
4489,3778,711
4490,3779,711
4492,3781,711
4493,3782,711
4495,3784,711
4496,3785,711
4498,3787,711
4499,3788,711
4501,3790,711
4503,3791,712
4504,3792,712
4506,3794,712
4507,3795,712
4509,3796,713
4510,3796,714
4511,3797,714
4512,3798,714
4514,3798,716
4515,3798,717
4516,3799,717
4517,3800,717
4518,3801,717
4520,3802,718
4522,3803,719
4523,3804,719
4525,3805,720
4526,3806,720
4527,3807,720
4528,3808,720
4530,3809,721
4531,3810,721
4532,3811,721
4533,3812,721
4534,3813,721
4535,3814,721
4536,3815,721
4538,3816,722
4539,3817,722
4540,3818,722
4541,3819,722
4542,3820,722
4543,3820,723
4544,3821,723
4546,3822,724
4547,3823,724
4548,3824,724
4549,3825,724
4550,3826,724
4551,3827,724
4553,3829,724
4554,3830,724
4555,3831,724
4556,3832,724
4557,3833,724
4558,3834,724
4559,3835,724
4561,3837,724
4562,3838,724
4563,3839,724
4564,3840,724
4565,3841,724
4567,3842,725
4568,3843,725
4569,3844,725
4570,3845,725
4571,3846,725
4572,3847,725
4574,3849,725
4575,3850,725
4576,3851,725
4577,3852,725
4578,3853,725
4580,3855,725
4581,3856,725
4582,3857,725
4583,3858,725
4584,3859,725
4585,3860,725
4587,3862,725
4588,3863,725
4589,3864,725
4590,3865,725
4591,3866,725
4592,3867,725
4593,3868,725
4595,3870,725
4596,3871,725
4597,3872,725
4598,3873,725
4599,3874,725
4600,3875,725
4601,3876,725
4603,3878,725
4604,3879,725
4605,3880,725
4606,3881,725
4607,3881,726
4608,3882,726
4609,3882,727
4610,3883,727
4612,3885,727
4614,3886,728
4616,3888,728
4617,3889,728
4619,3891,728
4620,3892,728
4622,3894,728
4623,3895,728
4625,3897,728
4626,3898,728
4627,3899,728
4628,3900,728
4629,3901,728
4630,3902,728
4631,3903,728
4632,3904,728
4633,3905,728
4635,3906,729
4636,3907,729
4637,3908,729
4638,3909,729
4640,3910,730
4641,3911,730
4643,3911,732
4644,3912,732
4645,3913,732
4646,3914,732
4647,3914,733
4648,3915,733
4649,3916,733
4650,3917,733
4652,3918,734
4653,3919,734
4655,3921,734
4656,3922,734
4658,3924,734
4659,3925,734
4661,3927,734
4662,3928,734
4664,3930,734
4665,3931,734
4667,3933,734
4668,3934,734
4670,3935,735
4672,3937,735
4673,3938,735
4674,3939,735
4676,3940,736
4678,3942,736
4679,3943,736
4681,3945,736
4682,3945,737
4684,3947,737
4685,3948,737
4686,3949,737
4688,3951,737
4689,3952,737
4691,3954,737
4692,3955,737
4693,3956,737
4694,3957,737
4695,3958,737
4696,3959,737
4698,3960,738
4699,3961,738
4700,3962,738
4701,3963,738
4702,3964,738
4704,3966,738
4706,3967,739
4707,3968,739
4708,3969,739
4709,3970,739
4710,3971,739
4712,3972,740
4713,3973,740
4714,3974,740
4715,3975,740
4716,3976,740
4717,3977,740
4718,3978,740
4719,3979,740
4720,3979,741
4722,3980,742
4724,3981,743
4725,3982,743
4726,3983,743
4727,3984,743
4729,3984,745
4730,3985,745
4731,3986,745
4733,3988,745
4734,3988,746
4735,3989,746
4736,3990,746
4737,3991,746
4738,3991,747
4739,3992,747
4740,3993,747
4741,3993,748
4742,3994,748
4744,3995,749
4746,3997,749
4747,3998,749
4749,3999,750
4750,3999,751
4752,4000,752
4753,4001,752
4754,4002,752
4755,4003,752
4756,4004,752
4758,4005,753
4759,4006,753
4760,4007,753
4761,4008,753
4763,4009,754
4764,4010,754
4765,4011,754
4766,4011,755
4767,4012,755
4768,4012,756
4769,4013,756
4770,4014,756
4771,4015,756
4773,4016,757
4774,4017,757
4775,4018,757
4777,4020,757
4778,4021,757
4779,4022,757
4780,4023,757
4782,4025,757
4783,4026,757
4785,4027,758
4786,4028,758
4787,4029,758
4788,4030,758
4790,4031,759
4791,4032,759
4792,4033,759
4794,4035,759
4796,4036,760
4798,4038,760
4799,4039,760
4800,4040,760
4801,4041,760
4802,4042,760
4804,4043,761
4805,4044,761
4806,4045,761
4808,4047,761
4809,4048,761
4811,4049,762
4812,4050,762
4813,4051,762
4814,4052,762
4815,4053,762
4817,4054,763
4818,4055,763
4820,4057,763
4821,4058,763
4822,4059,763
4823,4060,763
4825,4061,764
4826,4062,764
4827,4063,764
4828,4063,765
4829,4064,765
4830,4065,765
4831,4065,766
4832,4066,766
4833,4067,766
4834,4068,766
4835,4069,766
4837,4070,767
4838,4071,767
4839,4072,767
4840,4073,767
4841,4074,767
4842,4075,767
4843,4076,767
4844,4077,767
4846,4078,768
4847,4079,768
4848,4080,768
4849,4081,768
4850,4082,768
4852,4083,769
4854,4083,771
4855,4084,771
4856,4085,771
4857,4086,771
4858,4087,771
4860,4089,771
4861,4090,771
4862,4091,771
4863,4092,771
4864,4093,771
4865,4094,771
4866,4095,771
4868,4097,771
4869,4098,771
4871,4100,771
4872,4101,771
4874,4103,771
4875,4104,771
4876,4105,771
4878,4107,771
4880,4109,771
4881,4110,771
4882,4111,771
4883,4112,771
4885,4114,771
4886,4115,771
4887,4116,771
4888,4117,771
4890,4119,771
4891,4120,771
4892,4121,771
4893,4122,771
4894,4123,771
4895,4124,771
4897,4126,771
4898,4127,771
4899,4128,771
4900,4129,771
4902,4131,771
4903,4132,771
4904,4133,771
4905,4134,771
4906,4135,771
4908,4137,771
4909,4138,771
4911,4140,771
4912,4141,771
4914,4143,771
4916,4144,772
4917,4145,772
4918,4146,772
4919,4147,772
4920,4148,772
4921,4149,772
4922,4150,772
4924,4151,773
4925,4152,773
4926,4153,773
4927,4154,773
4928,4155,773
4930,4156,774
4931,4157,774
4932,4158,774
4933,4158,775
4934,4159,775
4935,4159,776
4937,4160,777
4938,4161,777
4939,4162,777
4940,4163,777
4941,4164,777
4943,4165,778
4944,4166,778
4945,4167,778
4947,4169,778
4948,4170,778
4950,4172,778
4951,4173,778
4953,4175,778
4954,4175,779
4955,4176,779
4956,4177,779
4957,4178,779
4958,4179,779
4959,4179,780
4961,4180,781
4962,4180,782
4963,4181,782
4964,4182,782
4965,4183,782
4966,4184,782
4967,4185,782
4968,4186,782
4970,4187,783
4971,4188,783
4972,4189,783
4973,4190,783
4974,4191,783
4975,4192,783
4976,4192,784
4977,4193,784
4978,4193,785
4979,4194,785
4980,4194,786
4981,4195,786
4983,4197,786
4985,4198,787
4986,4199,787
4987,4200,787
4989,4201,788
4991,4203,788
4992,4204,788
4993,4205,788
4994,4206,788
4995,4207,788
4996,4208,788
4997,4208,789
4999,4210,789
5000,4211,789
5001,4212,789
5002,4213,789
5003,4214,789
5004,4215,789
5005,4216,789
5006,4217,789
5007,4218,789
5008,4219,789
5009,4220,789
5010,4221,789
5011,4222,789
5012,4223,789
5014,4225,789
5015,4226,789
5016,4227,789
5017,4228,789
5019,4230,789
5020,4231,789
5022,4232,790
5024,4234,790
5025,4235,790
5026,4236,790
5027,4237,790
5028,4238,790
5029,4239,790
5030,4240,790
5031,4241,790
5033,4243,790
5035,4245,790
5036,4246,790
5037,4247,790
5038,4248,790
5039,4249,790
5040,4250,790
5042,4252,790
5044,4254,790
5045,4255,790
5046,4256,790
5047,4257,790
5048,4258,790
5049,4259,790
5050,4260,790
5051,4261,790
5052,4262,790
5053,4263,790
5054,4264,790
5056,4266,790
5057,4267,790
5058,4268,790
5060,4269,791
5061,4270,791
5063,4272,791
5064,4273,791
5065,4274,791
5066,4275,791
5067,4276,791
5068,4277,791
5069,4278,791
5071,4280,791
5072,4281,791
5073,4282,791
5074,4283,791
5075,4284,791
5076,4285,791
5077,4286,791
5078,4287,791
5079,4288,791
5080,4289,791
5081,4290,791
5082,4291,791
5083,4292,791
5084,4293,791
5086,4295,791
5087,4296,791
5088,4297,791
5089,4298,791
5090,4299,791
5092,4300,792
5093,4301,792
5094,4302,792
5095,4303,792
5096,4304,792
5097,4305,792
5098,4306,792
5099,4307,792
5101,4308,793
5102,4309,793
5103,4310,793
5104,4311,793
5105,4312,793
5106,4313,793
5107,4313,794
5108,4314,794
5109,4315,794
5110,4316,794
5112,4317,795
5113,4318,795
5114,4319,795
5115,4320,795
5117,4321,796
5118,4322,796
5120,4323,797
5121,4324,797
5122,4325,797
5124,4326,798
5125,4327,798
5127,4328,799
5128,4329,799
5129,4330,799
5131,4332,799
5132,4333,799
5134,4334,800
5135,4335,800
5136,4336,800
5138,4338,800
5139,4339,800
5141,4341,800
5142,4342,800
5143,4343,800
5145,4345,800
5146,4346,800
5147,4347,800
5148,4348,800
5149,4349,800
5150,4350,800
5152,4351,801
5153,4352,801
5154,4353,801
5155,4354,801
5157,4355,802
5158,4356,802
5159,4357,802
5160,4358,802
5161,4359,802
5163,4360,803
5164,4361,803
5165,4362,803
5166,4363,803
5167,4364,803
5169,4366,803
5171,4367,804
5172,4368,804
5173,4369,804
5175,4371,804
5176,4372,804
5178,4373,805
5179,4374,805
5180,4375,805
5182,4377,805
5184,4379,805
5185,4380,805
5186,4381,805
5188,4382,806
5189,4383,806
5191,4385,806
5192,4386,806
5193,4387,806
5194,4388,806
5195,4389,806
5196,4390,806
5197,4391,806
5198,4392,806
5199,4393,806
5200,4394,806
5201,4395,806
5202,4396,806
5204,4397,807
5205,4398,807
5206,4399,807
5207,4400,807
5209,4402,807
5210,4403,807
5211,4404,807
5212,4405,807
5213,4406,807
5215,4408,807
5216,4409,807
5217,4410,807
5218,4411,807
5219,4412,807
5221,4414,807
5223,4416,807
5224,4417,807
5225,4418,807
5227,4420,807
5228,4421,807
5230,4423,807
5231,4424,807
5232,4425,807
5233,4426,807
5234,4427,807
5235,4428,807
5236,4429,807
5237,4430,807
5238,4431,807
5240,4433,807
5242,4435,807
5243,4436,807
5244,4437,807
5246,4439,807
5247,4440,807
5249,4442,807
5250,4443,807
5251,4444,807
5252,4445,807
5253,4446,807
5254,4447,807
5256,4449,807
5257,4450,807
5258,4451,807
5259,4452,807
5260,4453,807
5261,4454,807
5263,4455,808
5264,4456,808
5265,4457,808
5266,4458,808
5268,4459,809
5269,4460,809
5270,4461,809
5271,4462,809
5272,4463,809
5273,4463,810
5274,4464,810
5275,4465,810
5276,4466,810
5277,4467,810
5278,4468,810
5280,4469,811
5281,4470,811
5283,4471,812
5284,4472,812
5285,4473,812
5286,4474,812
5287,4475,812
5288,4476,812
5289,4477,812
5291,4478,813
5292,4479,813
5293,4480,813
5294,4481,813
5295,4482,813
5296,4483,813
5297,4484,813
5298,4485,813
5300,4487,813
5301,4488,813
5302,4489,813
5303,4490,813
5304,4491,813
5305,4492,813
5307,4493,814
5309,4495,814
5310,4496,814
5311,4497,814
5312,4498,814
5313,4499,814
5314,4500,814
5315,4501,814
5316,4502,814
5317,4503,814
5319,4505,814
5320,4506,814
5321,4507,814
5323,4509,814
5324,4510,814
5326,4512,814
5327,4513,814
5329,4515,814
5330,4516,814
5332,4518,814
5333,4519,814
5335,4520,815
5336,4521,815
5337,4522,815
5339,4524,815
5340,4525,815
5341,4526,815
5342,4527,815
5343,4528,815
5344,4529,815
5345,4530,815
5347,4532,815
5348,4533,815
5350,4535,815
5351,4536,815
5353,4538,815
5354,4539,815
5355,4540,815
5357,4542,815
5359,4544,815
5360,4545,815
5361,4546,815
5362,4547,815
5364,4549,815
5365,4550,815
5366,4551,815
5367,4552,815
5369,4554,815
5370,4555,815
5371,4556,815
5372,4557,815
5373,4558,815
5374,4559,815
5376,4561,815
5377,4562,815
5378,4563,815
5379,4564,815
5381,4566,815
5382,4567,815
5383,4568,815
5384,4569,815
5385,4570,815
5387,4572,815
5388,4573,815
5390,4575,815
5391,4576,815
5393,4578,815
5394,4579,815
5396,4580,816
5397,4580,817
5398,4581,817
5399,4582,817
5401,4583,818
5403,4585,818
5404,4586,818
5405,4587,818
5407,4589,818
5409,4590,819
5410,4591,819
5412,4593,819
5413,4594,819
5414,4595,819
5416,4596,820
5417,4597,820
5418,4598,820
5419,4599,820
5421,4600,821
5423,4602,821
5424,4603,821
5425,4604,821
5426,4605,821
5427,4606,821
5428,4607,821
5429,4608,821
5431,4610,821
5432,4611,821
5434,4613,821
5435,4614,821
5437,4616,821
5438,4617,821
5439,4618,821
5441,4620,821
5443,4622,821
5444,4623,821
5445,4624,821
5446,4625,821
5448,4627,821
5449,4628,821
5450,4629,821
5451,4630,821
5453,4632,821
5454,4633,821
5455,4634,821
5456,4635,821
5457,4636,821
5458,4637,821
5460,4639,821
5461,4640,821
5462,4641,821
5463,4642,821
5465,4644,821
5466,4645,821
5467,4646,821
5468,4647,821
5469,4648,821
5471,4650,821
5472,4651,821
5474,4653,821
5475,4654,821
5477,4656,821
5478,4657,821
5479,4658,821
5480,4658,822
5481,4659,822
5483,4660,823
5484,4661,823
5485,4662,823
5487,4664,823
5489,4665,824
5490,4666,824
5492,4667,825
5494,4668,826
5496,4668,828
5497,4669,828
5498,4670,828
5499,4671,828
5501,4672,829
5503,4673,830
5504,4674,830
5505,4675,830
5507,4676,831
5508,4677,831
5509,4678,831
5510,4679,831
5512,4680,832
5513,4681,832
5515,4682,833
5516,4683,833
5518,4685,833
5519,4686,833
5521,4688,833
5522,4689,833
5523,4690,833
5525,4692,833
5527,4693,834
5528,4694,834
5529,4695,834
5531,4697,834
5532,4697,835
5533,4698,835
5534,4699,835
5535,4700,835
5537,4701,836
5538,4702,836
5539,4703,836
5540,4704,836
5542,4705,837
5544,4705,839
5545,4706,839
5546,4707,839
5547,4707,840
5548,4708,840
5550,4709,841
5552,4710,842
5553,4711,842
5555,4713,842
5556,4714,842
5558,4715,843
5559,4716,843
5560,4717,843
5561,4718,843
5563,4720,843
5565,4721,844
5566,4722,844
5567,4723,844
5569,4724,845
5570,4725,845
5572,4726,846
5574,4727,847
5575,4728,847
5577,4728,849
5578,4729,849
5579,4730,849
5581,4731,850
5582,4732,850
5583,4733,850
5584,4734,850
5586,4734,852
5587,4735,852
5589,4736,853
5590,4737,853
5592,4738,854
5593,4738,855
5594,4739,855
5595,4740,855
5597,4741,856
5599,4743,856
5600,4744,856
5601,4745,856
5602,4746,856
5604,4748,856
5606,4749,857
5607,4750,857
5609,4752,857
5611,4754,857
5612,4755,857
5613,4756,857
5615,4758,857
5616,4759,857
5617,4760,857
5618,4761,857
5619,4762,857
5621,4764,857
5622,4765,857
5623,4766,857
5624,4767,857
5626,4769,857
5628,4770,858
5629,4771,858
5630,4772,858
5631,4773,858
5632,4774,858
5634,4776,858
5636,4777,859
5637,4778,859
5639,4780,859
5640,4781,859
5642,4783,859
5643,4784,859
5644,4785,859
5645,4786,859
5647,4788,859
5649,4790,859
5650,4791,859
5651,4792,859
5653,4793,860
5654,4794,860
5655,4795,860
5657,4797,860
5658,4798,860
5660,4798,862
5661,4799,862
5662,4800,862
5664,4802,862
5665,4803,862
5666,4804,862
5667,4805,862
5668,4806,862
5669,4807,862
5671,4808,863
5672,4809,863
5674,4811,863
5675,4811,864
5676,4812,864
5677,4813,864
5679,4815,864
5681,4817,864
5682,4818,864
5683,4819,864
5684,4820,864
5686,4822,864
5688,4824,864
5689,4825,864
5691,4827,864
5693,4829,864
5694,4830,864
5695,4831,864
5697,4833,864
5698,4834,864
5699,4835,864
5700,4836,864
5701,4837,864
5703,4839,864
5704,4840,864
5705,4841,864
5706,4842,864
5708,4844,864
5710,4846,864
5711,4847,864
5712,4848,864
5713,4849,864
5714,4850,864
5716,4852,864
5718,4853,865
5719,4854,865
5721,4856,865
5722,4857,865
5724,4859,865
5725,4860,865
5726,4861,865
5727,4862,865
5729,4864,865
5731,4866,865
5732,4867,865
5733,4868,865
5735,4869,866
5736,4870,866
5738,4872,866
5740,4874,866
5741,4875,866
5743,4875,868
5744,4876,868
5745,4877,868
5747,4879,868
5748,4880,868
5749,4881,868
5750,4882,868
5752,4883,869
5753,4884,869
5755,4885,870
5756,4886,870
5758,4888,870
5759,4889,870
5760,4890,870
5761,4891,870
5763,4893,870
5765,4895,870
5766,4896,870
5767,4897,870
5768,4898,870
5770,4900,870
5772,4902,870
5773,4903,870
5775,4905,870
5777,4907,870
5778,4908,870
5779,4909,870
5781,4911,870
5782,4912,870
5783,4913,870
5784,4914,870
5785,4915,870
5787,4917,870
5788,4918,870
5789,4919,870
5790,4920,870
5792,4922,870
5794,4923,871
5795,4924,871
5796,4925,871
5797,4926,871
5798,4927,871
5800,4929,871
5802,4930,872
5803,4931,872
5805,4933,872
5806,4934,872
5808,4936,872
5809,4937,872
5810,4937,873
5811,4938,873
5812,4939,873
5814,4941,873
5816,4942,874
5817,4942,875
5818,4943,875
5819,4944,875
5821,4945,876
5822,4946,876
5824,4947,877
5825,4948,877
5827,4949,878
5828,4950,878
5829,4951,878
5830,4952,878
5831,4953,878
5833,4954,879
5834,4955,879
5835,4956,879
5836,4957,879
5837,4957,880
5838,4957,881
5840,4958,882
5841,4958,883
5842,4959,883
5843,4960,883
5844,4960,884
5845,4960,885
5847,4961,886
5848,4961,887
5850,4963,887
5851,4964,887
5853,4965,888
5854,4966,888
5855,4967,888
5856,4968,888
5857,4969,888
5859,4970,889
5860,4971,889
5862,4973,889
5863,4973,890
5864,4974,890
5865,4975,890
5866,4976,890
5868,4977,891
5869,4978,891
5870,4979,891
5872,4980,892
5873,4981,892
5875,4983,892
5876,4984,892
5877,4985,892
5879,4986,893
5880,4987,893
5881,4988,893
5882,4989,893
5884,4990,894
5885,4991,894
5886,4991,895
5888,4992,896
5890,4993,897
5891,4994,897
5892,4995,897
5893,4996,897
5895,4997,898
5896,4998,898
5898,5000,898
5899,5001,898
5900,5002,898
5902,5003,899
5903,5004,899
5904,5005,899
5905,5006,899
5907,5007,900
5909,5009,900
5910,5010,900
5911,5011,900
5912,5012,900
5914,5013,901
5915,5014,901
5916,5015,901
5917,5016,901
5919,5017,902
5920,5018,902
5921,5019,902
5923,5020,903
5924,5021,903
5925,5022,903
5926,5023,903
5928,5024,904
5930,5026,904
5931,5027,904
5933,5029,904
5934,5030,904
5936,5032,904
5937,5033,904
5939,5034,905
5941,5036,905
5942,5037,905
5943,5038,905
5944,5039,905
5946,5041,905
5948,5042,906
5949,5043,906
5951,5045,906
5952,5046,906
5954,5048,906
5956,5049,907
5957,5050,907
5959,5052,907
5960,5053,907
5961,5054,907
5963,5055,908
5964,5056,908
5965,5057,908
5966,5058,908
5967,5059,908
5969,5061,908
5971,5062,909
5972,5063,909
5973,5064,909
5974,5065,909
5976,5066,910
5977,5067,910
5978,5068,910
5979,5069,910
5981,5070,911
5982,5071,911
5983,5072,911
5984,5073,911
5986,5074,912
5987,5075,912
5988,5076,912
5989,5077,912
5991,5078,913
5992,5079,913
5993,5080,913
5994,5081,913
5996,5082,914
5997,5083,914
5998,5084,914
5999,5085,914
6001,5087,914
6002,5088,914
6003,5089,914
6005,5090,915
6007,5092,915
6008,5093,915
6009,5094,915
6011,5096,915
6012,5097,915
6013,5098,915
6014,5099,915
6016,5101,915
6017,5102,915
6018,5103,915
6019,5104,915
6021,5106,915
6022,5107,915
6023,5108,915
6025,5109,916
6026,5110,916
6028,5112,916
6029,5113,916
6030,5114,916
6031,5115,916
6033,5116,917
6035,5118,917
6036,5119,917
6038,5121,917
6039,5122,917
6041,5124,917
6043,5125,918
6044,5126,918
6045,5127,918
6046,5128,918
6048,5129,919
6049,5130,919
6050,5131,919
6051,5132,919
6052,5133,919
6054,5134,920
6055,5135,920
6056,5136,920
6057,5137,920
6059,5138,921
6060,5138,922
6062,5140,922
6063,5141,922
6065,5143,922
6066,5144,922
6068,5146,922
6070,5147,923
6072,5149,923
6073,5150,923
6074,5151,923
6075,5152,923
6077,5153,924
6078,5153,925
6079,5154,925
6080,5155,925
6082,5157,925
6084,5158,926
6086,5160,926
6087,5161,926
6089,5163,926
6090,5164,926
6092,5166,926
6093,5167,926
6095,5168,927
6096,5169,927
6097,5170,927
6099,5171,928
6100,5172,928
6101,5173,928
6102,5174,928
6103,5175,928
6105,5176,929
6106,5177,929
6107,5178,929
6108,5179,929
6109,5180,929
6111,5182,929
6112,5183,929
6114,5184,930
6115,5185,930
6116,5186,930
6117,5187,930
6119,5188,931
6120,5189,931
6121,5190,931
6122,5191,931
6123,5192,931
6124,5193,931
6125,5194,931
6126,5194,932
6127,5195,932
6128,5196,932
6129,5197,932
6130,5198,932
6132,5199,933
6133,5200,933
6134,5201,933
6136,5202,934
6137,5203,934
6138,5204,934
6139,5205,934
6140,5206,934
6141,5207,934
6142,5208,934
6143,5209,934
6145,5210,935
6146,5211,935
6147,5212,935
6148,5213,935
6149,5214,935
6150,5215,935
6151,5216,935
6152,5217,935
6154,5219,935
6155,5220,935
6156,5221,935
6157,5222,935
6158,5223,935
6159,5224,935
6160,5225,935
6161,5226,935
6163,5228,935
6164,5229,935
6165,5230,935
6166,5231,935
6167,5232,935
6168,5233,935
6169,5234,935
6170,5235,935
6172,5237,935
6173,5238,935
6174,5239,935
6175,5240,935
6176,5241,935
6177,5242,935
6178,5243,935
6179,5244,935
6181,5246,935
6182,5247,935
6184,5248,936
6185,5249,936
6186,5250,936
6187,5251,936
6188,5252,936
6190,5253,937
6191,5254,937
6192,5255,937
6194,5257,937
6195,5258,937
6197,5260,937
6198,5261,937
6200,5263,937
6202,5264,938
6204,5266,938
6205,5267,938
6206,5268,938
6207,5269,938
6208,5270,938
6209,5271,938
6210,5272,938
6212,5273,939
6213,5274,939
6214,5275,939
6215,5276,939
6216,5277,939
6217,5278,939
6218,5279,939
6220,5281,939
6222,5282,940
6224,5284,940
6225,5285,940
6227,5287,940
6228,5288,940
6230,5290,940
6231,5291,940
6232,5292,940
6234,5293,941
6235,5294,941
6236,5295,941
6237,5296,941
6238,5297,941
6239,5298,941
6240,5299,941
6242,5300,942
6243,5301,942
6244,5302,942
6246,5303,943
6247,5304,943
6248,5305,943
6249,5306,943
6250,5307,943
6251,5308,943
6252,5309,943
6254,5311,943
6255,5312,943
6256,5313,943
6257,5314,943
6258,5315,943
6259,5316,943
6260,5317,943
6261,5318,943
6262,5319,943
6263,5320,943
6264,5321,943
6265,5322,943
6266,5323,943
6267,5324,943
6268,5325,943
6269,5326,943
6270,5327,943
6272,5328,944
6273,5329,944
6274,5330,944
6275,5331,944
6276,5332,944
6278,5333,945
6279,5334,945
6280,5335,945
6281,5336,945
6283,5337,946
6284,5338,946
6285,5339,946
6286,5340,946
6287,5341,946
6288,5342,946
6289,5343,946
6291,5344,947
6292,5345,947
6293,5346,947
6295,5348,947
6296,5349,947
6297,5350,947
6298,5351,947
6299,5352,947
6300,5353,947
6301,5354,947
6303,5356,947
6304,5357,947
6305,5358,947
6307,5360,947
6308,5361,947
6309,5362,947
6310,5363,947
6311,5364,947
6312,5365,947
6313,5366,947
6315,5368,947
6316,5369,947
6317,5370,947
6319,5372,947
6320,5373,947
6321,5374,947
6322,5375,947
6323,5376,947
6324,5377,947
6325,5378,947
6327,5380,947
6328,5381,947
6329,5382,947
6331,5384,947
6332,5385,947
6333,5386,947
6334,5387,947
6335,5388,947
6336,5389,947
6337,5390,947
6339,5392,947
6340,5393,947
6341,5394,947
6343,5396,947
6344,5397,947
6345,5398,947
6346,5399,947
6347,5400,947
6348,5401,947
6349,5402,947
6351,5404,947
6352,5405,947
6353,5406,947
6355,5408,947
6356,5409,947
6357,5410,947
6358,5411,947
6359,5412,947
6360,5413,947
6361,5414,947
6363,5416,947
6364,5417,947
6365,5418,947
6367,5420,947
6368,5421,947
6369,5422,947
6370,5423,947
6371,5424,947
6372,5425,947
6373,5426,947
6375,5428,947
6376,5429,947
6377,5430,947
6379,5432,947
6380,5433,947
6381,5434,947
6382,5435,947
6383,5436,947
6384,5437,947
6385,5438,947
6387,5440,947
6388,5441,947
6389,5442,947
6391,5444,947
6392,5445,947
6393,5446,947
6394,5447,947
6395,5448,947
6396,5449,947
6397,5450,947
6399,5452,947
6400,5453,947
6401,5454,947
6403,5456,947
6404,5457,947
6405,5458,947
6406,5459,947
6407,5460,947
6408,5461,947
6409,5462,947
6411,5464,947
6412,5465,947
6413,5466,947
6415,5468,947
6416,5469,947
6417,5470,947
6418,5471,947
6419,5472,947
6420,5473,947
6421,5474,947
6423,5476,947
6424,5477,947
6425,5478,947
6427,5480,947
6428,5481,947
6429,5482,947
6430,5483,947
6431,5484,947
6432,5485,947
6433,5486,947
6435,5488,947
6436,5489,947
6437,5490,947
6439,5492,947
6440,5493,947
6441,5494,947
6442,5495,947
6443,5496,947
6444,5497,947
6445,5498,947
6447,5500,947
6448,5501,947
6449,5502,947
6451,5504,947
6452,5505,947
6453,5506,947
6454,5507,947
6455,5508,947
6456,5509,947
6457,5510,947
6459,5512,947
6460,5513,947
6461,5514,947
6463,5516,947
6464,5517,947
6465,5518,947
6466,5519,947
6467,5520,947
6468,5521,947
6469,5522,947
6471,5524,947
6472,5525,947
6473,5526,947
6475,5528,947
6476,5529,947
6477,5530,947
6478,5531,947
6479,5532,947
6480,5533,947
6481,5534,947
6483,5536,947
6484,5537,947
6485,5538,947
6487,5540,947
6488,5541,947
6489,5542,947
6490,5543,947
6491,5544,947
6492,5545,947
6493,5546,947
6495,5548,947
6496,5549,947
6497,5550,947
6499,5552,947
6500,5553,947
6501,5554,947
6502,5555,947
6503,5556,947
6504,5557,947
6505,5558,947
6507,5560,947
6508,5561,947
6509,5562,947
6511,5564,947
6512,5565,947
6513,5566,947
6514,5567,947
6515,5568,947
6516,5569,947
6517,5570,947
6519,5572,947
6520,5573,947
6521,5574,947
6523,5576,947
6524,5577,947
6525,5578,947
6526,5579,947
6527,5580,947
6528,5581,947
6529,5582,947
6531,5584,947
6532,5585,947
6533,5586,947
6535,5588,947
6536,5589,947
6537,5590,947
6538,5591,947
6539,5592,947
6540,5593,947
6541,5594,947
6543,5596,947
6544,5597,947
6545,5598,947
6547,5600,947
6548,5601,947
6549,5602,947
6550,5603,947
6551,5604,947
6552,5605,947
6553,5606,947
6555,5608,947
6556,5609,947
6557,5610,947
6559,5612,947
6560,5613,947
6561,5614,947
6562,5615,947
6563,5616,947
6564,5617,947
6565,5618,947
6567,5620,947
6568,5621,947
6569,5622,947
6571,5624,947
6572,5625,947
6573,5626,947
6574,5627,947
6575,5628,947
6576,5629,947
6577,5630,947
6579,5632,947
6580,5633,947
6581,5634,947
6583,5636,947
6584,5637,947
6585,5638,947
6586,5639,947
6587,5640,947
6588,5641,947
6589,5642,947
6591,5644,947
6592,5645,947
6593,5646,947
6595,5648,947
6596,5649,947
6597,5650,947
6598,5651,947
6599,5652,947
6600,5653,947
6601,5654,947
6603,5656,947
6604,5657,947
6605,5658,947
6607,5660,947
6608,5661,947
6609,5662,947
6610,5663,947
6611,5664,947
6612,5665,947
6613,5666,947
6615,5668,947
6616,5669,947
6617,5670,947
6619,5672,947
6620,5673,947
6621,5674,947
6622,5675,947
6623,5676,947
6624,5677,947
6625,5678,947
6627,5680,947
6628,5681,947
6629,5682,947
6631,5684,947
6632,5685,947
6633,5686,947
6634,5687,947
6635,5688,947
6636,5689,947
6637,5690,947
6639,5692,947
6640,5693,947
6641,5694,947
6643,5696,947
6644,5697,947
6645,5698,947
6646,5699,947
6647,5700,947
6648,5701,947
6649,5702,947
6651,5704,947
6652,5705,947
6653,5706,947
6655,5708,947
6656,5709,947
6657,5710,947
6658,5711,947
6659,5712,947
6660,5713,947
6661,5714,947
6663,5716,947
6664,5717,947
6665,5718,947
6667,5720,947
6668,5721,947
6669,5722,947
6670,5723,947
6671,5724,947
6672,5725,947
6673,5726,947
6675,5728,947
6676,5729,947
6677,5730,947
6679,5732,947
6680,5733,947
6681,5734,947
6682,5735,947
6683,5736,947
6684,5737,947
6685,5738,947
6687,5740,947
6688,5741,947
6689,5742,947
6691,5744,947
6692,5745,947
6693,5746,947
6694,5747,947
6695,5748,947
6696,5749,947
6697,5750,947
6699,5752,947
6700,5753,947
6701,5754,947
6703,5756,947
6704,5757,947
6705,5758,947
6706,5759,947
6707,5760,947
6708,5761,947
6709,5762,947
6711,5764,947
6712,5765,947
6713,5766,947
6715,5768,947
6716,5769,947
6717,5770,947
6718,5771,947
6719,5772,947
6720,5773,947
6721,5774,947
6723,5776,947
6724,5777,947
6725,5778,947
6727,5780,947
6728,5781,947
6729,5782,947
6730,5783,947
6731,5784,947
6732,5785,947
6733,5786,947
6735,5788,947
6736,5789,947
6737,5790,947
6739,5792,947
6740,5793,947
6741,5794,947
6742,5795,947
6743,5796,947
6744,5797,947
6745,5798,947
6747,5800,947
6748,5801,947
6749,5802,947
6751,5804,947
6752,5805,947
6753,5806,947
6754,5807,947
6755,5808,947
6756,5809,947
6757,5810,947
6759,5812,947
6760,5813,947
6761,5814,947
6763,5816,947
6764,5817,947
6765,5818,947
6766,5819,947
6767,5820,947
6768,5821,947
6769,5822,947
6771,5824,947
6772,5825,947
6773,5826,947
6775,5828,947
6776,5829,947
6777,5830,947
6778,5831,947
6779,5832,947
6780,5833,947
6781,5834,947
6783,5836,947
6784,5837,947
6785,5838,947
6787,5840,947
6788,5841,947
6789,5842,947
6790,5843,947
6791,5844,947
6792,5845,947
6793,5846,947
6795,5848,947
6796,5849,947
6797,5850,947
6799,5852,947
6800,5853,947
6801,5854,947
6802,5855,947
6803,5856,947
6804,5857,947
6805,5858,947
6807,5860,947
6808,5861,947
6809,5862,947
6811,5864,947
6812,5865,947
6813,5866,947
6814,5867,947
6815,5868,947
6816,5869,947
6817,5870,947
6819,5872,947
6820,5873,947
6821,5874,947
6823,5876,947
6824,5877,947
6825,5878,947
6826,5879,947
6827,5880,947
6828,5881,947
6829,5882,947
6831,5884,947
6832,5885,947
6833,5886,947
6835,5888,947
6836,5889,947
6837,5890,947
6838,5891,947
6839,5892,947
6840,5893,947
6841,5894,947
6843,5896,947
6844,5897,947
6845,5898,947
6847,5900,947
6848,5901,947
6849,5902,947
6850,5903,947
6851,5904,947
6852,5905,947
6853,5906,947
6855,5908,947
6856,5909,947
6857,5910,947
6859,5912,947
6860,5913,947
6861,5914,947
6862,5915,947
6863,5916,947
6864,5917,947
6865,5918,947
6867,5920,947
6868,5921,947
6869,5922,947
6871,5924,947
6872,5925,947
6873,5926,947
6874,5927,947
6875,5928,947
6876,5929,947
6877,5930,947
6879,5932,947
6880,5933,947
6881,5934,947
6883,5936,947
6884,5937,947
6885,5938,947
6886,5939,947
6887,5940,947
6888,5941,947
6889,5942,947
6891,5944,947
6892,5945,947
6893,5946,947
6895,5948,947
6896,5949,947
6897,5950,947
6898,5951,947
6899,5952,947
6900,5953,947
6901,5954,947
6903,5956,947
6904,5957,947
6905,5958,947
6907,5960,947
6908,5961,947
6909,5962,947
6910,5963,947
6911,5964,947
6912,5965,947
6913,5966,947
6915,5968,947
6916,5969,947
6917,5970,947
6919,5972,947
6920,5973,947
6921,5974,947
6922,5975,947
6923,5976,947
6924,5977,947
6925,5978,947
6927,5980,947
6928,5981,947
6929,5982,947
6931,5984,947
6932,5985,947
6933,5986,947
6934,5987,947
6935,5988,947
6936,5989,947
6937,5990,947
6939,5992,947
6940,5993,947
6941,5994,947
6943,5996,947
6944,5997,947
6945,5998,947
6946,5999,947
6947,6000,947
6948,6001,947
6949,6002,947
6951,6004,947
6952,6005,947
6953,6006,947
6955,6008,947
6956,6009,947
6957,6010,947
6958,6011,947
6959,6012,947
6960,6013,947
6961,6014,947
6963,6016,947
6964,6017,947
6965,6018,947
6967,6020,947
6968,6021,947
6969,6022,947
6970,6023,947
6971,6024,947
6972,6025,947
6973,6026,947
6975,6028,947
6976,6029,947
6977,6030,947
6979,6032,947
6980,6033,947
6981,6034,947
6982,6035,947
6983,6036,947
6984,6037,947
6985,6038,947
6987,6040,947
6988,6041,947
6989,6042,947
6991,6044,947
6992,6045,947
6993,6046,947
6994,6047,947
6995,6048,947
6996,6049,947
6997,6050,947
6999,6052,947
7000,6053,947
7001,6054,947
7003,6056,947
7004,6057,947
7005,6058,947
7006,6059,947
7007,6060,947
7008,6061,947
7009,6062,947
7011,6064,947
7012,6065,947
7013,6066,947
7015,6068,947
7016,6069,947
7017,6070,947
7018,6071,947
7019,6072,947
7020,6073,947
7021,6074,947
7023,6076,947
7024,6077,947
7025,6078,947
7027,6080,947
7028,6081,947
7029,6082,947
7030,6083,947
7031,6084,947
7032,6085,947
7033,6086,947
7035,6088,947
7036,6089,947
7037,6090,947
7039,6092,947
7040,6093,947
7041,6094,947
7042,6095,947
7043,6096,947
7044,6097,947
7045,6098,947
7047,6100,947
7048,6101,947
7049,6102,947
7051,6104,947
7052,6105,947
7053,6106,947
7054,6107,947
7055,6108,947
7056,6109,947
7057,6110,947
7059,6112,947
7060,6113,947
7061,6114,947
7063,6116,947
7064,6117,947
7065,6118,947
7066,6119,947
7067,6120,947
7068,6121,947
7069,6122,947
7071,6124,947
7072,6125,947
7073,6126,947
7075,6128,947
7076,6129,947
7077,6130,947
7078,6131,947
7079,6132,947
7080,6133,947
7081,6134,947
7083,6136,947
7084,6137,947
7085,6138,947
7087,6140,947
7088,6141,947
7089,6142,947
7090,6143,947
7091,6144,947
7092,6145,947
7093,6146,947
7095,6148,947
7096,6149,947
7097,6150,947
7099,6152,947
7100,6153,947
7101,6154,947
7102,6155,947
7103,6156,947
7104,6157,947
7105,6158,947
7107,6160,947
7108,6161,947
7109,6162,947
7110,6163,947
7111,6164,947
7112,6165,947
7113,6166,947
7114,6167,947
7115,6168,947
7116,6169,947
7118,6171,947
7119,6172,947
7120,6173,947
7121,6174,947
7122,6175,947
7123,6176,947
7124,6177,947
7126,6179,947
7128,6181,947
7129,6182,947
7130,6183,947
7131,6184,947
7133,6186,947
7134,6187,947
7135,6188,947
7136,6189,947
7138,6191,947
7139,6192,947
7140,6193,947
7141,6194,947
7142,6195,947
7143,6196,947
7145,6198,947
7146,6199,947
7147,6200,947
7148,6201,947
7150,6203,947
7151,6204,947
7152,6205,947
7153,6206,947
7154,6207,947
7155,6208,947
7156,6209,947
7157,6210,947
7158,6211,947
7159,6212,947
7161,6213,948
7162,6214,948
7163,6214,949
7164,6215,949
7166,6216,950
7167,6217,950
7168,6218,950
7169,6219,950
7171,6220,951
7172,6221,951
7173,6222,951
7174,6223,951
7175,6224,951
7177,6225,952
7178,6226,952
7179,6227,952
7180,6227,953
7181,6228,953
7182,6229,953
7183,6230,953
7184,6231,953
7185,6232,953
7186,6233,953
7187,6234,953
7188,6235,953
7189,6236,953
7190,6237,953
7192,6239,953
7193,6240,953
7194,6241,953
7196,6242,954
7197,6243,954
7198,6244,954
7200,6246,954
7202,6247,955
7204,6249,955
7205,6250,955
7207,6252,955
7208,6253,955
7210,6255,955
7211,6256,955
7213,6258,955
7215,6259,956
7217,6261,956
7218,6262,956
7219,6263,956
7221,6265,956
7223,6266,957
7225,6268,957
7226,6269,957
7228,6271,957
7229,6271,958
7230,6272,958
7231,6273,958
7232,6274,958
7234,6276,958
7235,6277,958
7236,6278,958
7238,6279,959
7239,6280,959
7240,6281,959
7241,6282,959
7242,6283,959
7244,6284,960
7245,6285,960
7246,6286,960
7247,6286,961
7248,6287,961
7249,6288,961
7250,6289,961
7251,6290,961
7252,6291,961
7254,6292,962
7256,6294,962
7257,6295,962
7259,6297,962
7260,6298,962
7261,6299,962
7263,6300,963
7264,6301,963
7265,6302,963
7266,6303,963
7268,6304,964
7270,6306,964
7271,6307,964
7272,6308,964
7273,6309,964
7274,6310,964
7276,6311,965
7278,6313,965
7279,6314,965
7280,6315,965
7281,6315,966
7283,6317,966
7285,6318,967
7286,6319,967
7288,6321,967
7289,6322,967
7290,6323,967
7291,6324,967
7293,6326,967
7295,6328,967
7296,6329,967
7298,6330,968
7299,6331,968
7300,6332,968
7301,6333,968
7303,6335,968
7305,6337,968
7306,6338,968
7308,6339,969
7309,6340,969
7310,6341,969
7311,6342,969
7313,6344,969
7315,6346,969
7316,6347,969
7318,6348,970
7319,6349,970
7320,6350,970
7321,6350,971
7323,6352,971
7324,6353,971
7325,6353,972
7327,6355,972
7328,6356,972
7330,6356,974
7332,6357,975
7333,6358,975
7335,6359,976
7336,6360,976
7338,6362,976
7339,6363,976
7341,6365,976
7343,6366,977
7345,6368,977
7346,6369,977
7347,6370,977
7348,6371,977
7349,6372,977
7350,6373,977
7351,6374,977
7353,6376,977
7354,6377,977
7356,6379,977
7357,6380,977
7359,6382,977
7360,6383,977
7361,6384,977
7363,6386,977
7365,6388,977
7366,6389,977
7367,6390,977
7368,6391,977
7370,6393,977
7371,6394,977
7372,6395,977
7373,6396,977
7375,6398,977
7376,6399,977
7377,6400,977
7378,6401,977
7379,6402,977
7380,6403,977
7382,6405,977
7383,6406,977
7384,6407,977
7385,6408,977
7387,6410,977
7388,6411,977
7389,6412,977
7390,6413,977
7391,6414,977
7393,6416,977
7394,6417,977
7396,6419,977
7397,6420,977
7399,6422,977
7400,6423,977
7401,6424,977
7402,6425,977
7404,6427,977
7406,6428,978
7407,6429,978
7408,6430,978
7409,6431,978
7411,6432,979
7413,6432,981
7414,6433,981
7416,6435,981
7417,6436,981
7418,6437,981
7419,6438,981
7420,6439,981
7421,6440,981
7422,6441,981
7423,6442,981
7424,6443,981
7425,6444,981
7426,6445,981
7427,6446,981
7428,6447,981
7429,6448,981
7430,6449,981
7432,6451,981
7433,6452,981
7434,6453,981
7436,6454,982
7437,6454,983
7438,6455,983
7439,6456,983
7440,6457,983
7442,6458,984
7443,6459,984
7444,6460,984
7445,6461,984
7447,6463,984
7448,6464,984
7450,6465,985
7451,6466,985
7452,6467,985
7453,6468,985
7455,6469,986
7456,6470,986
7457,6471,986
7458,6472,986
7459,6473,986
7461,6474,987
7462,6475,987
7463,6476,987
7465,6477,988
7466,6478,988
7467,6479,988
7468,6480,988
7469,6481,988
7471,6482,989
7472,6483,989
7474,6485,989
7475,6486,989
7477,6487,990
7478,6488,990
7479,6489,990
7480,6490,990
7482,6491,991
7483,6492,991
7484,6493,991
7485,6494,991
7486,6494,992
7488,6495,993
7489,6495,994
7490,6496,994
7491,6496,995
7493,6498,995
7494,6499,995
7496,6500,996
7498,6501,997
7500,6503,997
7501,6504,997
7502,6505,997
7504,6505,999
7505,6506,999
7506,6507,999
7507,6507,1000
7509,6509,1000
7511,6510,1001
7513,6512,1001
7514,6513,1001
7515,6514,1001
7516,6515,1001
7517,6515,1002
7519,6515,1004
7521,6516,1005
7522,6517,1005
7523,6518,1005
7525,6520,1005
7526,6520,1006
7528,6521,1007
7529,6521,1008
7531,6523,1008
7532,6524,1008
7533,6525,1008
7534,6526,1008
7535,6527,1008
7536,6528,1008
7538,6530,1008
7539,6531,1008
7541,6533,1008
7542,6534,1008
7543,6535,1008
7545,6537,1008
7547,6539,1008
7549,6541,1008
7550,6542,1008
7552,6544,1008
7553,6545,1008
7554,6546,1008
7555,6547,1008
7556,6548,1008
7558,6550,1008
7559,6551,1008
7560,6552,1008
7562,6554,1008
7563,6555,1008
7564,6556,1008
7565,6557,1008
7566,6558,1008
7568,6560,1008
7569,6561,1008
7570,6562,1008
7571,6563,1008
7572,6564,1008
7573,6565,1008
7574,6566,1008
7575,6567,1008
7576,6568,1008
7578,6569,1009
7579,6570,1009
7580,6571,1009
7581,6572,1009
7582,6573,1009
7583,6574,1009
7584,6575,1009
7586,6576,1010
7587,6577,1010
7589,6578,1011
7590,6579,1011
7591,6580,1011
7592,6581,1011
7593,6582,1011
7594,6583,1011
7595,6584,1011
7596,6585,1011
7597,6586,1011
7598,6587,1011
7599,6588,1011
7600,6589,1011
7602,6591,1011
7603,6592,1011
7604,6593,1011
7605,6594,1011
7606,6595,1011
7607,6596,1011
7608,6597,1011
7610,6599,1011
7611,6600,1011
7613,6602,1011
7614,6603,1011
7615,6604,1011
7616,6605,1011
7617,6606,1011
7618,6607,1011
7619,6608,1011
7620,6609,1011
7621,6610,1011
7622,6611,1011
7623,6612,1011
7624,6613,1011
7626,6615,1011
7627,6616,1011
7628,6617,1011
7629,6618,1011
7630,6619,1011
7631,6620,1011
7632,6621,1011
7634,6623,1011
7635,6624,1011
7637,6626,1011
7638,6627,1011
7639,6628,1011
7640,6629,1011
7641,6630,1011
7642,6631,1011
7643,6632,1011
7644,6633,1011
7645,6634,1011
7646,6635,1011
7647,6636,1011
7648,6637,1011
7650,6639,1011
7651,6640,1011
7652,6641,1011
7653,6642,1011
7654,6643,1011
7655,6644,1011
7656,6645,1011
7658,6647,1011
7659,6648,1011
7661,6650,1011
7662,6651,1011
7663,6652,1011
7664,6653,1011
7665,6654,1011
7666,6655,1011
7667,6656,1011
7668,6657,1011
7669,6658,1011
7670,6659,1011
7671,6660,1011
7672,6661,1011
7674,6663,1011
7675,6664,1011
7676,6665,1011
7677,6666,1011
7678,6667,1011
7679,6668,1011
7680,6669,1011
7682,6671,1011
7683,6672,1011
7685,6674,1011
7686,6675,1011
7687,6676,1011
7688,6677,1011
7689,6678,1011
7690,6679,1011
7691,6680,1011
7692,6681,1011
7693,6682,1011
7694,6683,1011
7695,6684,1011
7696,6685,1011
7698,6687,1011
7699,6688,1011
7700,6689,1011
7701,6690,1011
7702,6691,1011
7703,6692,1011
7704,6693,1011
7706,6695,1011
7707,6696,1011
7709,6698,1011
7710,6699,1011
7711,6700,1011
7712,6701,1011
7713,6702,1011
7714,6703,1011
7715,6704,1011
7716,6705,1011
7717,6706,1011
7718,6707,1011
7719,6708,1011
7720,6709,1011
7722,6711,1011
7723,6712,1011
7724,6713,1011
7725,6714,1011
7726,6715,1011
7727,6716,1011
7728,6717,1011
7730,6719,1011
7731,6720,1011
7733,6722,1011
7734,6723,1011
7735,6724,1011
7736,6725,1011
7737,6726,1011
7738,6727,1011
7739,6728,1011
7740,6729,1011
7741,6730,1011
7742,6731,1011
7743,6732,1011
7744,6733,1011
7746,6735,1011
7747,6736,1011
7748,6737,1011
7749,6738,1011
7750,6739,1011
7751,6740,1011
7752,6741,1011
7754,6743,1011
7755,6744,1011
7757,6746,1011
7758,6747,1011
7759,6748,1011
7760,6749,1011
7761,6750,1011
7762,6751,1011
7763,6752,1011
7764,6753,1011
7765,6754,1011
7766,6755,1011
7767,6756,1011
7768,6757,1011
7770,6759,1011
7771,6760,1011
7772,6761,1011
7773,6762,1011
7774,6763,1011
7775,6764,1011
7776,6765,1011
7778,6767,1011
7779,6768,1011
7781,6770,1011
7782,6771,1011
7783,6772,1011
7784,6773,1011
7785,6774,1011
7786,6775,1011
7787,6776,1011
7788,6777,1011
7789,6778,1011
7790,6779,1011
7791,6780,1011
7792,6781,1011
7794,6783,1011
7795,6784,1011
7796,6785,1011
7797,6786,1011
7798,6787,1011
7799,6788,1011
7800,6789,1011
7802,6791,1011
7803,6792,1011
7805,6794,1011
7806,6795,1011
7807,6796,1011
7808,6797,1011
7809,6798,1011
7810,6799,1011
7811,6800,1011
7812,6801,1011
7813,6802,1011
7814,6803,1011
7815,6804,1011
7816,6805,1011
7818,6807,1011
7819,6808,1011
7820,6809,1011
7821,6810,1011
7822,6811,1011
7823,6812,1011
7824,6813,1011
7826,6815,1011
7827,6816,1011
7829,6818,1011
7830,6819,1011
7831,6820,1011
7832,6821,1011
7833,6822,1011
7834,6823,1011
7835,6824,1011
7836,6825,1011
7837,6826,1011
7838,6827,1011
7839,6828,1011
7840,6829,1011
7842,6831,1011
7843,6832,1011
7844,6833,1011
7845,6834,1011
7846,6835,1011
7847,6836,1011
7848,6837,1011
7850,6839,1011
7851,6840,1011
7853,6842,1011
7854,6843,1011
7855,6844,1011
7856,6845,1011
7857,6846,1011
7858,6847,1011
7859,6848,1011
7860,6849,1011
7861,6850,1011
7862,6851,1011
7863,6852,1011
7864,6853,1011
7866,6855,1011
7867,6856,1011
7868,6857,1011
7869,6858,1011
7870,6859,1011
7871,6860,1011
7872,6861,1011
7874,6863,1011
7875,6864,1011
7877,6866,1011
7878,6867,1011
7879,6868,1011
7880,6869,1011
7881,6870,1011
7882,6871,1011
7883,6872,1011
7884,6873,1011
7885,6874,1011
7886,6875,1011
7887,6876,1011
7888,6877,1011
7890,6879,1011
7891,6880,1011
7892,6881,1011
7893,6882,1011
7894,6883,1011
7895,6884,1011
7896,6885,1011
7898,6887,1011
7899,6888,1011
7901,6890,1011
7902,6891,1011
7903,6892,1011
7904,6893,1011
7905,6894,1011
7906,6895,1011
7907,6896,1011
7908,6897,1011
7909,6898,1011
7910,6899,1011
7911,6900,1011
7912,6901,1011
7914,6903,1011
7915,6904,1011
7916,6905,1011
7917,6906,1011
7918,6907,1011
7919,6908,1011
7920,6909,1011
7922,6911,1011
7923,6912,1011
7925,6914,1011
7926,6915,1011
7927,6916,1011
7928,6917,1011
7929,6918,1011
7930,6919,1011
7931,6920,1011
7932,6921,1011
7933,6922,1011
7934,6923,1011
7935,6924,1011
7936,6925,1011
7938,6927,1011
7939,6928,1011
7940,6929,1011
7941,6930,1011
7942,6931,1011
7943,6932,1011
7944,6933,1011
7946,6935,1011
7947,6936,1011
7949,6938,1011
7950,6939,1011
7951,6940,1011
7952,6941,1011
7953,6942,1011
7954,6943,1011
7955,6944,1011
7956,6945,1011
7957,6946,1011
7958,6947,1011
7959,6948,1011
7960,6949,1011
7962,6951,1011
7963,6952,1011
7964,6953,1011
7965,6954,1011
7966,6955,1011
7967,6956,1011
7968,6957,1011
7970,6959,1011
7971,6960,1011
7973,6962,1011
7974,6963,1011
7975,6964,1011
7976,6965,1011
7977,6966,1011
7978,6967,1011
7979,6968,1011
7980,6969,1011
7981,6970,1011
7982,6971,1011
7983,6972,1011
7984,6973,1011
7986,6975,1011
7987,6976,1011
7988,6977,1011
7989,6978,1011
7990,6979,1011
7991,6980,1011
7992,6981,1011
7994,6983,1011
7995,6984,1011
7997,6986,1011
7998,6987,1011
7999,6988,1011
8000,6989,1011
8001,6990,1011
8002,6991,1011
8003,6992,1011
8004,6993,1011
8005,6994,1011
8006,6995,1011
8007,6996,1011
8008,6997,1011
8010,6999,1011
8011,7000,1011
8012,7001,1011
8013,7002,1011
8014,7003,1011
8015,7004,1011
8016,7005,1011
8018,7007,1011
8019,7008,1011
8021,7010,1011
8022,7011,1011
8023,7012,1011
8024,7013,1011
8025,7014,1011
8026,7015,1011
8027,7016,1011
8028,7017,1011
8029,7018,1011
8030,7019,1011
8031,7020,1011
8032,7021,1011
8034,7023,1011
8035,7024,1011
8036,7025,1011
8037,7026,1011
8038,7027,1011
8039,7028,1011
8040,7029,1011
8042,7031,1011
8043,7032,1011
8045,7034,1011
8046,7035,1011
8047,7036,1011
8048,7037,1011
8049,7038,1011
8050,7039,1011
8051,7040,1011
8052,7041,1011
8053,7042,1011
8054,7043,1011
8055,7044,1011
8056,7045,1011
8058,7047,1011
8059,7048,1011
8060,7049,1011
8061,7050,1011
8062,7051,1011
8063,7052,1011
8064,7053,1011
8066,7055,1011
8067,7056,1011
8069,7058,1011
8070,7059,1011
8071,7060,1011
8072,7061,1011
8073,7062,1011
8074,7063,1011
8075,7064,1011
8076,7065,1011
8077,7066,1011
8078,7067,1011
8079,7068,1011
8080,7069,1011
8082,7071,1011
8083,7072,1011
8084,7073,1011
8085,7074,1011
8086,7075,1011
8087,7076,1011
8088,7077,1011
8090,7079,1011
8091,7080,1011
8093,7082,1011
8094,7083,1011
8095,7084,1011
8096,7085,1011
8097,7086,1011
8098,7087,1011
8099,7088,1011
8100,7089,1011
8101,7090,1011
8102,7091,1011
8103,7092,1011
8104,7093,1011
8106,7095,1011
8107,7096,1011
8108,7097,1011
8109,7098,1011
8110,7099,1011
8111,7100,1011
8112,7101,1011
8114,7103,1011
8115,7104,1011
8117,7106,1011
8118,7107,1011
8119,7108,1011
8120,7109,1011
8121,7110,1011
8122,7111,1011
8123,7112,1011
8124,7113,1011
8125,7114,1011
8126,7115,1011
8127,7116,1011
8128,7117,1011
8130,7119,1011
8131,7120,1011
8132,7121,1011
8133,7122,1011
8134,7123,1011
8135,7124,1011
8136,7125,1011
8138,7127,1011
8139,7128,1011
8141,7130,1011
8142,7131,1011
8143,7132,1011
8144,7133,1011
8145,7134,1011
8146,7135,1011
8147,7136,1011
8148,7137,1011
8149,7138,1011
8150,7139,1011
8151,7140,1011
8152,7141,1011
8154,7143,1011
8155,7144,1011
8156,7145,1011
8157,7146,1011
8158,7147,1011
8159,7148,1011
8160,7149,1011
8162,7151,1011
8163,7152,1011
8165,7154,1011
8166,7155,1011
8167,7156,1011
8168,7157,1011
8169,7158,1011
8170,7159,1011
8171,7160,1011
8172,7161,1011
8173,7162,1011
8174,7163,1011
8175,7164,1011
8176,7165,1011
8178,7167,1011
8179,7168,1011
8180,7169,1011
8181,7170,1011
8182,7171,1011
8183,7172,1011
8184,7173,1011
8186,7175,1011
8187,7176,1011
8189,7178,1011
8190,7179,1011
8191,7180,1011
8192,7181,1011
8193,7182,1011
8194,7183,1011
8195,7184,1011
8196,7185,1011
8197,7186,1011
8198,7187,1011
8199,7188,1011
8200,7189,1011
8202,7191,1011
8204,7193,1011
8205,7194,1011
8207,7196,1011
8208,7197,1011
8209,7198,1011
8211,7200,1011
8212,7201,1011
8213,7202,1011
8214,7203,1011
8215,7203,1012
8216,7204,1012
8217,7205,1012
8219,7207,1012
8220,7208,1012
8221,7209,1012
8222,7210,1012
8223,7211,1012
8225,7213,1012
8226,7214,1012
8227,7215,1012
8229,7217,1012
8230,7218,1012
8232,7220,1012
8233,7221,1012
8234,7222,1012
8236,7224,1012
8237,7225,1012
8238,7226,1012
8239,7227,1012
8241,7229,1012
8242,7230,1012
8243,7231,1012
8245,7233,1012
8247,7235,1012
8248,7236,1012
8249,7237,1012
8250,7238,1012
8252,7240,1012
8253,7241,1012
8255,7243,1012
8256,7244,1012
8257,7245,1012
8259,7247,1012
8260,7248,1012
8261,7249,1012
8262,7250,1012
8264,7252,1012
8266,7254,1012
8267,7255,1012
8268,7256,1012
8269,7257,1012
8271,7259,1012
8272,7260,1012
8273,7261,1012
8274,7262,1012
8276,7264,1012
8277,7265,1012
8278,7266,1012
8279,7267,1012
8280,7268,1012
8281,7269,1012
8283,7271,1012
8284,7272,1012
8285,7273,1012
8286,7274,1012
8288,7276,1012
8290,7277,1013
8291,7278,1013
8292,7279,1013
8293,7280,1013
8295,7282,1013
8296,7282,1014
8298,7284,1014
8299,7285,1014
8301,7287,1014
8302,7288,1014
8303,7289,1014
8304,7290,1014
8306,7292,1014
8307,7293,1014
8308,7294,1014
8309,7295,1014
8311,7297,1014
8312,7298,1014
8313,7299,1014
8314,7300,1014
8316,7302,1014
8317,7303,1014
8318,7304,1014
8320,7306,1014
8321,7307,1014
8323,7309,1014
8324,7310,1014
8325,7311,1014
8326,7312,1014
8328,7314,1014
8330,7316,1014
8331,7317,1014
8333,7319,1014
8334,7320,1014
8336,7322,1014
8338,7324,1014
8339,7325,1014
8340,7326,1014
8341,7327,1014
8343,7329,1014
8344,7330,1014
8345,7331,1014
8346,7332,1014
8347,7333,1014
8349,7335,1014
8350,7336,1014
8351,7337,1014
8352,7338,1014
8354,7340,1014
8355,7341,1014
8356,7342,1014
8358,7344,1014
8360,7345,1015
8361,7346,1015
8362,7347,1015
8364,7349,1015
8365,7350,1015
8366,7351,1015
8367,7352,1015
8368,7353,1015
8369,7354,1015
8370,7355,1015
8372,7357,1015
8373,7358,1015
8375,7360,1015
8376,7361,1015
8377,7362,1015
8378,7363,1015
8379,7364,1015
8381,7366,1015
8383,7368,1015
8384,7369,1015
8385,7370,1015
8386,7371,1015
8388,7373,1015
8389,7374,1015
8390,7375,1015
8391,7376,1015
8393,7378,1015
8394,7379,1015
8395,7380,1015
8396,7381,1015
8397,7382,1015
8398,7383,1015
8400,7385,1015
8401,7386,1015
8402,7387,1015
8403,7388,1015
8405,7390,1015
8406,7391,1015
8407,7392,1015
8408,7393,1015
8409,7394,1015
8410,7395,1015
8411,7396,1015
8413,7398,1015
8414,7399,1015
8416,7401,1015
8417,7402,1015
8418,7403,1015
8420,7404,1016
8421,7405,1016
8422,7406,1016
8423,7407,1016
8425,7409,1016
8426,7410,1016
8428,7412,1016
8429,7413,1016
8431,7414,1017
8432,7415,1017
8433,7416,1017
8434,7417,1017
8435,7418,1017
8436,7419,1017
8438,7421,1017
8439,7422,1017
8440,7423,1017
8441,7423,1018
8442,7424,1018
8443,7425,1018
8444,7426,1018
8445,7427,1018
8447,7428,1019
8448,7429,1019
8449,7430,1019
8450,7431,1019
8451,7432,1019
8452,7433,1019
8454,7435,1019
8455,7436,1019
8456,7437,1019
8457,7438,1019
8458,7439,1019
8459,7440,1019
8460,7441,1019
8461,7442,1019
8462,7443,1019
8464,7445,1019
8465,7446,1019
8466,7447,1019
8467,7448,1019
8469,7449,1020
8470,7450,1020
8471,7451,1020
8472,7452,1020
8473,7453,1020
8474,7454,1020
8476,7455,1021
8477,7456,1021
8478,7457,1021
8480,7459,1021
8481,7460,1021
8482,7461,1021
8483,7462,1021
8484,7463,1021
8486,7465,1021
8488,7466,1022
8489,7467,1022
8490,7468,1022
8491,7469,1022
8493,7470,1023
8495,7472,1023
8496,7473,1023
8497,7474,1023
8498,7475,1023
8500,7477,1023
8501,7478,1023
8502,7479,1023
8503,7480,1023
8505,7482,1023
8506,7483,1023
8507,7484,1023
8509,7485,1024
8510,7486,1024
8512,7488,1024
8513,7489,1024
8514,7490,1024
8515,7491,1024
8517,7493,1024
8519,7494,1025
8520,7495,1025
8522,7496,1026
8523,7497,1026
8525,7498,1027
8527,7500,1027
8528,7501,1027
8529,7502,1027
8530,7503,1027
8532,7505,1027
8533,7506,1027
8534,7507,1027
8535,7508,1027
8536,7509,1027
8538,7511,1027
8539,7512,1027
8540,7513,1027
8541,7514,1027
8543,7516,1027
8544,7517,1027
8545,7518,1027
8547,7520,1027
8548,7521,1027
8549,7522,1027
8550,7523,1027
8552,7524,1028
8553,7525,1028
8554,7526,1028
8555,7527,1028
8556,7528,1028
8558,7529,1029
8559,7529,1030
8560,7530,1030
8561,7530,1031
8563,7532,1031
8564,7533,1031
8566,7534,1032
8567,7535,1032
8568,7536,1032
8569,7537,1032
8570,7538,1032
8572,7539,1033
8574,7541,1033
8575,7542,1033
8576,7543,1033
8577,7544,1033
8578,7545,1033
8580,7547,1033
8581,7548,1033
8582,7549,1033
8583,7550,1033
8584,7551,1033
8585,7552,1033
8587,7553,1034
8589,7555,1034
8590,7556,1034
8592,7557,1035
8593,7558,1035
8594,7559,1035
8595,7560,1035
8597,7561,1036
8599,7563,1036
8600,7564,1036
8602,7566,1036
8603,7567,1036
8604,7568,1036
8605,7569,1036
8607,7570,1037
8609,7572,1037
8610,7573,1037
8612,7575,1037
8613,7576,1037
8614,7577,1037
8615,7578,1037
8617,7579,1038
8619,7581,1038
8620,7582,1038
8622,7584,1038
8623,7585,1038
8624,7586,1038
8625,7587,1038
8627,7589,1038
8628,7590,1038
8629,7591,1038
8631,7593,1038
8632,7594,1038
8634,7596,1038
8636,7598,1038
8637,7599,1038
8639,7601,1038
8640,7602,1038
8642,7604,1038
8643,7605,1038
8645,7607,1038
8647,7609,1038
8649,7611,1038
8650,7612,1038
8651,7613,1038
8652,7614,1038
8653,7615,1038
8654,7616,1038
8655,7617,1038
8657,7619,1038
8658,7620,1038
8660,7622,1038
8661,7623,1038
8663,7625,1038
8664,7626,1038
8665,7627,1038
8667,7629,1038
8669,7631,1038
8670,7632,1038
8671,7633,1038
8672,7634,1038
8674,7636,1038
8675,7637,1038
8676,7638,1038
8677,7639,1038
8679,7641,1038
8680,7642,1038
8681,7643,1038
8682,7644,1038
8683,7645,1038
8684,7646,1038
8686,7648,1038
8687,7649,1038
8688,7650,1038
8689,7651,1038
8691,7653,1038
8692,7654,1038
8693,7655,1038
8694,7656,1038
8695,7657,1038
8697,7659,1038
8698,7660,1038
8700,7662,1038
8701,7663,1038
8703,7665,1038
8704,7666,1038
8705,7667,1038
8706,7668,1038
8708,7670,1038
8710,7672,1038
8711,7673,1038
8712,7674,1038
8713,7675,1038
8715,7677,1038
8717,7678,1039
8718,7679,1039
8720,7681,1039
8721,7682,1039
8722,7683,1039
8723,7684,1039
8724,7685,1039
8725,7686,1039
8726,7687,1039
8728,7689,1039
8729,7689,1040
8730,7690,1040
8731,7691,1040
8732,7692,1040
8733,7693,1040
8734,7694,1040
8735,7695,1040
8737,7697,1040
8738,7698,1040
8739,7699,1040
8740,7700,1040
8741,7701,1040
8742,7702,1040
8743,7703,1040
8744,7704,1040
8746,7705,1041
8747,7706,1041
8748,7707,1041
8750,7708,1042
8751,7709,1042
8752,7710,1042
8754,7712,1042
8755,7713,1042
8756,7714,1042
8758,7715,1043
8759,7716,1043
8761,7718,1043
8762,7719,1043
8763,7720,1043
8764,7721,1043
8765,7722,1043
8766,7723,1043
8768,7724,1044
8770,7726,1044
8771,7727,1044
8772,7728,1044
8773,7729,1044
8774,7730,1044
8775,7731,1044
8777,7733,1044
8778,7734,1044
8779,7735,1044
8781,7737,1044
8782,7738,1044
8783,7739,1044
8784,7740,1044
8785,7741,1044
8786,7742,1044
8787,7743,1044
8789,7745,1044
8790,7746,1044
8791,7747,1044
8792,7748,1044
8794,7750,1044
8795,7751,1044
8797,7753,1044
8798,7754,1044
8799,7755,1044
8800,7756,1044
8802,7758,1044
8803,7759,1044
8804,7760,1044
8805,7761,1044
8806,7762,1044
8808,7764,1044
8809,7765,1044
8810,7766,1044
8812,7768,1044
8813,7769,1044
8814,7770,1044
8815,7771,1044
8816,7772,1044
8818,7774,1044
8819,7775,1044
8821,7777,1044
8822,7778,1044
8824,7780,1044
8825,7781,1044
8826,7782,1044
8827,7783,1044
8829,7785,1044
8830,7786,1044
8831,7787,1044
8832,7788,1044
8833,7789,1044
8835,7791,1044
8836,7792,1044
8837,7793,1044
8838,7794,1044
8840,7796,1044
8841,7797,1044
8843,7799,1044
8845,7801,1044
8847,7803,1044
8848,7804,1044
8849,7805,1044
8851,7807,1044
8852,7808,1044
8853,7809,1044
8854,7810,1044
8856,7812,1044
8858,7814,1044
8860,7816,1044
8861,7817,1044
8862,7818,1044
8863,7819,1044
8864,7820,1044
8865,7821,1044
8867,7823,1044
8868,7824,1044
8869,7825,1044
8871,7827,1044
8872,7828,1044
8874,7830,1044
8875,7831,1044
8877,7833,1044
8878,7834,1044
8879,7835,1044
8880,7836,1044
8881,7837,1044
8882,7838,1044
8884,7840,1044
8885,7841,1044
8887,7843,1044
8888,7844,1044
8889,7845,1044
8891,7847,1044
8893,7849,1044
8895,7851,1044
8896,7852,1044
8898,7854,1044
8899,7855,1044
8900,7856,1044
8901,7857,1044
8902,7858,1044
8904,7860,1044
8905,7861,1044
8906,7862,1044
8908,7864,1044
8909,7865,1044
8910,7866,1044
8911,7867,1044
8912,7868,1044
8914,7870,1044
8915,7871,1044
8916,7872,1044
8917,7873,1044
8918,7874,1044
8919,7875,1044
8920,7876,1044
8921,7877,1044
8922,7878,1044
8924,7880,1044
8925,7881,1044
8926,7882,1044
8927,7883,1044
8928,7884,1044
8929,7885,1044
8930,7886,1044
8932,7888,1044
8933,7889,1044
8935,7891,1044
8936,7892,1044
8937,7893,1044
8938,7894,1044
8939,7895,1044
8940,7896,1044
8941,7897,1044
8942,7898,1044
8943,7899,1044
8944,7900,1044
8945,7901,1044
8946,7902,1044
8948,7904,1044
8949,7905,1044
8950,7906,1044
8951,7907,1044
8952,7908,1044
8953,7909,1044
8954,7910,1044
8956,7912,1044
8957,7913,1044
8959,7915,1044
8960,7916,1044
8961,7917,1044
8962,7918,1044
8963,7919,1044
8964,7920,1044
8965,7921,1044
8966,7922,1044
8967,7923,1044
8968,7924,1044
8969,7925,1044
8970,7926,1044
8972,7928,1044
8973,7929,1044
8974,7930,1044
8975,7931,1044
8976,7932,1044
8977,7933,1044
8978,7934,1044
8980,7936,1044
8981,7937,1044
8983,7939,1044
8984,7940,1044
8985,7941,1044
8986,7942,1044
8987,7943,1044
8988,7944,1044
8989,7945,1044
8990,7946,1044
8991,7947,1044
8992,7948,1044
8993,7949,1044
8994,7950,1044
8996,7952,1044
8997,7953,1044
8998,7954,1044
8999,7955,1044
9000,7956,1044
9001,7957,1044
9002,7958,1044
9004,7960,1044
9005,7961,1044
9007,7963,1044
9008,7964,1044
9009,7965,1044
9010,7966,1044
9011,7967,1044
9012,7968,1044
9013,7969,1044
9014,7970,1044
9015,7971,1044
9016,7972,1044
9017,7973,1044
9018,7974,1044
9020,7976,1044
9021,7977,1044
9022,7978,1044
9023,7979,1044
9024,7980,1044
9025,7981,1044
9026,7982,1044
9028,7984,1044
9029,7985,1044
9031,7987,1044
9032,7988,1044
9033,7989,1044
9034,7990,1044
9035,7991,1044
9036,7992,1044
9037,7993,1044
9038,7994,1044
9039,7995,1044
9040,7996,1044
9041,7997,1044
9042,7998,1044
9044,8000,1044
9045,8001,1044
9046,8002,1044
9047,8003,1044
9048,8004,1044
9049,8005,1044
9050,8006,1044
9052,8008,1044
9053,8009,1044
9055,8011,1044
9056,8012,1044
9057,8013,1044
9058,8014,1044
9059,8015,1044
9060,8016,1044
9061,8017,1044
9062,8018,1044
9063,8019,1044
9064,8020,1044
9065,8021,1044
9066,8022,1044
9068,8024,1044
9069,8025,1044
9070,8026,1044
9071,8027,1044
9072,8028,1044
9073,8029,1044
9074,8030,1044
9076,8032,1044
9077,8033,1044
9079,8035,1044
9080,8036,1044
9081,8037,1044
9082,8038,1044
9083,8039,1044
9084,8040,1044
9085,8041,1044
9086,8042,1044
9087,8043,1044
9088,8044,1044
9089,8045,1044
9090,8046,1044
9092,8048,1044
9093,8049,1044
9094,8050,1044
9095,8051,1044
9096,8052,1044
9097,8053,1044
9098,8054,1044
9100,8056,1044
9101,8057,1044
9103,8059,1044
9104,8060,1044
9105,8061,1044
9106,8062,1044
9107,8063,1044
9108,8064,1044
9109,8065,1044
9110,8066,1044
9111,8067,1044
9112,8068,1044
9113,8069,1044
9114,8070,1044
9116,8072,1044
9117,8073,1044
9118,8074,1044
9119,8075,1044
9120,8076,1044
9121,8077,1044
9122,8078,1044
9124,8080,1044
9125,8081,1044
9127,8083,1044
9128,8084,1044
9129,8085,1044
9130,8086,1044
9131,8087,1044
9132,8088,1044
9133,8089,1044
9134,8090,1044
9135,8091,1044
9136,8092,1044
9137,8093,1044
9138,8094,1044
9140,8096,1044
9141,8097,1044
9142,8098,1044
9143,8099,1044
9144,8100,1044
9145,8101,1044
9146,8102,1044
9148,8104,1044
9149,8105,1044
9151,8107,1044
9152,8108,1044
9153,8109,1044
9154,8110,1044
9155,8111,1044
9156,8112,1044
9157,8113,1044
9158,8114,1044
9159,8115,1044
9160,8116,1044
9161,8117,1044
9162,8118,1044
9164,8120,1044
9165,8121,1044
9166,8122,1044
9167,8123,1044
9168,8124,1044
9169,8125,1044
9170,8126,1044
9172,8128,1044
9173,8129,1044
9175,8131,1044
9176,8132,1044
9177,8133,1044
9178,8134,1044
9179,8135,1044
9180,8136,1044
9181,8137,1044
9182,8138,1044
9183,8139,1044
9184,8140,1044
9185,8141,1044
9186,8142,1044
9188,8144,1044
9189,8145,1044
9190,8146,1044
9191,8147,1044
9192,8148,1044
9193,8149,1044
9194,8150,1044
9196,8152,1044
9197,8153,1044
9199,8155,1044
9200,8156,1044
9201,8157,1044
9202,8158,1044
9203,8159,1044
9204,8160,1044
9205,8161,1044
9206,8162,1044
9207,8163,1044
9208,8164,1044
9209,8165,1044
9210,8166,1044
9212,8168,1044
9213,8169,1044
9214,8170,1044
9215,8171,1044
9216,8172,1044
9217,8173,1044
9218,8174,1044
9220,8176,1044
9221,8177,1044
9223,8179,1044
9224,8180,1044
9225,8181,1044
9226,8182,1044
9227,8183,1044
9228,8184,1044
9229,8185,1044
9230,8186,1044
9231,8187,1044
9232,8188,1044
9233,8189,1044
9234,8190,1044
9236,8192,1044
9237,8193,1044
9238,8194,1044
9239,8195,1044
9240,8196,1044
9241,8197,1044
9242,8198,1044
9244,8200,1044
9245,8201,1044
9247,8203,1044
9248,8204,1044
9249,8205,1044
9250,8206,1044
9251,8207,1044
9252,8208,1044
9253,8209,1044
9254,8210,1044
9255,8211,1044
9256,8212,1044
9257,8213,1044
9258,8214,1044
9260,8216,1044
9261,8217,1044
9262,8218,1044
9263,8219,1044
9264,8220,1044
9265,8221,1044
9266,8222,1044
9268,8224,1044
9269,8225,1044
9271,8227,1044
9272,8228,1044
9273,8229,1044
9274,8230,1044
9275,8231,1044
9276,8232,1044
9277,8233,1044
9278,8234,1044
9279,8235,1044
9280,8236,1044
9281,8237,1044
9282,8238,1044
9284,8240,1044
9285,8241,1044
9286,8242,1044
9287,8243,1044
9288,8244,1044
9289,8245,1044
9290,8246,1044
9292,8248,1044
9293,8249,1044
9295,8251,1044
9296,8252,1044
9297,8253,1044
9298,8254,1044
9299,8255,1044
9300,8256,1044
9301,8257,1044
9302,8258,1044
9303,8259,1044
9304,8260,1044
9305,8261,1044
9306,8262,1044
9308,8264,1044
9309,8265,1044
9310,8266,1044
9311,8267,1044
9312,8268,1044
9313,8269,1044
9314,8270,1044
9316,8272,1044
9317,8273,1044
9319,8275,1044
9320,8276,1044
9321,8277,1044
9322,8278,1044
9323,8279,1044
9324,8280,1044
9325,8281,1044
9326,8282,1044
9327,8283,1044
9328,8284,1044
9329,8285,1044
9330,8286,1044
9332,8288,1044
9333,8289,1044
9334,8290,1044
9335,8291,1044
9336,8292,1044
9337,8293,1044
9338,8294,1044
9340,8296,1044
9341,8297,1044
9343,8299,1044
9344,8300,1044
9345,8301,1044
9346,8302,1044
9347,8303,1044
9348,8304,1044
9349,8305,1044
9350,8306,1044
9351,8307,1044
9352,8308,1044
9353,8309,1044
9354,8310,1044
9356,8312,1044
9357,8313,1044
9358,8314,1044
9359,8315,1044
9360,8316,1044
9361,8317,1044
9362,8318,1044
9364,8320,1044
9365,8321,1044
9367,8323,1044
9368,8324,1044
9369,8325,1044
9370,8326,1044
9371,8327,1044
9372,8328,1044
9373,8329,1044
9374,8330,1044
9375,8331,1044
9376,8332,1044
9377,8333,1044
9378,8334,1044
9380,8336,1044
9381,8337,1044
9382,8338,1044
9383,8339,1044
9384,8340,1044
9385,8341,1044
9386,8342,1044
9388,8344,1044
9389,8345,1044
9391,8347,1044
9392,8348,1044
9393,8349,1044
9394,8350,1044
9395,8351,1044
9396,8352,1044
9397,8353,1044
9398,8354,1044
9399,8355,1044
9400,8356,1044
9401,8357,1044
9402,8358,1044
9404,8360,1044
9405,8361,1044
9406,8362,1044
9407,8363,1044
9408,8364,1044
9409,8365,1044
9410,8366,1044
9412,8368,1044
9413,8369,1044
9415,8371,1044
9416,8372,1044
9417,8373,1044
9418,8374,1044
9419,8375,1044
9420,8376,1044
9421,8377,1044
9422,8378,1044
9423,8379,1044
9424,8380,1044
9425,8381,1044
9426,8382,1044
9428,8384,1044
9429,8385,1044
9430,8386,1044
9431,8387,1044
9432,8388,1044
9433,8389,1044
9434,8390,1044
9436,8392,1044
9437,8393,1044
9439,8395,1044
9440,8396,1044
9441,8397,1044
9442,8398,1044
9443,8399,1044
9444,8400,1044
9445,8401,1044
9446,8402,1044
9447,8403,1044
9448,8404,1044
9449,8405,1044
9450,8406,1044
9452,8408,1044
9453,8409,1044
9454,8410,1044
9455,8411,1044
9456,8412,1044
9457,8413,1044
9458,8414,1044
9460,8416,1044
9461,8417,1044
9463,8419,1044
9464,8420,1044
9465,8421,1044
9466,8422,1044
9467,8423,1044
9468,8424,1044
9469,8425,1044
9470,8426,1044
9471,8427,1044
9472,8428,1044
9473,8429,1044
9474,8430,1044
9476,8432,1044
9477,8433,1044
9478,8434,1044
9479,8435,1044
9480,8436,1044
9481,8437,1044
9482,8438,1044
9484,8440,1044
9485,8441,1044
9487,8443,1044
9488,8444,1044
9489,8445,1044
9490,8446,1044
9491,8447,1044
9492,8448,1044
9493,8449,1044
9494,8450,1044
9495,8451,1044
9496,8452,1044
9497,8453,1044
9498,8454,1044
9500,8456,1044
9501,8457,1044
9502,8458,1044
9503,8459,1044
9504,8460,1044
9505,8461,1044
9506,8462,1044
9508,8464,1044
9509,8465,1044
9511,8467,1044
9512,8468,1044
9513,8469,1044
9514,8470,1044
9515,8471,1044
9516,8472,1044
9517,8473,1044
9518,8474,1044
9519,8475,1044
9520,8476,1044
9521,8477,1044
9522,8478,1044
9524,8480,1044
9525,8481,1044
9526,8482,1044
9527,8483,1044
9528,8484,1044
9529,8485,1044
9530,8486,1044
9532,8488,1044
9533,8489,1044
9535,8491,1044
9536,8492,1044
9537,8493,1044
9538,8494,1044
9539,8495,1044
9540,8496,1044
9541,8497,1044
9542,8498,1044
9543,8499,1044
9544,8500,1044
9545,8501,1044
9546,8502,1044
9548,8504,1044
9550,8506,1044
9551,8507,1044
9553,8509,1044
9554,8510,1044
9555,8511,1044
9557,8513,1044
9558,8514,1044
9559,8515,1044
9560,8516,1044
9561,8517,1044
9562,8518,1044
9563,8519,1044
9565,8521,1044
9566,8522,1044
9567,8523,1044
9568,8524,1044
9569,8525,1044
9571,8527,1044
9572,8528,1044
9573,8529,1044
9575,8531,1044
9576,8532,1044
9578,8534,1044
9579,8535,1044
9580,8536,1044
9582,8538,1044
9583,8539,1044
9584,8540,1044
9585,8541,1044
9587,8543,1044
9588,8544,1044
9589,8545,1044
9591,8547,1044
9593,8549,1044
9594,8550,1044
9595,8551,1044
9596,8552,1044
9598,8554,1044
9599,8555,1044
9601,8557,1044
9602,8558,1044
9603,8559,1044
9605,8561,1044
9606,8562,1044
9607,8563,1044
9608,8564,1044
9610,8566,1044
9612,8568,1044
9613,8569,1044
9614,8570,1044
9615,8571,1044
9617,8573,1044
9618,8574,1044
9619,8575,1044
9620,8576,1044
9622,8578,1044
9623,8579,1044
9624,8580,1044
9625,8581,1044
9626,8582,1044
9627,8583,1044
9629,8585,1044
9630,8586,1044
9631,8587,1044
9632,8588,1044
9634,8590,1044
9636,8592,1044
9637,8593,1044
9638,8594,1044
9639,8595,1044
9641,8597,1044
9642,8598,1044
9644,8600,1044
9645,8601,1044
9647,8603,1044
9648,8604,1044
9649,8605,1044
9650,8606,1044
9652,8608,1044
9653,8609,1044
9654,8610,1044
9655,8611,1044
9657,8613,1044
9658,8614,1044
9659,8615,1044
9660,8616,1044
9662,8618,1044
9663,8619,1044
9664,8620,1044
9666,8622,1044
9667,8623,1044
9669,8625,1044
9670,8626,1044
9671,8627,1044
9672,8628,1044
9674,8630,1044
9676,8632,1044
9677,8633,1044
9679,8635,1044
9680,8636,1044
9682,8638,1044
9684,8640,1044
9685,8641,1044
9686,8642,1044
9687,8643,1044
9689,8645,1044
9690,8646,1044
9691,8647,1044
9692,8648,1044
9693,8649,1044
9695,8651,1044
9696,8652,1044
9697,8653,1044
9698,8654,1044
9700,8656,1044
9701,8657,1044
9702,8658,1044
9704,8660,1044
9706,8662,1044
9707,8663,1044
9708,8664,1044
9710,8666,1044
9711,8667,1044
9712,8668,1044
9713,8669,1044
9714,8670,1044
9715,8671,1044
9716,8672,1044
9718,8674,1044
9719,8675,1044
9721,8677,1044
9722,8678,1044
9723,8679,1044
9724,8680,1044
9725,8681,1044
9727,8683,1044
9729,8685,1044
9730,8686,1044
9731,8687,1044
9732,8688,1044
9734,8690,1044
9735,8691,1044
9736,8692,1044
9737,8693,1044
9739,8695,1044
9740,8696,1044
9741,8697,1044
9742,8698,1044
9743,8699,1044
9744,8700,1044
9746,8702,1044
9747,8703,1044
9748,8704,1044
9749,8705,1044
9751,8707,1044
9752,8708,1044
9753,8709,1044
9754,8710,1044
9755,8711,1044
9756,8712,1044
9757,8713,1044
9759,8715,1044
9760,8716,1044
9762,8718,1044
9763,8719,1044
9764,8720,1044
9766,8722,1044
9767,8723,1044
9768,8724,1044
9769,8725,1044
9771,8727,1044
9772,8728,1044
9774,8730,1044
9775,8731,1044
9777,8733,1044
9778,8734,1044
9779,8735,1044
9780,8736,1044
9781,8737,1044
9782,8738,1044
9784,8740,1044
9785,8741,1044
9786,8742,1044
9787,8743,1044
9788,8744,1044
9789,8745,1044
9790,8746,1044
9791,8747,1044
9793,8749,1044
9794,8750,1044
9795,8751,1044
9796,8752,1044
9797,8753,1044
9798,8754,1044
9800,8756,1044
9801,8757,1044
9802,8758,1044
9803,8759,1044
9804,8760,1044
9805,8761,1044
9806,8762,1044
9807,8763,1044
9809,8764,1045
9811,8766,1045
9812,8767,1045
9813,8768,1045
9814,8769,1045
9816,8771,1045
9817,8772,1045
9818,8773,1045
9819,8774,1045
9820,8775,1045
9821,8776,1045
9822,8777,1045
9823,8778,1045
9825,8779,1046
9827,8781,1046
9828,8782,1046
9829,8783,1046
9830,8784,1046
9831,8785,1046
9833,8787,1046
9835,8789,1046
9836,8790,1046
9837,8791,1046
9838,8792,1046
9840,8794,1046
9842,8796,1046
9843,8797,1046
9844,8798,1046
9845,8799,1046
9847,8801,1046
9848,8802,1046
9849,8803,1046
9850,8804,1046
9852,8806,1046
9853,8807,1046
9854,8808,1046
9856,8810,1046
9857,8811,1046
9859,8813,1046
9860,8814,1046
9861,8815,1046
9862,8816,1046
9864,8818,1046
9866,8820,1046
9867,8821,1046
9869,8822,1047
9870,8823,1047
9872,8824,1048
9874,8826,1048
9875,8827,1048
9876,8828,1048
9877,8829,1048
9879,8831,1048
9880,8832,1048
9881,8833,1048
9882,8834,1048
9883,8835,1048
9885,8837,1048
9886,8838,1048
9887,8839,1048
9888,8840,1048
9890,8842,1048
9891,8843,1048
9892,8844,1048
9894,8846,1048
9895,8847,1048
9896,8848,1048
9897,8849,1048
9899,8851,1048
9900,8852,1048
9901,8853,1048
9902,8854,1048
9903,8855,1048
9905,8857,1048
9906,8858,1048
9907,8859,1048
9908,8860,1048
9910,8862,1048
9911,8863,1048
9913,8865,1048
9914,8866,1048
9915,8867,1048
9916,8868,1048
9917,8869,1048
9919,8871,1048
9921,8873,1048
9922,8874,1048
9923,8875,1048
9924,8876,1048
9925,8877,1048
9927,8879,1048
9928,8880,1048
9930,8882,1048
9931,8883,1048
9932,8884,1048
9934,8885,1049
9936,8887,1049
9937,8888,1049
9938,8889,1049
9939,8890,1049
9941,8892,1049
9942,8893,1049
9943,8894,1049
9944,8895,1049
9946,8897,1049
9947,8898,1049
9948,8899,1049
9949,8900,1049
9950,8901,1049
9952,8903,1049
9953,8904,1049
9954,8905,1049
9955,8906,1049
9957,8908,1049
9958,8909,1049
9959,8910,1049
9961,8912,1049
9962,8913,1049
9963,8914,1049
9964,8915,1049
9965,8916,1049
9966,8917,1049
9967,8918,1049
9968,8919,1049
9970,8921,1049
9971,8922,1049
9972,8923,1049
9973,8924,1049
9975,8926,1049
9976,8927,1049
9977,8928,1049
9978,8929,1049
9980,8931,1049
9982,8933,1049
9984,8935,1049
9985,8936,1049
9986,8937,1049
9987,8938,1049
9989,8939,1050
9990,8940,1050
9991,8941,1050
9993,8943,1050
9994,8944,1050
9996,8946,1050
9997,8947,1050
9999,8948,1051
10000,8949,1051
10001,8950,1051
10002,8951,1051
10003,8952,1051
10004,8953,1051
10006,8955,1051
10007,8956,1051
10008,8957,1051
10009,8958,1051
10010,8959,1051
10011,8960,1051
10013,8962,1051
10014,8963,1051
10016,8964,1052
10017,8965,1052
10019,8967,1052
10020,8968,1052
10021,8969,1052
10022,8970,1052
10023,8971,1052
10024,8972,1052
10025,8973,1052
10026,8974,1052
10028,8976,1052
10029,8977,1052
10031,8979,1052
10032,8980,1052
10034,8982,1052
10035,8983,1052
10036,8984,1052
10037,8985,1052
10038,8986,1052
10039,8986,1053
10040,8987,1053
10041,8988,1053
10042,8989,1053
10043,8990,1053
10045,8991,1054
10047,8993,1054
10048,8994,1054
10049,8995,1054
10050,8996,1054
10051,8997,1054
10053,8999,1054
10054,9000,1054
10055,9001,1054
10056,9002,1054
10058,9004,1054
10059,9005,1054
10060,9006,1054
10062,9007,1055
10064,9008,1056
10066,9010,1056
10067,9011,1056
10068,9012,1056
10070,9014,1056
10071,9015,1056
10072,9016,1056
10073,9017,1056
10075,9019,1056
10076,9020,1056
10078,9022,1056
10079,9023,1056
10080,9024,1056
10082,9026,1056
10084,9028,1056
10086,9030,1056
10087,9031,1056
10089,9033,1056
10090,9034,1056
10091,9035,1056
10092,9036,1056
10093,9037,1056
10095,9039,1056
10096,9040,1056
10097,9041,1056
10099,9043,1056
10100,9044,1056
10101,9045,1056
10102,9046,1056
10103,9047,1056
10105,9049,1056
10106,9050,1056
10107,9051,1056
10108,9052,1056
10109,9053,1056
10110,9054,1056
10111,9055,1056
10112,9056,1056
10113,9057,1056
10115,9059,1056
10116,9060,1056
10117,9061,1056
10118,9062,1056
10119,9063,1056
10120,9064,1056
10121,9065,1056
10123,9067,1056
10124,9068,1056
10126,9070,1056
10127,9071,1056
10128,9072,1056
10129,9073,1056
10130,9074,1056
10131,9075,1056
10132,9076,1056
10133,9077,1056
10134,9078,1056
10135,9079,1056
10136,9080,1056
10137,9081,1056
10139,9083,1056
10140,9084,1056
10141,9085,1056
10142,9086,1056
10143,9087,1056
10144,9088,1056
10145,9089,1056
10147,9091,1056
10148,9092,1056
10150,9094,1056
10151,9095,1056
10152,9096,1056
10153,9097,1056
10154,9098,1056
10155,9099,1056
10156,9100,1056
10157,9101,1056
10158,9102,1056
10159,9103,1056
10160,9104,1056
10161,9105,1056
10163,9107,1056
10164,9108,1056
10165,9109,1056
10166,9110,1056
10167,9111,1056
10168,9112,1056
10169,9113,1056
10171,9115,1056
10172,9116,1056
10174,9118,1056
10175,9119,1056
10176,9120,1056
10177,9121,1056
10178,9122,1056
10179,9123,1056
10180,9124,1056
10181,9125,1056
10182,9126,1056
10183,9127,1056
10184,9128,1056
10185,9129,1056
10187,9131,1056
10188,9132,1056
10189,9133,1056
10190,9134,1056
10191,9135,1056
10192,9136,1056
10193,9137,1056
10195,9139,1056
10196,9140,1056
10198,9142,1056
10199,9143,1056
10200,9144,1056
10201,9145,1056
10202,9146,1056
10203,9147,1056
10204,9148,1056
10205,9149,1056
10206,9150,1056
10207,9151,1056
10208,9152,1056
10209,9153,1056
10211,9155,1056
10212,9156,1056
10213,9157,1056
10214,9158,1056
10215,9159,1056
10216,9160,1056
10217,9161,1056
10219,9163,1056
10220,9164,1056
10222,9166,1056
10223,9167,1056
10224,9168,1056
10225,9169,1056
10226,9170,1056
10227,9171,1056
10228,9172,1056
10229,9173,1056
10230,9174,1056
10231,9175,1056
10232,9176,1056
10233,9177,1056
10235,9179,1056
10236,9180,1056
10237,9181,1056
10238,9182,1056
10239,9183,1056
10240,9184,1056
10241,9185,1056
10243,9187,1056
10244,9188,1056
10246,9190,1056
10247,9191,1056
10248,9192,1056
10249,9193,1056
10250,9194,1056
10251,9195,1056
10252,9196,1056
10253,9197,1056
10254,9198,1056
10255,9199,1056
10256,9200,1056
10257,9201,1056
10259,9203,1056
10260,9204,1056
10261,9205,1056
10262,9206,1056
10263,9207,1056
10264,9208,1056
10265,9209,1056
10267,9211,1056
10268,9212,1056
10270,9214,1056
10271,9215,1056
10272,9216,1056
10273,9217,1056
10274,9218,1056
10275,9219,1056
10276,9220,1056
10277,9221,1056
10278,9222,1056
10279,9223,1056
10280,9224,1056
10281,9225,1056
10283,9227,1056
10284,9228,1056
10285,9229,1056
10286,9230,1056
10287,9231,1056
10288,9232,1056
10289,9233,1056
10291,9235,1056
10292,9236,1056
10294,9238,1056
10295,9239,1056
10296,9240,1056
10297,9241,1056
10298,9242,1056
10299,9243,1056
10300,9244,1056
10301,9245,1056
10302,9246,1056
10303,9247,1056
10304,9248,1056
10305,9249,1056
10307,9251,1056
10308,9252,1056
10309,9253,1056
10310,9254,1056
10311,9255,1056
10312,9256,1056
10313,9257,1056
10315,9259,1056
10316,9260,1056
10318,9262,1056
10319,9263,1056
10320,9264,1056
10321,9265,1056
10322,9266,1056
10323,9267,1056
10324,9268,1056
10325,9269,1056
10326,9270,1056
10327,9271,1056
10328,9272,1056
10329,9273,1056
10331,9275,1056
10332,9276,1056
10333,9277,1056
10334,9278,1056
10335,9279,1056
10336,9280,1056
10337,9281,1056
10339,9283,1056
10340,9284,1056
10342,9286,1056
10343,9287,1056
10344,9288,1056
10345,9289,1056
10346,9290,1056
10347,9291,1056
10348,9292,1056
10349,9293,1056
10350,9294,1056
10351,9295,1056
10352,9296,1056
10353,9297,1056
10355,9299,1056
10356,9300,1056
10357,9301,1056
10358,9302,1056
10359,9303,1056
10360,9304,1056
10361,9305,1056
10363,9307,1056
10364,9308,1056
10366,9310,1056
10367,9311,1056
10368,9312,1056
10369,9313,1056
10370,9314,1056
10371,9315,1056
10372,9316,1056
10373,9317,1056
10374,9318,1056
10375,9319,1056
10376,9320,1056
10377,9321,1056
10379,9323,1056
10380,9324,1056
10381,9325,1056
10382,9326,1056
10383,9327,1056
10384,9328,1056
10385,9329,1056
10387,9331,1056
10388,9332,1056
10390,9334,1056
10391,9335,1056
10392,9336,1056
10393,9337,1056
10394,9338,1056
10395,9339,1056
10396,9340,1056
10397,9341,1056
10398,9342,1056
10399,9343,1056
10400,9344,1056
10401,9345,1056
10403,9347,1056
10404,9348,1056
10405,9349,1056
10406,9350,1056
10407,9351,1056
10408,9352,1056
10409,9353,1056
10411,9355,1056
10412,9356,1056
10414,9358,1056
10415,9359,1056
10416,9360,1056
10417,9361,1056
10418,9362,1056
10419,9363,1056
10420,9364,1056
10421,9365,1056
10422,9366,1056
10423,9367,1056
10424,9368,1056
10425,9369,1056
10427,9371,1056
10428,9372,1056
10429,9373,1056
10430,9374,1056
10431,9375,1056
10432,9376,1056
10433,9377,1056
10435,9379,1056
10436,9380,1056
10438,9382,1056
10439,9383,1056
10440,9384,1056
10441,9385,1056
10442,9386,1056
10443,9387,1056
10445,9389,1056
10447,9391,1056
10448,9392,1056
10450,9394,1056
10451,9395,1056
10452,9396,1056
10454,9398,1056
10455,9399,1056
10456,9400,1056
10457,9401,1056
10458,9402,1056
10459,9403,1056
10460,9404,1056
10462,9406,1056
10463,9407,1056
10464,9408,1056
10465,9409,1056
10466,9410,1056
10468,9412,1056
10469,9413,1056
10470,9414,1056
10472,9416,1056
10473,9417,1056
10475,9419,1056
10476,9420,1056
10477,9421,1056
10479,9423,1056
10480,9424,1056
10481,9425,1056
10482,9426,1056
10484,9428,1056
10485,9429,1056
10486,9430,1056
10487,9431,1056
10488,9432,1056
10490,9434,1056
10491,9435,1056
10492,9436,1056
10493,9437,1056
10495,9439,1056
10497,9441,1056
10498,9442,1056
10499,9443,1056
10500,9444,1056
10502,9446,1056
10503,9447,1056
10505,9449,1056
10506,9450,1056
10508,9452,1056
10509,9453,1056
10510,9454,1056
10511,9455,1056
10513,9457,1056
10514,9458,1056
10515,9459,1056
10516,9460,1056
10518,9462,1056
10519,9463,1056
10520,9464,1056
10521,9465,1056
10523,9467,1056
10524,9468,1056
10525,9469,1056
10527,9471,1056
10528,9472,1056
10530,9474,1056
10531,9475,1056
10532,9476,1056
10533,9477,1056
10534,9478,1056
10536,9480,1056
10538,9482,1056
10539,9483,1056
10540,9484,1056
10542,9486,1056
10543,9487,1056
10544,9488,1056
10545,9489,1056
10546,9490,1056
10547,9491,1056
10548,9492,1056
10550,9494,1056
10551,9495,1056
10553,9497,1056
10554,9498,1056
10555,9499,1056
10556,9500,1056
10557,9501,1056
10559,9503,1056
10561,9505,1056
10562,9506,1056
10563,9507,1056
10564,9508,1056
10566,9510,1056
10567,9511,1056
10568,9512,1056
10569,9513,1056
10571,9515,1056
10572,9516,1056
10573,9517,1056
10574,9518,1056
10575,9519,1056
10576,9520,1056
10578,9522,1056
10579,9523,1056
10580,9524,1056
10581,9525,1056
10583,9527,1056
10584,9528,1056
10585,9529,1056
10586,9530,1056
10587,9531,1056
10588,9532,1056
10589,9533,1056
10591,9535,1056
10592,9536,1056
10594,9538,1056
10595,9539,1056
10596,9540,1056
10598,9542,1056
10599,9543,1056
10600,9544,1056
10601,9545,1056
10603,9547,1056
10604,9548,1056
10606,9550,1056
10607,9551,1056
10609,9553,1056
10610,9554,1056
10611,9555,1056
10612,9556,1056
10613,9557,1056
10614,9558,1056
10616,9560,1056
10617,9561,1056
10618,9562,1056
10619,9563,1056
10620,9564,1056
10621,9565,1056
10622,9566,1056
10623,9567,1056
10625,9569,1056
10626,9570,1056
10627,9571,1056
10628,9572,1056
10629,9573,1056
10630,9574,1056
10632,9576,1056
10633,9577,1056
10634,9578,1056
10635,9579,1056
10636,9580,1056
10637,9581,1056
10638,9582,1056
10639,9583,1056
10641,9585,1056
10642,9586,1056
10643,9587,1056
10644,9588,1056
10645,9589,1056
10646,9590,1056
10648,9592,1056
10650,9594,1056
10651,9595,1056
10652,9596,1056
10653,9597,1056
10654,9598,1056
10656,9600,1056
10658,9602,1056
10659,9603,1056
10660,9604,1056
10661,9605,1056
10663,9607,1056
10665,9609,1056
10666,9610,1056
10667,9611,1056
10668,9612,1056
10670,9614,1056
10671,9615,1056
10672,9616,1056
10673,9617,1056
10675,9619,1056
10676,9620,1056
10677,9621,1056
10679,9623,1056
10680,9624,1056
10682,9626,1056
10683,9627,1056
10684,9628,1056
10685,9629,1056
10686,9630,1056
10688,9632,1056
10689,9633,1056
10690,9634,1056
10691,9635,1056
10693,9637,1056
10694,9638,1056
10695,9639,1056
10696,9640,1056
10697,9641,1056
10699,9643,1056
10700,9644,1056
10701,9645,1056
10702,9646,1056
10704,9648,1056
10705,9649,1056
10707,9651,1056
10708,9652,1056
10709,9653,1056
10710,9654,1056
10711,9655,1056
10713,9657,1056
10715,9659,1056
10716,9660,1056
10717,9661,1056
10718,9662,1056
10719,9663,1056
10721,9665,1056
10722,9666,1056
10723,9667,1056
10724,9668,1056
10725,9669,1056
10726,9670,1056
10727,9671,1056
10729,9673,1056
10730,9674,1056
10731,9675,1056
10732,9676,1056
10733,9677,1056
10734,9678,1056
10736,9680,1056
10738,9682,1056
10739,9683,1056
10741,9685,1056
10742,9686,1056
10743,9687,1056
10744,9688,1056
10746,9690,1056
10748,9692,1056
10749,9693,1056
10751,9695,1056
10752,9696,1056
10753,9697,1056
10754,9698,1056
10756,9700,1056
10758,9702,1056
10759,9703,1056
10761,9705,1056
10762,9706,1056
10763,9707,1056
10764,9708,1056
10766,9710,1056
10768,9712,1056
10769,9713,1056
10771,9715,1056
10772,9716,1056
10773,9717,1056
10774,9718,1056
10776,9720,1056
10777,9721,1056
10778,9722,1056
10780,9724,1056
10781,9725,1056
10783,9727,1056
10785,9729,1056
10786,9730,1056
10788,9732,1056
10789,9733,1056
10791,9735,1056
10792,9736,1056
10794,9738,1056
10796,9740,1056
10798,9742,1056
10799,9743,1056
10800,9744,1056
10801,9745,1056
10802,9746,1056
10803,9747,1056
10804,9748,1056
10806,9750,1056
10807,9751,1056
10809,9753,1056
10810,9754,1056
10812,9756,1056
10813,9757,1056
10814,9758,1056
10816,9760,1056
10818,9762,1056
10819,9763,1056
10820,9764,1056
10821,9765,1056
10823,9767,1056
10824,9768,1056
10825,9769,1056
10826,9770,1056
10828,9772,1056
10829,9773,1056
10830,9774,1056
10831,9775,1056
10832,9776,1056
10833,9777,1056
10835,9779,1056
10836,9780,1056
10837,9781,1056
10838,9782,1056
10840,9784,1056
10841,9785,1056
10842,9786,1056
10843,9787,1056
10844,9788,1056
10846,9790,1056
10847,9791,1056
10849,9793,1056
10850,9794,1056
10852,9796,1056
10853,9797,1056
10854,9798,1056
10855,9799,1056
10857,9801,1056
10859,9803,1056
10860,9804,1056
10861,9805,1056
10862,9806,1056
10864,9808,1056
10865,9809,1056
10866,9810,1056
10868,9812,1056
10869,9813,1056
10870,9814,1056
10871,9815,1056
10872,9816,1056
10873,9817,1056
10874,9818,1056
10876,9820,1056
10877,9820,1057
10878,9821,1057
10879,9822,1057
10880,9823,1057
10881,9824,1057
10882,9825,1057
10883,9826,1057
10885,9828,1057
10886,9829,1057
10887,9830,1057
10888,9831,1057
10889,9832,1057
10890,9833,1057
10892,9835,1057
10893,9836,1057
10894,9837,1057
10895,9838,1057
10896,9839,1057
10897,9840,1057
10898,9841,1057
10899,9842,1057
10901,9844,1057
10903,9846,1057
10904,9847,1057
10905,9848,1057
10906,9849,1057
10907,9850,1057
10909,9852,1057
10910,9853,1057
10911,9854,1057
10912,9855,1057
10913,9856,1057
10915,9858,1057
10916,9859,1057
10917,9860,1057
10919,9862,1057
10921,9863,1058
10922,9864,1058
10924,9866,1058
10925,9867,1058
10927,9869,1058
10928,9870,1058
10929,9871,1058
10930,9872,1058
10932,9874,1058
10933,9875,1058
10935,9877,1058
10936,9878,1058
10937,9879,1058
10938,9880,1058
10940,9882,1058
10941,9883,1058
10942,9884,1058
10943,9885,1058
10944,9886,1058
10946,9888,1058
10947,9889,1058
10948,9890,1058
10950,9892,1058
10951,9893,1058
10952,9894,1058
10953,9895,1058
10954,9896,1058
10956,9898,1058
10957,9899,1058
10958,9900,1058
10959,9901,1058
10961,9903,1058
10962,9904,1058
10963,9905,1058
10964,9906,1058
10966,9908,1058
10967,9909,1058
10969,9911,1058
10970,9912,1058
10971,9913,1058
10973,9915,1058
10974,9916,1058
10975,9917,1058
10976,9918,1058
10978,9920,1058
10979,9921,1058
10980,9922,1058
10982,9924,1058
10984,9926,1058
10985,9927,1058
10986,9928,1058
10988,9929,1059
10990,9931,1059
10991,9932,1059
10992,9933,1059
10994,9935,1059
10996,9937,1059
10998,9939,1059
10999,9940,1059
11001,9942,1059
11002,9943,1059
11003,9944,1059
11005,9945,1060
11007,9947,1060
11008,9948,1060
11009,9949,1060
11011,9951,1060
11012,9952,1060
11014,9954,1060
11015,9955,1060
11017,9957,1060
11018,9958,1060
11019,9959,1060
11020,9960,1060
11021,9961,1060
11022,9962,1060
11024,9964,1060
11025,9965,1060
11027,9967,1060
11028,9968,1060
11029,9969,1060
11031,9971,1060
11033,9973,1060
11035,9975,1060
11036,9976,1060
11038,9978,1060
11039,9979,1060
11040,9980,1060
11041,9981,1060
11042,9982,1060
11044,9984,1060
11045,9985,1060
11046,9986,1060
11047,9987,1060
11049,9989,1060
11050,9990,1060
11051,9991,1060
11053,9993,1060
11055,9994,1061
11056,9995,1061
11057,9996,1061
11058,9997,1061
11059,9998,1061
11061,10000,1061
11063,10001,1062
11064,10002,1062
11065,10003,1062
11066,10004,1062
11067,10005,1062
11068,10006,1062
11069,10007,1062
11070,10008,1062
11071,10009,1062
11072,10010,1062
11073,10011,1062
11074,10012,1062
11075,10013,1062
11076,10014,1062
11077,10015,1062
11078,10016,1062
11079,10017,1062
11080,10018,1062
11082,10019,1063
11084,10021,1063
11085,10022,1063
11087,10023,1064
11088,10024,1064
11089,10025,1064
11090,10026,1064
11092,10028,1064
11093,10029,1064
11095,10031,1064
11096,10032,1064
11098,10034,1064
11099,10035,1064
11101,10037,1064
11102,10038,1064
11104,10040,1064
11106,10041,1065
11107,10042,1065
11108,10043,1065
11109,10044,1065
11110,10045,1065
11112,10047,1065
11113,10048,1065
11115,10049,1066
11116,10050,1066
11117,10050,1067
11118,10051,1067
11119,10051,1068
11120,10052,1068
11122,10053,1069
11124,10053,1071
11125,10054,1071
11126,10055,1071
11127,10056,1071
11128,10057,1071
11130,10058,1072
11131,10058,1073
11133,10059,1074
11134,10060,1074
11135,10061,1074
11136,10062,1074
11138,10063,1075
11139,10064,1075
11140,10065,1075
11141,10066,1075
11142,10067,1075
11144,10069,1075
11146,10071,1075
11147,10072,1075
11148,10073,1075
11149,10074,1075
11150,10075,1075
11151,10076,1075
11153,10077,1076
11154,10078,1076
11155,10079,1076
11156,10080,1076
11157,10081,1076
11159,10082,1077
11160,10083,1077
11161,10084,1077
11162,10085,1077
11164,10086,1078
11165,10087,1078
11166,10088,1078
11167,10089,1078
11168,10090,1078
11169,10091,1078
11171,10092,1079
11172,10093,1079
11173,10094,1079
11174,10095,1079
11175,10096,1079
11177,10097,1080
11179,10099,1080
11180,10100,1080
11181,10100,1081
11183,10101,1082
11185,10103,1082
11186,10104,1082
11187,10105,1082
11188,10106,1082
11190,10107,1083
11192,10108,1084
11193,10109,1084
11194,10110,1084
11195,10111,1084
11197,10112,1085
11198,10112,1086
11199,10113,1086
11201,10114,1087
11202,10115,1087
11203,10116,1087
11204,10117,1087
11205,10118,1087
11207,10119,1088
11208,10120,1088
11209,10120,1089
11211,10121,1090
11212,10122,1090
11213,10123,1090
11215,10124,1091
11217,10125,1092
11218,10126,1092
11219,10127,1092
11220,10128,1092
11222,10129,1093
11223,10130,1093
11224,10131,1093
11225,10132,1093
11226,10133,1093
11227,10134,1093
11229,10135,1094
11230,10136,1094
11231,10136,1095
11232,10137,1095
11233,10138,1095
11234,10138,1096
11236,10139,1097
11237,10139,1098
11238,10140,1098
11240,10140,1100
11242,10141,1101
11244,10142,1102
11245,10143,1102
11246,10143,1103
11247,10144,1103
11248,10144,1104
11250,10146,1104
11252,10147,1105
11253,10148,1105
11254,10149,1105
11256,10150,1106
11257,10151,1106
11258,10152,1106
11259,10152,1107
11260,10153,1107
11261,10154,1107
11263,10155,1108
11265,10156,1109
11266,10157,1109
11267,10158,1109
11268,10159,1109
11269,10160,1109
11271,10161,1110
11272,10162,1110
11273,10163,1110
11274,10164,1110
11275,10165,1110
11276,10166,1110
11278,10167,1111
11279,10168,1111
11280,10169,1111
11281,10170,1111
11283,10171,1112
11284,10172,1112
11285,10173,1112
11286,10174,1112
11287,10174,1113
11288,10175,1113
11289,10176,1113
11291,10177,1114
11292,10178,1114
11293,10179,1114
11294,10180,1114
11296,10181,1115
11297,10182,1115
11298,10183,1115
11299,10184,1115
11300,10185,1115
11302,10186,1116
11304,10188,1116
11305,10189,1116
11306,10190,1116
11307,10191,1116
11308,10192,1116
11309,10193,1116
11311,10194,1117
11312,10195,1117
11313,10196,1117
11314,10197,1117
11315,10198,1117
11316,10199,1117
11317,10199,1118
11318,10200,1118
11319,10201,1118
11321,10203,1118
11322,10204,1118
11324,10206,1118
11325,10207,1118
11327,10209,1118
11328,10210,1118
11329,10211,1118
11331,10213,1118
11332,10214,1118
11334,10216,1118
11335,10217,1118
11337,10218,1119
11338,10219,1119
11340,10220,1120
11341,10221,1120
11342,10221,1121
11343,10222,1121
11344,10223,1121
11345,10224,1121
11347,10225,1122
11349,10226,1123
11350,10227,1123
11351,10228,1123
11353,10229,1124
11355,10230,1125
11356,10231,1125
11357,10232,1125
11358,10233,1125
11359,10234,1125
11361,10235,1126
11362,10236,1126
11363,10237,1126
11364,10238,1126
11366,10239,1127
11367,10240,1127
11368,10241,1127
11369,10242,1127
11371,10242,1129
11372,10243,1129
11373,10244,1129
11374,10245,1129
11375,10246,1129
11376,10247,1129
11377,10248,1129
11378,10249,1129
11379,10250,1129
11380,10251,1129
11382,10253,1129
11383,10254,1129
11384,10255,1129
11385,10256,1129
11386,10257,1129
11387,10258,1129
11388,10259,1129
11389,10260,1129
11390,10261,1129
11391,10262,1129
11393,10264,1129
11394,10265,1129
11395,10266,1129
11396,10267,1129
11397,10268,1129
11398,10269,1129
11399,10270,1129
11400,10271,1129
11401,10272,1129
11402,10273,1129
11404,10275,1129
11405,10276,1129
11406,10277,1129
11407,10278,1129
11408,10279,1129
11409,10280,1129
11410,10281,1129
11411,10282,1129
11412,10283,1129
11413,10284,1129
11415,10286,1129
11416,10287,1129
11417,10288,1129
11418,10289,1129
11419,10290,1129
11420,10291,1129
11421,10292,1129
11422,10293,1129
11423,10294,1129
11424,10295,1129
11426,10297,1129
11427,10298,1129
11428,10299,1129
11429,10300,1129
11430,10301,1129
11431,10302,1129
11432,10303,1129
11433,10304,1129
11434,10305,1129
11435,10306,1129
11437,10308,1129
11438,10309,1129
11439,10310,1129
11440,10311,1129
11441,10312,1129
11442,10313,1129
11443,10314,1129
11444,10315,1129
11445,10316,1129
11446,10317,1129
11448,10319,1129
11449,10320,1129
11450,10321,1129
11451,10322,1129
11452,10323,1129
11453,10324,1129
11454,10325,1129
11455,10326,1129
11456,10327,1129
11457,10328,1129
11459,10330,1129
11460,10331,1129
11461,10332,1129
11462,10333,1129
11463,10334,1129
11464,10335,1129
11465,10336,1129
11466,10337,1129
11467,10338,1129
11468,10339,1129
11470,10341,1129
11471,10342,1129
11472,10343,1129
11473,10344,1129
11474,10345,1129
11475,10346,1129
11476,10347,1129
11477,10348,1129
11478,10349,1129
11479,10350,1129
11481,10352,1129
11482,10353,1129
11483,10354,1129
11484,10355,1129
11485,10356,1129
11486,10357,1129
11487,10358,1129
11488,10359,1129
11489,10360,1129
11490,10361,1129
11492,10363,1129
11493,10364,1129
11494,10365,1129
11495,10366,1129
11496,10367,1129
11497,10368,1129
11498,10369,1129
11499,10370,1129
11500,10371,1129
11501,10372,1129
11503,10374,1129
11504,10375,1129
11505,10376,1129
11506,10377,1129
11507,10378,1129
11508,10379,1129
11509,10380,1129
11510,10381,1129
11511,10382,1129
11512,10383,1129
11514,10385,1129
11515,10386,1129
11516,10387,1129
11517,10388,1129
11518,10389,1129
11519,10390,1129
11520,10391,1129
11521,10392,1129
11522,10393,1129
11523,10394,1129
11525,10396,1129
11526,10397,1129
11527,10398,1129
11528,10399,1129
11529,10400,1129
11530,10401,1129
11531,10402,1129
11532,10403,1129
11533,10404,1129
11534,10405,1129
11536,10407,1129
11537,10408,1129
11538,10409,1129
11539,10410,1129
11540,10411,1129
11541,10412,1129
11542,10413,1129
11543,10414,1129
11544,10415,1129
11545,10416,1129
11547,10418,1129
11548,10419,1129
11549,10420,1129
11550,10421,1129
11551,10422,1129
11552,10423,1129
11553,10424,1129
11554,10425,1129
11555,10426,1129
11556,10427,1129
11558,10429,1129
11559,10430,1129
11560,10431,1129
11561,10432,1129
11562,10433,1129
11563,10434,1129
11564,10435,1129
11565,10436,1129
11566,10437,1129
11567,10438,1129
11569,10440,1129
11570,10441,1129
11571,10442,1129
11572,10443,1129
11573,10444,1129
11574,10445,1129
11575,10446,1129
11576,10447,1129
11577,10448,1129
11578,10449,1129
11580,10451,1129
11581,10452,1129
11582,10453,1129
11583,10454,1129
11584,10455,1129
11585,10456,1129
11586,10457,1129
11587,10458,1129
11588,10459,1129
11589,10460,1129
11591,10462,1129
11592,10463,1129
11593,10464,1129
11594,10465,1129
11595,10466,1129
11596,10467,1129
11597,10468,1129
11598,10469,1129
11599,10470,1129
11600,10471,1129
11602,10473,1129
11603,10474,1129
11604,10475,1129
11605,10476,1129
11606,10477,1129
11607,10478,1129
11608,10479,1129
11609,10480,1129
11610,10481,1129
11611,10482,1129
11613,10484,1129
11614,10485,1129
11615,10486,1129
11616,10487,1129
11617,10488,1129
11618,10489,1129
11619,10490,1129
11620,10491,1129
11621,10492,1129
11622,10493,1129
11624,10495,1129
11625,10496,1129
11626,10497,1129
11627,10498,1129
11628,10499,1129
11629,10500,1129
11630,10501,1129
11631,10502,1129
11632,10503,1129
11633,10504,1129
11635,10506,1129
11636,10507,1129
11637,10508,1129
11638,10509,1129
11639,10510,1129
11640,10511,1129
11641,10512,1129
11642,10513,1129
11643,10514,1129
11644,10515,1129
11646,10517,1129
11647,10518,1129
11648,10519,1129
11649,10520,1129
11650,10521,1129
11651,10522,1129
11652,10523,1129
11653,10524,1129
11654,10525,1129
11655,10526,1129
11657,10528,1129
11658,10529,1129
11659,10530,1129
11660,10531,1129
11661,10532,1129
11662,10533,1129
11663,10534,1129
11664,10535,1129
11665,10536,1129
11666,10537,1129
11668,10539,1129
11669,10540,1129
11670,10541,1129
11671,10542,1129
11672,10543,1129
11673,10544,1129
11674,10545,1129
11675,10546,1129
11676,10547,1129
11677,10548,1129
11679,10550,1129
11680,10551,1129
11681,10552,1129
11682,10553,1129
11683,10554,1129
11684,10555,1129
11685,10556,1129
11686,10557,1129
11687,10558,1129
11688,10559,1129
11690,10561,1129
11691,10562,1129
11692,10563,1129
11693,10564,1129
11694,10565,1129
11695,10566,1129
11696,10567,1129
11697,10568,1129
11698,10569,1129
11699,10570,1129
11701,10572,1129
11702,10573,1129
11703,10574,1129
11704,10575,1129
11705,10576,1129
11706,10577,1129
11707,10578,1129
11708,10579,1129
11709,10580,1129
11710,10581,1129
11712,10583,1129
11713,10584,1129
11714,10585,1129
11715,10586,1129
11716,10587,1129
11717,10588,1129
11718,10589,1129
11719,10590,1129
11720,10591,1129
11721,10592,1129
11723,10594,1129
11724,10595,1129
11725,10596,1129
11726,10597,1129
11727,10598,1129
11728,10599,1129
11729,10600,1129
11730,10601,1129
11731,10602,1129
11732,10603,1129
11734,10605,1129
11735,10606,1129
11736,10607,1129
11737,10608,1129
11738,10609,1129
11739,10610,1129
11740,10611,1129
11741,10612,1129
11742,10613,1129
11743,10614,1129
11745,10616,1129
11746,10617,1129
11747,10618,1129
11748,10619,1129
11749,10620,1129
11750,10621,1129
11751,10622,1129
11752,10623,1129
11753,10624,1129
11754,10625,1129
11756,10627,1129
11757,10628,1129
11758,10629,1129
11759,10630,1129
11760,10631,1129
11761,10632,1129
11762,10633,1129
11763,10634,1129
11764,10635,1129
11765,10636,1129
11767,10638,1129
11768,10639,1129
11769,10640,1129
11770,10641,1129
11771,10642,1129
11772,10643,1129
11773,10644,1129
11774,10645,1129
11775,10646,1129
11776,10647,1129
11778,10649,1129
11779,10650,1129
11780,10651,1129
11781,10652,1129
11782,10653,1129
11783,10654,1129
11784,10655,1129
11785,10656,1129
11786,10657,1129
11787,10658,1129
11789,10660,1129
11790,10661,1129
11791,10662,1129
11792,10663,1129
11793,10664,1129
11794,10665,1129
11795,10666,1129
11796,10667,1129
11797,10668,1129
11798,10669,1129
11800,10671,1129
11801,10672,1129
11802,10673,1129
11803,10674,1129
11804,10675,1129
11805,10676,1129
11806,10677,1129
11807,10678,1129
11808,10679,1129
11809,10680,1129
11811,10682,1129
11812,10683,1129
11813,10684,1129
11814,10685,1129
11815,10686,1129
11816,10687,1129
11817,10688,1129
11818,10689,1129
11819,10690,1129
11820,10691,1129
11822,10693,1129
11823,10694,1129
11824,10695,1129
11825,10696,1129
11826,10697,1129
11827,10698,1129
11828,10699,1129
11829,10700,1129
11830,10701,1129
11831,10702,1129
11833,10704,1129
11834,10705,1129
11835,10706,1129
11836,10707,1129
11837,10708,1129
11838,10709,1129
11839,10710,1129
11840,10711,1129
11841,10712,1129
11842,10713,1129
11844,10715,1129
11845,10716,1129
11846,10717,1129
11847,10718,1129
11848,10719,1129
11849,10720,1129
11850,10721,1129
11851,10722,1129
11852,10723,1129
11853,10724,1129
11855,10726,1129
11856,10727,1129
11857,10728,1129
11858,10729,1129
11859,10730,1129
11860,10731,1129
11861,10732,1129
11862,10733,1129
11863,10734,1129
11864,10735,1129
11866,10737,1129
11867,10738,1129
11868,10739,1129
11869,10740,1129
11870,10741,1129
11871,10742,1129
11872,10743,1129
11873,10744,1129
11874,10745,1129
11875,10746,1129
11877,10748,1129
11878,10749,1129
11879,10750,1129
11880,10751,1129
11881,10752,1129
11882,10753,1129
11884,10754,1130
11885,10755,1130
11886,10755,1131
11887,10756,1131
11888,10757,1131
11889,10758,1131
11890,10759,1131
11891,10760,1131
11892,10761,1131
11893,10762,1131
11894,10763,1131
11895,10764,1131
11896,10765,1131
11897,10766,1131
11898,10767,1131
11900,10769,1131
11901,10770,1131
11902,10771,1131
11904,10773,1131
11905,10774,1131
11906,10775,1131
11907,10776,1131
11908,10777,1131
11909,10778,1131
11910,10779,1131
11911,10780,1131
11913,10782,1131
11914,10783,1131
11915,10784,1131
11916,10785,1131
11917,10786,1131
11918,10787,1131
11919,10788,1131
11920,10789,1131
11922,10791,1131
11923,10792,1131
11924,10793,1131
11925,10794,1131
11926,10795,1131
11927,10796,1131
11928,10797,1131
11929,10798,1131
11931,10800,1131
11932,10801,1131
11933,10802,1131
11934,10803,1131
11935,10804,1131
11936,10805,1131
11937,10806,1131
11938,10807,1131
11940,10809,1131
11941,10810,1131
11942,10811,1131
11943,10812,1131
11944,10813,1131
11945,10814,1131
11946,10815,1131
11947,10816,1131
11949,10818,1131
11950,10819,1131
11952,10821,1131
11953,10822,1131
11954,10823,1131
11955,10824,1131
11956,10825,1131
11958,10827,1131
11959,10828,1131
11960,10829,1131
11962,10831,1131
11963,10832,1131
11965,10834,1131
11966,10835,1131
11968,10837,1131
11970,10839,1131
11972,10841,1131
11973,10842,1131
11975,10844,1131
11976,10845,1131
11978,10847,1131
11979,10848,1131
11981,10850,1131
11983,10852,1131
11985,10854,1131
11986,10855,1131
11987,10856,1131
11988,10857,1131
11989,10858,1131
11990,10859,1131
11991,10860,1131
11992,10861,1131
11993,10862,1131
11994,10863,1131
11995,10864,1131
11996,10865,1131
11998,10867,1131
11999,10868,1131
12000,10869,1131
12002,10871,1131
12003,10872,1131
12004,10873,1131
12006,10875,1131
12007,10876,1131
12008,10877,1131
12009,10878,1131
12010,10879,1131
12011,10880,1131
12013,10882,1131
12014,10883,1131
12016,10885,1131
12018,10887,1131
12019,10888,1131
12020,10889,1131
12021,10890,1131
12022,10891,1131
12023,10892,1131
12025,10893,1132
12026,10894,1132
12028,10896,1132
12029,10897,1132
12030,10897,1133
12031,10898,1133
12033,10899,1134
12034,10900,1134
12035,10901,1134
12036,10902,1134
12037,10903,1134
12039,10904,1135
12040,10905,1135
12041,10906,1135
12043,10907,1136
12044,10908,1136
12045,10909,1136
12046,10910,1136
12047,10911,1136
12048,10912,1136
12050,10913,1137
12052,10915,1137
12053,10916,1137
12055,10918,1137
12056,10919,1137
12058,10920,1138
12060,10922,1138
12061,10923,1138
12063,10925,1138
12065,10926,1139
12067,10928,1139
12068,10929,1139
12070,10931,1139
12072,10932,1140
12073,10933,1140
12074,10934,1140
12075,10935,1140
12076,10935,1141
12077,10936,1141
12078,10937,1141
12079,10938,1141
12081,10939,1142
12082,10939,1143
12083,10940,1143
12084,10941,1143
12085,10942,1143
12086,10943,1143
12088,10944,1144
12089,10945,1144
12090,10946,1144
12091,10947,1144
12092,10948,1144
12093,10949,1144
12095,10950,1145
12096,10951,1145
12097,10952,1145
12099,10954,1145
12100,10955,1145
12102,10956,1146
12104,10957,1147
12105,10958,1147
12106,10959,1147
12107,10959,1148
12108,10960,1148
12109,10961,1148
12110,10962,1148
12111,10963,1148
12112,10963,1149
12113,10964,1149
12114,10965,1149
12115,10966,1149
12117,10967,1150
12118,10968,1150
12119,10969,1150
12120,10970,1150
12121,10971,1150
12123,10972,1151
12124,10973,1151
12125,10973,1152
12127,10975,1152
12128,10976,1152
12129,10977,1152
12130,10977,1153
12132,10978,1154
12133,10979,1154
12135,10980,1155
12136,10981,1155
12138,10983,1155
12139,10984,1155
12141,10986,1155
12143,10987,1156
12145,10989,1156
12146,10990,1156
12148,10992,1156
12149,10993,1156
12151,10994,1157
12152,10995,1157
12153,10996,1157
12154,10997,1157
12156,10999,1157
12157,11000,1157
12158,11001,1157
12159,11002,1157
12161,11003,1158
12162,11004,1158
12163,11005,1158
12164,11006,1158
12166,11008,1158
12167,11009,1158
12169,11010,1159
12170,11011,1159
12171,11012,1159
12172,11013,1159
12173,11014,1159
12174,11015,1159
12175,11016,1159
12177,11017,1160
12178,11018,1160
12179,11019,1160
12180,11020,1160
12181,11020,1161
12182,11021,1161
12183,11022,1161
12185,11024,1161
12186,11025,1161
12187,11026,1161
12189,11028,1161
12190,11029,1161
12192,11031,1161
12194,11032,1162
12195,11033,1162
12196,11034,1162
12197,11035,1162
12199,11036,1163
12200,11037,1163
12201,11038,1163
12202,11038,1164
12203,11039,1164
12204,11040,1164
12206,11041,1165
12207,11042,1165
12209,11044,1165
12210,11045,1165
12212,11047,1165
12213,11048,1165
12215,11050,1165
12216,11051,1165
12218,11053,1165
12220,11054,1166
12221,11055,1166
12222,11056,1166
12223,11056,1167
12224,11057,1167
12225,11058,1167
12227,11059,1168
12228,11060,1168
12229,11060,1169
12230,11061,1169
12232,11062,1170
12233,11063,1170
12234,11064,1170
12236,11065,1171
12237,11066,1171
12238,11067,1171
12239,11068,1171
12240,11069,1171
12241,11070,1171
12243,11071,1172
12244,11072,1172
12246,11072,1174
12247,11073,1174
12248,11074,1174
12249,11075,1174
12250,11076,1174
12251,11077,1174
12253,11078,1175
12254,11079,1175
12255,11080,1175
12256,11081,1175
12257,11082,1175
12258,11083,1175
12259,11083,1176
12260,11084,1176
12261,11085,1176
12263,11086,1177
12264,11087,1177
12265,11088,1177
12266,11089,1177
12268,11090,1178
12269,11091,1178
12270,11092,1178
12272,11093,1179
12273,11094,1179
12274,11095,1179
12275,11096,1179
12276,11097,1179
12277,11098,1179
12279,11100,1179
12280,11101,1179
12281,11102,1179
12282,11103,1179
12284,11105,1179
12285,11106,1179
12286,11107,1179
12287,11108,1179
12288,11109,1179
12289,11110,1179
12290,11111,1179
12291,11112,1179
12293,11114,1179
12294,11115,1179
12296,11116,1180
12297,11117,1180
12298,11118,1180
12299,11118,1181
12300,11119,1181
12302,11121,1181
12303,11122,1181
12305,11124,1181
12307,11125,1182
12308,11126,1182
12309,11127,1182
12310,11128,1182
12312,11129,1183
12313,11130,1183
12314,11131,1183
12315,11132,1183
12317,11133,1184
12318,11134,1184
12319,11135,1184
12321,11137,1184
12322,11138,1184
12323,11139,1184
12324,11140,1184
12325,11141,1184
12326,11142,1184
12327,11143,1184
12328,11144,1184
12329,11145,1184
12331,11147,1184
12332,11148,1184
12333,11149,1184
12334,11150,1184
12336,11151,1185
12337,11152,1185
12338,11153,1185
12339,11154,1185
12340,11154,1186
12341,11155,1186
12342,11156,1186
12344,11157,1187
12346,11159,1187
12347,11160,1187
12348,11161,1187
12349,11162,1187
12350,11163,1187
12351,11164,1187
12353,11166,1187
12354,11167,1187
12355,11168,1187
12356,11169,1187
12358,11171,1187
12359,11172,1187
12360,11173,1187
12361,11174,1187
12362,11175,1187
12363,11176,1187
12364,11177,1187
12365,11178,1187
12367,11180,1187
12368,11181,1187
12370,11182,1188
12371,11183,1188
12372,11184,1188
12373,11185,1188
12374,11186,1188
12376,11188,1188
12377,11189,1188
12379,11191,1188
12381,11193,1188
12382,11194,1188
12383,11195,1188
12384,11196,1188
12386,11198,1188
12387,11199,1188
12388,11200,1188
12389,11201,1188
12391,11203,1188
12392,11204,1188
12393,11205,1188
12395,11207,1188
12396,11208,1188
12397,11209,1188
12398,11210,1188
12399,11211,1188
12400,11212,1188
12401,11213,1188
12402,11214,1188
12403,11215,1188
12405,11217,1188
12406,11218,1188
12407,11219,1188
12408,11220,1188
12410,11222,1188
12411,11223,1188
12412,11224,1188
12413,11224,1189
12414,11225,1189
12415,11226,1189
12416,11227,1189
12418,11229,1189
12419,11230,1189
12420,11231,1189
12421,11232,1189
12422,11233,1189
12423,11234,1189
12425,11235,1190
12426,11236,1190
12427,11237,1190
12428,11238,1190
12430,11239,1191
12432,11241,1191
12433,11242,1191
12434,11243,1191
12435,11244,1191
12436,11245,1191
12437,11246,1191
12438,11247,1191
12440,11249,1191
12441,11250,1191
12442,11251,1191
12443,11252,1191
12444,11253,1191
12445,11254,1191
12447,11256,1191
12448,11257,1191
12449,11258,1191
12450,11259,1191
12451,11260,1191
12452,11261,1191
12453,11262,1191
12454,11263,1191
12455,11264,1191
12457,11266,1191
12458,11267,1191
12459,11268,1191
12460,11269,1191
12462,11271,1191
12463,11272,1191
12464,11273,1191
12466,11275,1191
12467,11276,1191
12468,11277,1191
12469,11278,1191
12470,11279,1191
12471,11280,1191
12473,11282,1191
12474,11283,1191
12475,11284,1191
12476,11285,1191
12478,11287,1191
12479,11288,1191
12480,11289,1191
12481,11290,1191
12482,11291,1191
12483,11292,1191
12484,11293,1191
12485,11294,1191
12487,11296,1191
12488,11297,1191
12490,11299,1191
12491,11300,1191
12492,11301,1191
12493,11302,1191
12494,11303,1191
12496,11305,1191
12497,11306,1191
12499,11308,1191
12501,11310,1191
12502,11311,1191
12503,11312,1191
12504,11313,1191
12506,11315,1191
12507,11316,1191
12508,11317,1191
12509,11318,1191
12511,11320,1191
12512,11321,1191
12513,11322,1191
12515,11324,1191
12516,11325,1191
12517,11326,1191
12518,11327,1191
12519,11328,1191
12520,11329,1191
12521,11330,1191
12522,11331,1191
12523,11332,1191
12525,11334,1191
12526,11335,1191
12527,11336,1191
12528,11337,1191
12530,11339,1191
12531,11340,1191
12532,11341,1191
12533,11342,1191
12534,11343,1191
12535,11344,1191
12536,11345,1191
12538,11347,1191
12540,11349,1191
12541,11350,1191
12542,11351,1191
12543,11352,1191
12544,11353,1191
12545,11354,1191
12547,11356,1191
12548,11357,1191
12549,11358,1191
12550,11359,1191
12552,11361,1191
12553,11362,1191
12554,11363,1191
12555,11364,1191
12556,11365,1191
12557,11366,1191
12558,11367,1191
12559,11368,1191
12561,11370,1191
12562,11371,1191
12564,11373,1191
12565,11374,1191
12566,11375,1191
12567,11376,1191
12568,11377,1191
12570,11379,1191
12571,11380,1191
12573,11382,1191
12575,11384,1191
12576,11385,1191
12577,11386,1191
12578,11387,1191
12580,11389,1191
12581,11390,1191
12582,11391,1191
12583,11392,1191
12585,11394,1191
12586,11395,1191
12587,11396,1191
12589,11398,1191
12590,11399,1191
12591,11400,1191
12592,11401,1191
12593,11402,1191
12594,11403,1191
12595,11404,1191
12596,11405,1191
12597,11406,1191
12599,11408,1191
12600,11409,1191
12601,11410,1191
12602,11411,1191
12604,11413,1191
12605,11414,1191
12606,11415,1191
12607,11416,1191
12608,11417,1191
12609,11418,1191
12611,11420,1191
12613,11422,1191
12614,11423,1191
12615,11424,1191
12616,11425,1191
12617,11426,1191
12618,11427,1191
12620,11429,1191
12621,11430,1191
12622,11431,1191
12623,11432,1191
12625,11434,1191
12626,11435,1191
12628,11437,1191
12630,11438,1192
12632,11440,1192
12633,11441,1192
12634,11442,1192
12635,11443,1192
12637,11444,1193
12638,11445,1193
12639,11446,1193
12640,11447,1193
12642,11448,1194
12643,11449,1194
12644,11450,1194
12645,11451,1194
12646,11452,1194
12647,11453,1194
12648,11454,1194
12649,11455,1194
12650,11456,1194
12652,11458,1194
12653,11459,1194
12654,11460,1194
12655,11461,1194
12657,11463,1194
12658,11464,1194
12659,11465,1194
12660,11466,1194
12661,11467,1194
12662,11468,1194
12663,11469,1194
12665,11471,1194
12666,11472,1194
12667,11473,1194
12668,11474,1194
12669,11475,1194
12670,11476,1194
12672,11478,1194
12673,11479,1194
12674,11480,1194
12675,11481,1194
12677,11483,1194
12679,11484,1195
12680,11485,1195
12681,11486,1195
12682,11487,1195
12683,11488,1195
12685,11489,1196
12687,11490,1197
12688,11491,1197
12689,11492,1197
12691,11494,1197
12692,11495,1197
12693,11496,1197
12694,11497,1197
12695,11498,1197
12696,11499,1197
12697,11500,1197
12698,11501,1197
12700,11503,1197
12701,11504,1197
12702,11505,1197
12703,11506,1197
12705,11508,1197
12706,11509,1197
12708,11511,1197
12710,11513,1197
12712,11515,1197
12713,11516,1197
12714,11517,1197
12715,11518,1197
12717,11520,1197
12718,11521,1197
12719,11522,1197
12720,11523,1197
12722,11525,1197
12723,11526,1197
12724,11527,1197
12725,11528,1197
12726,11529,1197
12727,11530,1197
12728,11531,1197
12729,11532,1197
12730,11533,1197
12731,11534,1197
12733,11535,1198
12734,11536,1198
12735,11537,1198
12736,11538,1198
12737,11539,1198
12738,11540,1198
12739,11540,1199
12741,11541,1200
12742,11542,1200
12743,11543,1200
12744,11544,1200
12745,11545,1200
12746,11546,1200
12747,11547,1200
12749,11547,1202
12750,11548,1202
12751,11549,1202
12752,11550,1202
12753,11551,1202
12755,11552,1203
12756,11553,1203
12757,11554,1203
12758,11555,1203
12759,11556,1203
12761,11557,1204
12762,11558,1204
12763,11559,1204
12764,11560,1204
12765,11561,1204
12766,11562,1204
12768,11564,1204
12769,11565,1204
12770,11566,1204
12772,11568,1204
12773,11569,1204
12775,11571,1204
12776,11572,1204
12777,11573,1204
12779,11575,1204
12780,11576,1204
12781,11577,1204
12782,11578,1204
12784,11580,1204
12785,11581,1204
12786,11582,1204
12787,11583,1204
12788,11584,1204
12790,11586,1204
12791,11587,1204
12792,11588,1204
12793,11589,1204
12794,11590,1204
12795,11591,1204
12796,11592,1204
12798,11593,1205
12799,11594,1205
12800,11595,1205
12801,11596,1205
12803,11597,1206
12804,11598,1206
12805,11599,1206
12806,11600,1206
12807,11601,1206
12808,11602,1206
12810,11604,1206
12811,11605,1206
12812,11606,1206
12814,11608,1206
12815,11609,1206
12817,11611,1206
12818,11612,1206
12819,11613,1206
12821,11615,1206
12822,11616,1206
12823,11617,1206
12824,11618,1206
12826,11620,1206
12827,11621,1206
12828,11622,1206
12830,11624,1206
12832,11626,1206
12833,11627,1206
12834,11628,1206
12835,11629,1206
12837,11631,1206
12838,11632,1206
12840,11634,1206
12841,11635,1206
12842,11636,1206
12844,11638,1206
12845,11639,1206
12846,11640,1206
12847,11641,1206
12849,11643,1206
12851,11644,1207
12852,11645,1207
12853,11646,1207
12854,11647,1207
12856,11649,1207
12857,11650,1207
12858,11651,1207
12859,11652,1207
12861,11654,1207
12862,11655,1207
12863,11656,1207
12864,11657,1207
12865,11658,1207
12866,11659,1207
12868,11661,1207
12870,11663,1207
12871,11664,1207
12872,11665,1207
12873,11666,1207
12874,11667,1207
12875,11668,1207
12876,11669,1207
12878,11670,1208
12879,11671,1208
12880,11672,1208
12881,11673,1208
12882,11674,1208
12884,11676,1208
12885,11677,1208
12886,11678,1208
12887,11679,1208
12889,11681,1208
12890,11682,1208
12891,11683,1208
12892,11684,1208
12894,11686,1208
12895,11687,1208
12896,11688,1208
12897,11689,1208
12899,11691,1208
12900,11692,1208
12901,11693,1208
12903,11695,1208
12904,11696,1208
12906,11698,1208
12907,11699,1208
12908,11700,1208
12909,11701,1208
12911,11703,1208
12913,11705,1208
12914,11706,1208
12916,11708,1208
12917,11709,1208
12919,11711,1208
12921,11713,1208
12922,11714,1208
12923,11715,1208
12924,11716,1208
12926,11718,1208
12927,11719,1208
12928,11720,1208
12929,11721,1208
12930,11722,1208
12932,11724,1208
12933,11725,1208
12934,11726,1208
12935,11727,1208
12937,11729,1208
12938,11730,1208
12939,11731,1208
12941,11733,1208
12943,11735,1208
12944,11736,1208
12945,11737,1208
12947,11739,1208
12948,11740,1208
12949,11741,1208
12950,11742,1208
12951,11743,1208
12952,11744,1208
12953,11745,1208
12955,11747,1208
12956,11748,1208
12958,11750,1208
12959,11751,1208
12961,11753,1208
12962,11754,1208
12963,11755,1208
12965,11757,1208
12967,11759,1208
12968,11760,1208
12969,11761,1208
12970,11762,1208
12972,11764,1208
12973,11765,1208
12974,11766,1208
12975,11767,1208
12977,11769,1208
12978,11770,1208
12979,11771,1208
12980,11772,1208
12981,11773,1208
12982,11774,1208
12984,11776,1208
12985,11777,1208
12986,11778,1208
12987,11779,1208
12989,11781,1208
12990,11782,1208
12991,11783,1208
12992,11784,1208
12993,11785,1208
12995,11787,1208
12996,11788,1208
12998,11790,1208
12999,11791,1208
13001,11793,1208
13002,11794,1208
13003,11795,1208
13005,11797,1208
13006,11798,1208
13007,11799,1208
13008,11800,1208
13010,11802,1208
13011,11803,1208
13012,11804,1208
13013,11805,1208
13015,11807,1208
13016,11808,1208
13017,11809,1208
13018,11810,1208
13019,11811,1208
13020,11812,1208
13021,11813,1208
13022,11814,1208
13023,11815,1208
13024,11816,1208
13025,11817,1208
13026,11818,1208
13027,11819,1208
13029,11821,1208
13030,11822,1208
13031,11823,1208
13033,11825,1208
13034,11826,1208
13036,11828,1208
13037,11829,1208
13039,11831,1208
13041,11833,1208
13043,11835,1208
13044,11836,1208
13045,11837,1208
13046,11838,1208
13048,11839,1209
13049,11840,1209
13050,11841,1209
13052,11843,1209
13054,11844,1210
13055,11845,1210
13056,11846,1210
13057,11847,1210
13058,11848,1210
13059,11849,1210
13060,11850,1210
13061,11851,1210
13062,11852,1210
13063,11853,1210
13064,11854,1210
13065,11855,1210
13066,11856,1210
13067,11857,1210
13068,11858,1210
13069,11859,1210
13070,11860,1210
13071,11861,1210
13073,11863,1210
13074,11864,1210
13076,11866,1210
13077,11867,1210
13079,11869,1210
13080,11870,1210
13081,11871,1210
13082,11872,1210
13084,11873,1211
13086,11875,1211
13087,11876,1211
13088,11877,1211
13089,11878,1211
13090,11879,1211
13091,11880,1211
13092,11881,1211
13093,11882,1211
13094,11883,1211
13096,11884,1212
13097,11885,1212
13098,11886,1212
13099,11887,1212
13101,11888,1213
13102,11889,1213
13103,11890,1213
13104,11891,1213
13105,11892,1213
13106,11893,1213
13108,11894,1214
13109,11895,1214
13111,11897,1214
13112,11897,1215
13114,11899,1215
13115,11900,1215
13116,11901,1215
13118,11903,1215
13119,11904,1215
13121,11906,1215
13122,11907,1215
13124,11909,1215
13125,11910,1215
13127,11912,1215
13128,11913,1215
13130,11914,1216
13132,11916,1216
13133,11917,1216
13134,11918,1216
13135,11919,1216
13136,11920,1216
13137,11921,1216
13139,11922,1217
13140,11923,1217
13141,11924,1217
13143,11925,1218
13144,11926,1218
13145,11927,1218
13146,11928,1218
13147,11929,1218
13148,11930,1218
13149,11930,1219
13150,11931,1219
13152,11932,1220
13153,11933,1220
13155,11935,1220
13156,11935,1221
13157,11936,1221
13158,11937,1221
13159,11938,1221
13161,11939,1222
13163,11941,1222
13164,11942,1222
13165,11943,1222
13166,11944,1222
13168,11945,1223
13169,11946,1223
13171,11947,1224
13172,11948,1224
13173,11949,1224
13174,11950,1224
13176,11951,1225
13178,11952,1226
13179,11953,1226
13181,11955,1226
13182,11956,1226
13184,11958,1226
13185,11959,1226
13186,11960,1226
13187,11961,1226
13189,11962,1227
13190,11963,1227
13191,11964,1227
13193,11966,1227
13194,11966,1228
13195,11967,1228
13196,11968,1228
13197,11969,1228
13199,11970,1229
13201,11972,1229
13202,11973,1229
13204,11974,1230
13205,11975,1230
13207,11977,1230
13208,11978,1230
13209,11979,1230
13211,11980,1231
13213,11982,1231
13214,11983,1231
13215,11984,1231
13216,11985,1231
13218,11986,1232
13220,11988,1232
13221,11989,1232
13222,11990,1232
13224,11991,1233
13226,11993,1233
13227,11994,1233
13228,11995,1233
13229,11996,1233
13231,11998,1233
13232,11999,1233
13233,12000,1233
13234,12001,1233
13236,12003,1233
13237,12004,1233
13238,12005,1233
13240,12006,1234
13241,12007,1234
13242,12008,1234
13244,12010,1234
13245,12011,1234
13246,12012,1234
13247,12013,1234
13249,12015,1234
13251,12017,1234
13252,12017,1235
13253,12018,1235
13254,12019,1235
13255,12020,1235
13256,12021,1235
13257,12022,1235
13258,12023,1235
13260,12025,1235
13261,12026,1235
13262,12027,1235
13263,12028,1235
13264,12029,1235
13266,12030,1236
13267,12031,1236
13268,12032,1236
13270,12033,1237
13271,12034,1237
13272,12035,1237
13274,12037,1237
13275,12038,1237
13276,12039,1237
13277,12040,1237
13279,12042,1237
13280,12043,1237
13281,12044,1237
13282,12045,1237
13284,12047,1237
13285,12048,1237
13286,12049,1237
13287,12050,1237
13288,12051,1237
13290,12053,1237
13291,12054,1237
13292,12055,1237
13293,12056,1237
13295,12058,1237
13296,12059,1237
13297,12060,1237
13299,12062,1237
13300,12063,1237
13301,12064,1237
13302,12065,1237
13303,12066,1237
13304,12067,1237
13305,12068,1237
13306,12069,1237
13308,12071,1237
13309,12072,1237
13310,12073,1237
13311,12074,1237
13313,12076,1237
13314,12077,1237
13315,12078,1237
13316,12079,1237
13318,12080,1238
13319,12081,1238
13320,12082,1238
13321,12083,1238
13322,12084,1238
13323,12085,1238
13324,12086,1238
13326,12088,1238
13327,12089,1238
13329,12090,1239
13330,12091,1239
13331,12092,1239
13332,12093,1239
13334,12094,1240
13335,12095,1240
13336,12096,1240
13337,12097,1240
13338,12098,1240
13339,12099,1240
13341,12100,1241
13342,12101,1241
13343,12102,1241
13345,12103,1242
13346,12104,1242
13347,12105,1242
13348,12106,1242
13350,12107,1243
13351,12108,1243
13352,12109,1243
13354,12111,1243
13355,12112,1243
13357,12113,1244
13358,12114,1244
13359,12115,1244
13360,12116,1244
13361,12117,1244
13363,12118,1245
13364,12119,1245
13365,12120,1245
13367,12122,1245
13369,12123,1246
13371,12125,1246
13372,12126,1246
13373,12127,1246
13374,12128,1246
13375,12129,1246
13377,12130,1247
13378,12131,1247
13380,12131,1249
13382,12133,1249
13383,12134,1249
13385,12135,1250
13386,12136,1250
13387,12137,1250
13388,12138,1250
13389,12139,1250
13391,12141,1250
13393,12143,1250
13394,12144,1250
13395,12145,1250
13397,12147,1250
13398,12148,1250
13399,12149,1250
13401,12150,1251
13402,12151,1251
13403,12152,1251
13404,12153,1251
13405,12154,1251
13407,12156,1251
13409,12158,1251
13410,12159,1251
13411,12160,1251
13413,12162,1251
13414,12163,1251
13415,12164,1251
13417,12166,1251
13418,12167,1251
13419,12168,1251
13420,12169,1251
13421,12170,1251
13423,12172,1251
13425,12174,1251
13426,12175,1251
13427,12176,1251
13429,12178,1251
13430,12179,1251
13431,12180,1251
13432,12181,1251
13434,12182,1252
13435,12183,1252
13436,12184,1252
13438,12185,1253
13440,12186,1254
13441,12187,1254
13442,12188,1254
13443,12189,1254
13444,12190,1254
13445,12191,1254
13447,12193,1254
13449,12194,1255
13450,12195,1255
13452,12197,1255
13453,12198,1255
13454,12199,1255
13455,12199,1256
13456,12200,1256
13457,12201,1256
13459,12202,1257
13461,12204,1257
13462,12205,1257
13463,12206,1257
13464,12207,1257
13466,12209,1257
13467,12210,1257
13468,12211,1257
13469,12212,1257
13471,12214,1257
13472,12215,1257
13473,12216,1257
13475,12218,1257
13476,12219,1257
13477,12220,1257
13479,12222,1257
13480,12223,1257
13481,12224,1257
13482,12225,1257
13484,12227,1257
13485,12228,1257
13487,12229,1258
13488,12230,1258
13490,12232,1258
13491,12233,1258
13492,12234,1258
13493,12235,1258
13495,12236,1259
13496,12237,1259
13497,12238,1259
13498,12239,1259
13499,12240,1259
13500,12241,1259
13501,12242,1259
13502,12243,1259
13503,12244,1259
13505,12246,1259
13506,12247,1259
13507,12248,1259
13508,12248,1260
13509,12249,1260
13510,12250,1260
13511,12251,1260
13512,12252,1260
13513,12253,1260
13515,12254,1261
13516,12255,1261
13517,12256,1261
13519,12257,1262
13520,12258,1262
13521,12259,1262
13522,12259,1263
13523,12260,1263
13525,12261,1264
13527,12262,1265
13528,12263,1265
13529,12264,1265
13530,12265,1265
13531,12266,1265
13533,12268,1265
13535,12270,1265
13536,12271,1265
13537,12272,1265
13539,12274,1265
13540,12275,1265
13541,12276,1265
13543,12278,1265
13544,12279,1265
13545,12280,1265
13546,12281,1265
13547,12282,1265
13549,12284,1265
13551,12286,1265
13552,12287,1265
13553,12288,1265
13555,12290,1265
13557,12292,1265
13558,12293,1265
13560,12295,1265
13561,12296,1265
13562,12297,1265
13563,12298,1265
13564,12299,1265
13566,12301,1265
13568,12303,1265
13569,12304,1265
13570,12305,1265
13572,12307,1265
13573,12308,1265
13574,12309,1265
13576,12311,1265
13577,12312,1265
13578,12313,1265
13579,12314,1265
13580,12315,1265
13582,12317,1265
13584,12319,1265
13585,12320,1265
13586,12321,1265
13587,12321,1266
13588,12322,1266
13589,12323,1266
13591,12324,1267
13593,12326,1267
13594,12327,1267
13596,12329,1267
13597,12330,1267
13599,12332,1267
13600,12333,1267
13602,12335,1267
13603,12336,1267
13605,12338,1267
13606,12339,1267
13608,12341,1267
13609,12342,1267
13611,12344,1267
13612,12345,1267
13613,12346,1267
13614,12347,1267
13615,12348,1267
13616,12349,1267
13617,12350,1267
13619,12351,1268
13620,12352,1268
13621,12353,1268
13623,12354,1269
13624,12355,1269
13625,12356,1269
13626,12357,1269
13627,12358,1269
13629,12359,1270
13630,12360,1270
13631,12361,1270
13632,12362,1270
13633,12363,1270
13634,12364,1270
13635,12365,1270
13636,12366,1270
13638,12367,1271
13640,12369,1271
13641,12370,1271
13642,12371,1271
13643,12372,1271
13645,12374,1271
13646,12375,1271
13647,12376,1271
13649,12377,1272
13650,12378,1272
13651,12379,1272
13653,12381,1272
13654,12381,1273
13656,12383,1273
13657,12384,1273
13658,12385,1273
13660,12387,1273
13661,12388,1273
13663,12390,1273
13664,12391,1273
13666,12393,1273
13667,12394,1273
13669,12396,1273
13670,12397,1273
13672,12398,1274
13674,12400,1274
13675,12401,1274
13676,12402,1274
13678,12403,1275
13680,12404,1276
13681,12405,1276
13682,12406,1276
13683,12407,1276
13684,12408,1276
13685,12409,1276
13687,12410,1277
13688,12411,1277
13689,12412,1277
13691,12414,1277
13693,12415,1278
13694,12416,1278
13695,12417,1278
13697,12419,1278
13698,12420,1278
13699,12421,1278
13700,12422,1278
13701,12423,1278
13703,12425,1278
13705,12427,1278
13706,12428,1278
13707,12429,1278
13708,12430,1278
13709,12430,1279
13711,12432,1279
13712,12433,1279
13714,12434,1280
13715,12435,1280
13716,12436,1280
13717,12437,1280
13719,12438,1281
13721,12439,1282
13722,12439,1283
13723,12440,1283
13724,12441,1283
13725,12442,1283
13726,12443,1283
13728,12444,1284
13729,12445,1284
13730,12446,1284
13731,12447,1284
13732,12448,1284
13734,12450,1284
13735,12451,1284
13736,12452,1284
13738,12453,1285
13739,12454,1285
13740,12455,1285
13741,12456,1285
13742,12457,1285
13744,12458,1286
13746,12460,1286
13747,12461,1286
13748,12462,1286
13749,12463,1286
13751,12464,1287
13752,12465,1287
13753,12466,1287
13754,12467,1287
13756,12469,1287
13758,12470,1288
13759,12471,1288
13761,12471,1290
13762,12472,1290
13763,12473,1290
13765,12474,1291
13766,12474,1292
13767,12475,1292
13768,12476,1292
13769,12477,1292
13770,12478,1292
13771,12479,1292
13773,12481,1292
13774,12482,1292
13775,12483,1292
13777,12485,1292
13778,12485,1293
13779,12486,1293
13780,12487,1293
13781,12488,1293
13782,12489,1293
13783,12490,1293
13784,12490,1294
13785,12491,1294
13787,12492,1295
13788,12493,1295
13790,12495,1295
13791,12496,1295
13793,12497,1296
13794,12498,1296
13795,12499,1296
13797,12500,1297
13798,12501,1297
13799,12502,1297
13800,12503,1297
13801,12504,1297
13802,12505,1297
13803,12506,1297
13805,12507,1298
13806,12508,1298
13807,12509,1298
13809,12510,1299
13810,12511,1299
13811,12512,1299
13813,12514,1299
13814,12515,1299
13815,12516,1299
13817,12518,1299
13819,12519,1300
13820,12520,1300
13821,12521,1300
13822,12522,1300
13823,12523,1300
13825,12525,1300
13826,12526,1300
13828,12528,1300
13829,12529,1300
13831,12531,1300
13832,12532,1300
13834,12534,1300
13835,12535,1300
13836,12536,1300
13837,12537,1300
13838,12538,1300
13839,12539,1300
13840,12540,1300
13841,12541,1300
13843,12543,1300
13844,12544,1300
13845,12545,1300
13846,12546,1300
13847,12547,1300
13848,12548,1300
13849,12549,1300
13851,12551,1300
13852,12552,1300
13853,12553,1300
13854,12554,1300
13855,12555,1300
13856,12556,1300
13857,12557,1300
13858,12558,1300
13859,12559,1300
13861,12561,1300
13862,12562,1300
13863,12563,1300
13864,12564,1300
13866,12566,1300
13867,12567,1300
13868,12568,1300
13870,12570,1300
13871,12571,1300
13873,12573,1300
13874,12574,1300
13875,12575,1300
13876,12576,1300
13878,12578,1300
13880,12580,1300
13881,12581,1300
13883,12583,1300
13884,12584,1300
13886,12586,1300
13888,12588,1300
13889,12589,1300
13890,12590,1300
13891,12591,1300
13893,12593,1300
13894,12594,1300
13895,12595,1300
13896,12596,1300
13897,12597,1300
13899,12599,1300
13900,12600,1300
13901,12601,1300
13902,12602,1300
13904,12604,1300
13905,12605,1300
13906,12606,1300
13907,12607,1300
13909,12609,1300
13910,12610,1300
13911,12611,1300
13912,12612,1300
13913,12613,1300
13915,12615,1300
13916,12616,1300
13917,12617,1300
13918,12618,1300
13919,12619,1300
13920,12620,1300
13922,12622,1300
13923,12623,1300
13924,12624,1300
13925,12625,1300
13927,12627,1300
13928,12628,1300
13930,12630,1300
13931,12631,1300
13933,12633,1300
13934,12634,1300
13935,12635,1300
13936,12636,1300
13937,12637,1300
13939,12639,1300
13940,12640,1300
13941,12641,1300
13942,12642,1300
13943,12643,1300
13945,12645,1300
13946,12646,1300
13947,12647,1300
13948,12648,1300
13949,12649,1300
13950,12650,1300
13951,12651,1300
13952,12652,1300
13953,12653,1300
13954,12654,1300
13956,12656,1300
13957,12657,1300
13958,12658,1300
13959,12659,1300
13960,12660,1300
13961,12661,1300
13962,12662,1300
13964,12664,1300
13966,12666,1300
13967,12667,1300
13968,12668,1300
13969,12669,1300
13971,12671,1300
13972,12672,1300
13973,12673,1300
13974,12674,1300
13976,12676,1300
13977,12677,1300
13978,12678,1300
13979,12679,1300
13980,12680,1300
13981,12681,1300
13983,12683,1300
13984,12684,1300
13985,12685,1300
13986,12686,1300
13988,12688,1300
13989,12689,1300
13990,12690,1300
13991,12691,1300
13992,12692,1300
13993,12693,1300
13994,12694,1300
13995,12695,1300
13996,12696,1300
13997,12697,1300
13998,12698,1300
13999,12699,1300
14001,12701,1300
14002,12702,1300
14003,12703,1300
14004,12704,1300
14006,12706,1300
14007,12707,1300
14008,12708,1300
14010,12708,1302
14011,12709,1302
14013,12711,1302
14015,12711,1304
14016,12712,1304
14017,12713,1304
14019,12714,1305
14021,12716,1305
14022,12717,1305
14023,12718,1305
14024,12719,1305
14025,12720,1305
14026,12721,1305
14027,12722,1305
14028,12723,1305
14029,12724,1305
14030,12725,1305
14031,12726,1305
14032,12727,1305
14033,12728,1305
14034,12729,1305
14036,12731,1305
14037,12732,1305
14038,12733,1305
14040,12735,1305
14041,12736,1305
14043,12738,1305
14044,12739,1305
14046,12741,1305
14048,12743,1305
14050,12745,1305
14051,12746,1305
14052,12746,1306
14053,12747,1306
14055,12748,1307
14056,12749,1307
14057,12750,1307
14059,12752,1307
14061,12753,1308
14062,12754,1308
14063,12755,1308
14064,12756,1308
14065,12757,1308
14066,12758,1308
14067,12759,1308
14068,12760,1308
14069,12761,1308
14070,12762,1308
14071,12763,1308
14072,12764,1308
14073,12765,1308
14074,12766,1308
14075,12767,1308
14076,12768,1308
14077,12769,1308
14078,12770,1308
14080,12772,1308
14081,12773,1308
14083,12775,1308
14084,12776,1308
14086,12778,1308
14087,12779,1308
14088,12780,1308
14089,12781,1308
14091,12782,1309
14093,12784,1309
14094,12785,1309
14095,12786,1309
14096,12787,1309
14097,12788,1309
14098,12789,1309
14099,12790,1309
14100,12791,1309
14101,12792,1309
14103,12792,1311
14104,12793,1311
14106,12795,1311
14107,12796,1311
14108,12797,1311
14109,12798,1311
14110,12799,1311
14111,12799,1312
14113,12801,1312
14114,12802,1312
14115,12803,1312
14116,12804,1312
14117,12805,1312
14118,12806,1312
14120,12808,1312
14121,12809,1312
14122,12810,1312
14123,12811,1312
14125,12812,1313
14127,12814,1313
14128,12815,1313
14129,12816,1313
14130,12817,1313
14132,12817,1315
14134,12819,1315
14135,12820,1315
14137,12822,1315
14139,12823,1316
14140,12824,1316
14141,12825,1316
14142,12826,1316
14144,12827,1317
14145,12828,1317
14147,12830,1317
14149,12830,1319
14150,12831,1319
14151,12832,1319
14153,12834,1319
14154,12835,1319
14155,12836,1319
14156,12837,1319
14157,12838,1319
14159,12840,1319
14160,12841,1319
14161,12842,1319
14163,12843,1320
14165,12843,1322
14166,12844,1322
14167,12845,1322
14168,12846,1322
14169,12846,1323
14170,12847,1323
14171,12848,1323
14172,12849,1323
14174,12850,1324
14175,12851,1324
14176,12852,1324
14178,12853,1325
14179,12854,1325
14181,12855,1326
14182,12856,1326
14183,12857,1326
14184,12858,1326
14186,12860,1326
14188,12861,1327
14189,12862,1327
14190,12863,1327
14191,12864,1327
14193,12866,1327
14194,12867,1327
14195,12868,1327
14196,12869,1327
14197,12870,1327
14198,12871,1327
14199,12872,1327
14200,12873,1327
14201,12874,1327
14203,12876,1327
14204,12877,1327
14205,12878,1327
14206,12879,1327
14208,12881,1327
14209,12882,1327
14210,12883,1327
14212,12885,1327
14213,12886,1327
14215,12888,1327
14216,12889,1327
14217,12890,1327
14218,12891,1327
14220,12893,1327
14222,12895,1327
14223,12896,1327
14225,12898,1327
14226,12899,1327
14228,12901,1327
14230,12903,1327
14231,12904,1327
14232,12905,1327
14233,12906,1327
14235,12908,1327
14236,12909,1327
14237,12910,1327
14238,12911,1327
14239,12912,1327
14241,12914,1327
14242,12915,1327
14243,12916,1327
14244,12917,1327
14246,12919,1327
14247,12920,1327
14248,12921,1327
14249,12922,1327
14251,12923,1328
14252,12924,1328
14253,12925,1328
14254,12926,1328
14255,12927,1328
14256,12928,1328
14258,12929,1329
14259,12930,1329
14260,12931,1329
14261,12932,1329
14262,12933,1329
14264,12934,1330
14265,12935,1330
14266,12936,1330
14267,12937,1330
14268,12938,1330
14269,12939,1330
14270,12940,1330
14271,12941,1330
14273,12943,1330
14274,12944,1330
14275,12945,1330
14276,12946,1330
14277,12947,1330
14278,12948,1330
14279,12949,1330
14281,12951,1330
14283,12953,1330
14284,12954,1330
14285,12955,1330
14286,12956,1330
14288,12958,1330
14289,12959,1330
14290,12960,1330
14291,12961,1330
14293,12963,1330
14294,12964,1330
14295,12965,1330
14296,12966,1330
14297,12967,1330
14298,12968,1330
14300,12970,1330
14301,12971,1330
14302,12972,1330
14303,12973,1330
14305,12975,1330
14306,12976,1330
14307,12977,1330
14308,12978,1330
14309,12979,1330
14310,12980,1330
14311,12981,1330
14312,12982,1330
14313,12983,1330
14314,12984,1330
14315,12985,1330
14316,12986,1330
14317,12987,1330
14318,12988,1330
14320,12989,1331
14321,12989,1332
14322,12990,1332
14324,12991,1333
14325,12992,1333
14326,12993,1333
14327,12994,1333
14328,12995,1333
14329,12996,1333
14330,12996,1334
14331,12997,1334
14332,12998,1334
14333,12998,1335
14334,12999,1335
14335,13000,1335
14336,13001,1335
14338,13002,1336
14339,13003,1336
14340,13004,1336
14341,13005,1336
14342,13006,1336
14344,13008,1336
14345,13009,1336
14346,13010,1336
14348,13011,1337
14350,13013,1337
14351,13014,1337
14352,13015,1337
14353,13016,1337
14355,13017,1338
14356,13018,1338
14357,13019,1338
14359,13020,1339
14361,13021,1340
14362,13022,1340
14363,13023,1340
14364,13024,1340
14365,13024,1341
14366,13025,1341
14367,13026,1341
14368,13027,1341
14369,13028,1341
14370,13029,1341
14371,13030,1341
14372,13031,1341
14373,13032,1341
14374,13033,1341
14375,13034,1341
14376,13035,1341
14378,13037,1341
14379,13038,1341
14380,13039,1341
14381,13040,1341
14383,13042,1341
14384,13043,1341
14385,13044,1341
14386,13045,1341
14388,13046,1342
14390,13048,1342
14391,13049,1342
14392,13050,1342
14393,13051,1342
14394,13052,1342
14395,13053,1342
14396,13054,1342
14397,13055,1342
14398,13055,1343
14400,13056,1344
14401,13057,1344
14402,13058,1344
14403,13059,1344
14404,13060,1344
14405,13061,1344
14406,13062,1344
14407,13063,1344
14408,13064,1344
14409,13065,1344
14410,13066,1344
14411,13067,1344
14412,13068,1344
14413,13069,1344
14414,13070,1344
14415,13071,1344
14416,13072,1344
14417,13073,1344
14418,13074,1344
14419,13075,1344
14420,13076,1344
14421,13077,1344
14422,13078,1344
14423,13079,1344
14424,13080,1344
14425,13081,1344
14426,13082,1344
14427,13083,1344
14428,13084,1344
14429,13085,1344
14430,13086,1344
14431,13087,1344
14432,13088,1344
14433,13089,1344
14434,13090,1344
14435,13091,1344
14436,13092,1344
14437,13093,1344
14438,13094,1344
14439,13095,1344
14440,13096,1344
14441,13097,1344
14442,13098,1344
14443,13099,1344
14444,13100,1344
14445,13101,1344
14446,13102,1344
14447,13103,1344
14448,13104,1344
14449,13105,1344
14450,13106,1344
14451,13107,1344
14452,13108,1344
14453,13109,1344
14454,13110,1344
14455,13111,1344
14456,13112,1344
14457,13113,1344
14458,13114,1344
14459,13115,1344
14460,13116,1344
14461,13117,1344
14462,13118,1344
14463,13119,1344
14464,13120,1344
14465,13121,1344
14466,13122,1344
14467,13123,1344
14468,13124,1344
14469,13125,1344
14470,13126,1344
14471,13127,1344
14472,13128,1344
14473,13129,1344
14474,13130,1344
14475,13131,1344
14476,13132,1344
14477,13133,1344
14478,13134,1344
14479,13135,1344
14481,13137,1344
14482,13138,1344
14483,13139,1344
14484,13140,1344
14485,13141,1344
14486,13142,1344
14487,13143,1344
14488,13144,1344
14489,13145,1344
14490,13146,1344
14491,13147,1344
14492,13148,1344
14493,13149,1344
14494,13150,1344
14495,13151,1344
14496,13152,1344
14497,13153,1344
14498,13154,1344
14499,13155,1344
14500,13156,1344
14501,13157,1344
14502,13158,1344
14503,13159,1344
14504,13160,1344
14505,13161,1344
14506,13162,1344
14507,13163,1344
14508,13164,1344
14509,13165,1344
14510,13166,1344
14511,13167,1344
14512,13168,1344
14513,13169,1344
14514,13170,1344
14515,13171,1344
14516,13172,1344
14517,13173,1344
14518,13174,1344
14519,13175,1344
14520,13176,1344
14521,13177,1344
14522,13178,1344
14523,13179,1344
14524,13180,1344
14525,13181,1344
14526,13182,1344
14527,13183,1344
14528,13184,1344
14529,13185,1344
14530,13186,1344
14531,13187,1344
14532,13188,1344
14533,13189,1344
14534,13190,1344
14535,13191,1344
14536,13192,1344
14537,13193,1344
14538,13194,1344
14539,13195,1344
14540,13196,1344
14541,13197,1344
14542,13198,1344
14543,13199,1344
14544,13200,1344
14545,13201,1344
14546,13202,1344
14547,13203,1344
14548,13204,1344
14549,13205,1344
14550,13206,1344
14551,13207,1344
14552,13208,1344
14553,13209,1344
14555,13210,1345
14556,13211,1345
14557,13212,1345
14558,13213,1345
14559,13214,1345
14560,13215,1345
14562,13215,1347
14563,13216,1347
14564,13217,1347
14565,13218,1347
14566,13219,1347
14568,13221,1347
14569,13222,1347
14570,13223,1347
14571,13224,1347
14572,13225,1347
14574,13227,1347
14575,13228,1347
14577,13230,1347
14578,13231,1347
14580,13233,1347
14581,13234,1347
14583,13236,1347
14585,13237,1348
14586,13238,1348
14587,13239,1348
14589,13240,1349
14591,13242,1349
14592,13243,1349
14594,13245,1349
14595,13246,1349
14596,13247,1349
14598,13248,1350
14600,13248,1352
14601,13249,1352
14602,13250,1352
14603,13251,1352
14604,13252,1352
14605,13253,1352
14607,13255,1352
14609,13256,1353
14610,13257,1353
14612,13258,1354
14613,13259,1354
14614,13260,1354
14615,13261,1354
14616,13262,1354
14618,13263,1355
14620,13265,1355
14621,13266,1355
14622,13267,1355
14624,13268,1356
14625,13269,1356
14627,13271,1356
14628,13272,1356
14629,13273,1356
14631,13274,1357
14632,13275,1357
14633,13276,1357
14635,13277,1358
14636,13278,1358
14637,13279,1358
14638,13280,1358
14640,13281,1359
14642,13283,1359
14643,13284,1359
14645,13286,1359
14647,13287,1360
14648,13288,1360
14650,13290,1360
14651,13291,1360
14653,13293,1360
14655,13294,1361
14656,13295,1361
14658,13297,1361
14659,13298,1361
14661,13299,1362
14663,13301,1362
14664,13302,1362
14665,13303,1362
14667,13304,1363
14668,13305,1363
14669,13306,1363
14670,13306,1364
14672,13307,1365
14673,13308,1365
14675,13309,1366
14676,13310,1366
14677,13311,1366
14678,13312,1366
14679,13312,1367
14681,13314,1367
14682,13315,1367
14684,13317,1367
14685,13318,1367
14687,13319,1368
14688,13320,1368
14689,13321,1368
14691,13323,1368
14693,13324,1369
14695,13326,1369
14696,13327,1369
14697,13328,1369
14698,13329,1369
14699,13330,1369
14701,13331,1370
14702,13332,1370
14703,13333,1370
14704,13334,1370
14706,13335,1371
14707,13336,1371
14708,13337,1371
14709,13338,1371
14710,13339,1371
14711,13339,1372
14713,13340,1373
14714,13341,1373
14716,13343,1373
14717,13344,1373
14719,13346,1373
14720,13347,1373
14722,13348,1374
14723,13349,1374
14724,13350,1374
14725,13351,1374
14726,13352,1374
14727,13353,1374
14728,13354,1374
14730,13355,1375
14731,13356,1375
14732,13357,1375
14733,13358,1375
14734,13359,1375
14735,13359,1376
14737,13361,1376
14738,13362,1376
14740,13363,1377
14741,13364,1377
14742,13365,1377
14743,13366,1377
14745,13367,1378
14746,13368,1378
14747,13369,1378
14748,13370,1378
14749,13371,1378
14750,13372,1378
14752,13372,1380
14753,13373,1380
14754,13374,1380
14755,13375,1380
14756,13376,1380
14758,13378,1380
14759,13379,1380
14760,13380,1380
14761,13381,1380
14762,13382,1380
14763,13383,1380
14765,13385,1380
14766,13386,1380
14767,13387,1380
14768,13388,1380
14769,13389,1380
14771,13391,1380
14772,13392,1380
14773,13393,1380
14774,13394,1380
14776,13396,1380
14777,13397,1380
14778,13398,1380
14779,13399,1380
14781,13401,1380
14782,13402,1380
14783,13403,1380
14784,13404,1380
14785,13405,1380
14786,13406,1380
14788,13408,1380
14789,13409,1380
14790,13410,1380
14791,13411,1380
14793,13413,1380
14794,13414,1380
14795,13415,1380
14796,13416,1380
14797,13417,1380
14798,13418,1380
14800,13420,1380
14801,13421,1380
14802,13422,1380
14803,13423,1380
14804,13424,1380
14805,13425,1380
14807,13427,1380
14809,13429,1380
14810,13430,1380
14811,13431,1380
14812,13432,1380
14813,13433,1380
14814,13434,1380
14816,13436,1380
14818,13438,1380
14819,13439,1380
14821,13441,1380
14822,13442,1380
14823,13443,1380
14824,13444,1380
14826,13445,1381
14827,13446,1381
14828,13447,1381
14829,13448,1381
14831,13450,1381
14833,13452,1381
14834,13453,1381
14836,13455,1381
14837,13456,1381
14838,13457,1381
14839,13458,1381
14841,13460,1381
14842,13461,1381
14843,13462,1381
14844,13463,1381
14846,13465,1381
14847,13466,1381
14848,13467,1381
14849,13468,1381
14850,13469,1381
14851,13470,1381
14853,13471,1382
14854,13472,1382
14855,13473,1382
14856,13474,1382
14857,13475,1382
14859,13477,1382
14860,13478,1382
14861,13479,1382
14862,13480,1382
14863,13481,1382
14864,13482,1382
14866,13484,1382
14867,13485,1382
14868,13486,1382
14869,13487,1382
14870,13488,1382
14872,13489,1383
14873,13490,1383
14874,13491,1383
14875,13492,1383
14876,13493,1383
14877,13494,1383
14878,13495,1383
14880,13496,1384
14881,13497,1384
14882,13498,1384
14883,13499,1384
14885,13501,1384
14886,13502,1384
14887,13503,1384
14888,13504,1384
14889,13505,1384
14891,13507,1384
14892,13508,1384
14893,13509,1384
14894,13510,1384
14895,13511,1384
14896,13512,1384
14898,13514,1384
14899,13515,1384
14900,13516,1384
14901,13517,1384
14902,13518,1384
14904,13520,1384
14906,13521,1385
14907,13522,1385
14908,13523,1385
14909,13524,1385
14910,13525,1385
14912,13527,1385
14913,13528,1385
14914,13529,1385
14915,13530,1385
14916,13531,1385
14917,13532,1385
14919,13534,1385
14920,13535,1385
14921,13535,1386
14922,13536,1386
14924,13537,1387
14925,13538,1387
14926,13539,1387
14928,13541,1387
14929,13542,1387
14931,13544,1387
14932,13545,1387
14933,13546,1387
14934,13547,1387
14935,13548,1387
14937,13550,1387
14938,13551,1387
14939,13552,1387
14940,13553,1387
14942,13555,1387
14943,13556,1387
14945,13558,1387
14946,13559,1387
14947,13560,1387
14948,13561,1387
14949,13561,1388
14951,13563,1388
14952,13564,1388
14954,13566,1388
14955,13567,1388
14957,13569,1388
14958,13570,1388
14959,13571,1388
14960,13572,1388
14961,13573,1388
14963,13575,1388
14964,13576,1388
14965,13577,1388
14966,13578,1388
14967,13579,1388
14968,13580,1388
14970,13582,1388
14971,13583,1388
14972,13584,1388
14973,13585,1388
14975,13587,1388
14976,13588,1388
14977,13588,1389
14978,13589,1389
14980,13590,1390
14982,13590,1392
14983,13591,1392
14984,13592,1392
14986,13593,1393
14987,13594,1393
14988,13595,1393
14989,13596,1393
14990,13597,1393
14992,13599,1393
14993,13600,1393
14994,13601,1393
14995,13602,1393
14996,13603,1393
14998,13605,1393
14999,13606,1393
15000,13607,1393
15001,13607,1394
15002,13608,1394
15004,13610,1394
15006,13611,1395
15007,13612,1395
15008,13613,1395
15009,13614,1395
15011,13615,1396
15012,13616,1396
15013,13617,1396
15014,13618,1396
15016,13620,1396
15018,13621,1397
15020,13623,1397
15021,13624,1397
15023,13625,1398
15024,13626,1398
15025,13627,1398
15026,13628,1398
15028,13629,1399
15029,13630,1399
15030,13631,1399
15032,13633,1399
15033,13634,1399
15034,13635,1399
15036,13636,1400
15037,13637,1400
15039,13639,1400
15040,13640,1400
15042,13641,1401
15044,13643,1401
15045,13644,1401
15046,13645,1401
15047,13646,1401
15048,13647,1401
15050,13648,1402
15051,13649,1402
15052,13650,1402
15053,13651,1402
15054,13652,1402
15055,13652,1403
15056,13653,1403
15057,13654,1403
15058,13655,1403
15059,13656,1403
15060,13657,1403
15061,13658,1403
15062,13659,1403
15063,13660,1403
15065,13661,1404
15066,13662,1404
15067,13663,1404
15068,13664,1404
15069,13665,1404
15070,13666,1404
15071,13667,1404
15072,13668,1404
15073,13669,1404
15074,13669,1405
15075,13670,1405
15076,13671,1405
15077,13672,1405
15078,13673,1405
15080,13674,1406
15081,13675,1406
15082,13675,1407
15083,13676,1407
15084,13677,1407
15085,13678,1407
15087,13679,1408
15088,13680,1408
15089,13681,1408
15090,13682,1408
15092,13683,1409
15093,13684,1409
15094,13685,1409
15095,13686,1409
15096,13687,1409
15097,13688,1409
15098,13689,1409
15099,13690,1409
15100,13691,1409
15101,13692,1409
15102,13693,1409
15103,13694,1409
15104,13695,1409
15105,13696,1409
15106,13697,1409
15107,13698,1409
15109,13699,1410
15110,13700,1410
15111,13701,1410
15113,13702,1411
15115,13704,1411
15116,13705,1411
15117,13706,1411
15119,13708,1411
15121,13709,1412
15122,13710,1412
15123,13711,1412
15125,13713,1412
15126,13714,1412
15127,13715,1412
15129,13716,1413
15131,13718,1413
15132,13719,1413
15133,13719,1414
15135,13721,1414
15136,13722,1414
15137,13723,1414
15139,13724,1415
15140,13725,1415
15141,13726,1415
15143,13728,1415
15145,13729,1416
15146,13730,1416
15147,13731,1416
15148,13732,1416
15149,13733,1416
15151,13734,1417
15152,13735,1417
15153,13735,1418
15154,13736,1418
15155,13737,1418
15156,13738,1418
15158,13739,1419
15159,13740,1419
15160,13741,1419
15162,13742,1420
15163,13743,1420
15164,13744,1420
15166,13746,1420
15168,13747,1421
15169,13748,1421
15170,13749,1421
15171,13750,1421
15172,13751,1421
15173,13752,1421
15175,13753,1422
15176,13754,1422
15177,13755,1422
15178,13756,1422
15180,13757,1423
15181,13757,1424
15183,13759,1424
15184,13760,1424
15185,13761,1424
15187,13762,1425
15189,13764,1425
15190,13765,1425
15191,13766,1425
15193,13767,1426
15194,13768,1426
15195,13769,1426
15196,13770,1426
15197,13771,1426
15198,13772,1426
15199,13773,1426
15201,13774,1427
15202,13775,1427
15203,13776,1427
15204,13777,1427
15205,13778,1427
15207,13779,1428
15208,13780,1428
15209,13781,1428
15210,13782,1428
15212,13783,1429
15213,13784,1429
15214,13785,1429
15215,13786,1429
15216,13787,1429
15217,13788,1429
15218,13789,1429
15219,13790,1429
15220,13791,1429
15221,13791,1430
15222,13792,1430
15224,13793,1431
15225,13794,1431
15227,13796,1431
15228,13797,1431
15230,13798,1432
15231,13799,1432
15232,13800,1432
15233,13801,1432
15234,13802,1432
15235,13803,1432
15236,13804,1432
15238,13805,1433
15239,13806,1433
15240,13807,1433
15241,13808,1433
15243,13810,1433
15245,13811,1434
15246,13812,1434
15247,13813,1434
15248,13814,1434
15249,13815,1434
15251,13816,1435
15252,13817,1435
15253,13818,1435
15255,13820,1435
15256,13821,1435
15258,13822,1436
15259,13823,1436
15260,13824,1436
15261,13825,1436
15262,13826,1436
15263,13827,1436
15264,13828,1436
15265,13829,1436
15266,13830,1436
15267,13831,1436
15268,13832,1436
15270,13834,1436
15271,13835,1436
15272,13836,1436
15273,13837,1436
15274,13838,1436
15275,13839,1436
15276,13840,1436
15277,13841,1436
15278,13842,1436
15279,13843,1436
15281,13845,1436
15282,13846,1436
15283,13847,1436
15284,13848,1436
15285,13849,1436
15287,13851,1436
15288,13852,1436
15289,13853,1436
15290,13854,1436
15292,13856,1436
15293,13857,1436
15294,13858,1436
15295,13859,1436
15296,13860,1436
15297,13861,1436
15298,13862,1436
15299,13863,1436
15300,13864,1436
15301,13865,1436
15302,13866,1436
15303,13867,1436
15304,13868,1436
15305,13869,1436
15306,13870,1436
15307,13871,1436
15308,13872,1436
15309,13873,1436
15311,13875,1436
15313,13876,1437
15315,13877,1438
15316,13878,1438
15317,13879,1438
15318,13880,1438
15320,13882,1438
15321,13883,1438
15323,13885,1438
15324,13886,1438
15326,13888,1438
15327,13889,1438
15328,13890,1438
15330,13891,1439
15331,13892,1439
15332,13893,1439
15334,13895,1439
15335,13896,1439
15336,13897,1439
15338,13898,1440
15339,13899,1440
15340,13900,1440
15341,13901,1440
15343,13902,1441
15344,13903,1441
15345,13904,1441
15346,13905,1441
15347,13905,1442
15349,13906,1443
15350,13907,1443
15351,13908,1443
15352,13909,1443
15353,13910,1443
15355,13911,1444
15357,13913,1444
15358,13914,1444
15360,13916,1444
15362,13917,1445
15364,13919,1445
15365,13920,1445
15366,13921,1445
15367,13922,1445
15368,13923,1445
15369,13924,1445
15370,13925,1445
15372,13927,1445
15373,13928,1445
15374,13929,1445
15375,13930,1445
15377,13932,1445
15379,13934,1445
15380,13935,1445
15381,13936,1445
15382,13937,1445
15384,13937,1447
15386,13939,1447
15388,13940,1448
15389,13941,1448
15390,13942,1448
15391,13943,1448
15393,13945,1448
15395,13946,1449
15397,13948,1449
15398,13949,1449
15400,13951,1449
15402,13952,1450
15404,13954,1450
15405,13955,1450
15406,13956,1450
15407,13957,1450
15409,13959,1450
15410,13960,1450
15412,13962,1450
15413,13963,1450
15415,13965,1450
15417,13965,1452
15418,13966,1452
15419,13967,1452
15421,13969,1452
15422,13970,1452
15424,13971,1453
15425,13972,1453
15426,13973,1453
15427,13974,1453
15428,13975,1453
15430,13976,1454
15431,13977,1454
15432,13978,1454
15433,13979,1454
15435,13979,1456
15437,13980,1457
15438,13981,1457
15439,13982,1457
15440,13983,1457
15442,13984,1458
15443,13985,1458
15445,13986,1459
15446,13987,1459
15448,13988,1460
15449,13989,1460
15450,13989,1461
15451,13990,1461
15452,13990,1462
15453,13990,1463
15454,13991,1463
15455,13992,1463
15457,13993,1464
15458,13994,1464
15460,13996,1464
15461,13997,1464
15462,13998,1464
15463,13999,1464
15465,14000,1465
15466,14001,1465
15467,14002,1465
15469,14003,1466
15470,14004,1466
15472,14006,1466
15473,14007,1466
15474,14008,1466
15475,14009,1466
15477,14009,1468
15478,14010,1468
15479,14011,1468
15481,14012,1469
15482,14013,1469
15484,14015,1469
15485,14016,1469
15486,14017,1469
15487,14018,1469
15489,14019,1470
15490,14020,1470
15491,14021,1470
15493,14022,1471
15494,14023,1471
15496,14025,1471
15497,14026,1471
15498,14027,1471
15499,14028,1471
15500,14029,1471
15501,14030,1471
15502,14031,1471
15504,14032,1472
15505,14033,1472
15507,14035,1472
15508,14036,1472
15509,14037,1472
15510,14038,1472
15511,14039,1472
15512,14040,1472
15513,14041,1472
15515,14042,1473
15516,14043,1473
15518,14045,1473
15519,14046,1473
15520,14047,1473
15521,14048,1473
15522,14049,1473
15524,14050,1474
15525,14051,1474
15526,14052,1474
15527,14053,1474
15528,14054,1474
15529,14055,1474
15530,14055,1475
15531,14056,1475
15533,14057,1476
15534,14058,1476
15535,14058,1477
15536,14059,1477
15537,14060,1477
15539,14061,1478
15540,14062,1478
15542,14063,1479
15543,14064,1479
15544,14065,1479
15546,14066,1480
15547,14067,1480
15548,14068,1480
15549,14069,1480
15551,14070,1481
15552,14071,1481
15554,14073,1481
15555,14074,1481
15556,14075,1481
15557,14076,1481
15559,14076,1483
15560,14077,1483
15561,14078,1483
15563,14079,1484
15564,14080,1484
15566,14082,1484
15567,14083,1484
15568,14084,1484
15569,14085,1484
15570,14086,1484
15571,14087,1484
15572,14088,1484
15574,14089,1485
15575,14090,1485
15577,14092,1485
15578,14093,1485
15579,14094,1485
15580,14095,1485
15581,14095,1486
15582,14096,1486
15583,14097,1486
15585,14098,1487
15586,14099,1487
15588,14101,1487
15589,14102,1487
15590,14103,1487
15591,14104,1487
15593,14106,1487
15594,14107,1487
15595,14108,1487
15597,14109,1488
15598,14110,1488
15600,14112,1488
15601,14113,1488
15602,14114,1488
15603,14115,1488
15605,14116,1489
15606,14117,1489
15607,14118,1489
15609,14119,1490
15610,14120,1490
15612,14122,1490
15613,14123,1490
15614,14124,1490
15615,14125,1490
15616,14126,1490
15617,14127,1490
15618,14128,1490
15620,14129,1491
15621,14130,1491
15623,14132,1491
15624,14133,1491
15625,14134,1491
15626,14135,1491
15627,14135,1492
15628,14136,1492
15629,14137,1492
15631,14138,1493
15632,14139,1493
15634,14141,1493
15635,14142,1493
15636,14143,1493
15637,14144,1493
15639,14145,1494
15640,14146,1494
15641,14147,1494
15643,14148,1495
15644,14149,1495
15646,14151,1495
15647,14152,1495
15648,14153,1495
15649,14154,1495
15651,14155,1496
15652,14156,1496
15653,14157,1496
15655,14158,1497
15656,14159,1497
15658,14161,1497
15659,14162,1497
15660,14163,1497
15661,14164,1497
15662,14165,1497
15663,14166,1497
15664,14167,1497
15666,14168,1498
15667,14169,1498
15669,14171,1498
15670,14172,1498
15671,14173,1498
15672,14174,1498
15674,14176,1498
15675,14177,1498
15676,14178,1498
15678,14179,1499
15679,14180,1499
15681,14182,1499
15682,14183,1499
15683,14184,1499
15684,14185,1499
15685,14186,1499
15687,14188,1499
15688,14189,1499
15689,14190,1499
15690,14191,1499
15692,14193,1499
15693,14194,1499
15694,14194,1500
15695,14195,1500
15696,14196,1500
15698,14197,1501
15699,14198,1501
15701,14200,1501
15702,14201,1501
15703,14202,1501
15704,14203,1501
15705,14204,1501
15707,14206,1501
15708,14207,1501
15709,14208,1501
15710,14209,1501
15712,14211,1501
15713,14212,1501
15714,14212,1502
15715,14213,1502
15716,14214,1502
15718,14215,1503
15719,14216,1503
15721,14218,1503
15722,14218,1504
15723,14219,1504
15724,14220,1504
15725,14221,1504
15727,14222,1505
15728,14223,1505
15729,14224,1505
15731,14226,1505
15733,14227,1506
15734,14228,1506
15735,14229,1506
15736,14230,1506
15737,14231,1506
15739,14233,1506
15740,14234,1506
15742,14235,1507
15743,14236,1507
15744,14237,1507
15745,14238,1507
15746,14239,1507
15747,14240,1507
15748,14241,1507
15750,14242,1508
15751,14243,1508
15752,14244,1508
15754,14246,1508
15755,14247,1508
15756,14248,1508
15758,14249,1509
15759,14250,1509
15760,14251,1509
15762,14252,1510
15763,14253,1510
15764,14254,1510
15766,14255,1511
15767,14256,1511
15768,14257,1511
15770,14257,1513
15771,14258,1513
15772,14259,1513
15773,14259,1514
15775,14260,1515
15776,14261,1515
15777,14262,1515
15779,14263,1516
15780,14264,1516
15781,14265,1516
15782,14266,1516
15783,14267,1516
15785,14268,1517
15786,14269,1517
15787,14270,1517
15788,14271,1517
15790,14272,1518
15792,14273,1519
15793,14274,1519
15794,14275,1519
15796,14277,1519
15798,14278,1520
15799,14279,1520
15800,14280,1520
15801,14281,1520
15802,14281,1521
15804,14282,1522
15805,14283,1522
15807,14283,1524
15808,14284,1524
15809,14285,1524
15811,14286,1525
15812,14287,1525
15813,14288,1525
15814,14289,1525
15815,14290,1525
15816,14291,1525
15818,14292,1526
15819,14293,1526
15820,14294,1526
15821,14295,1526
15823,14296,1527
15824,14297,1527
15825,14298,1527
15827,14300,1527
15829,14301,1528
15831,14302,1529
15832,14303,1529
15833,14303,1530
15834,14304,1530
15835,14305,1530
15837,14306,1531
15838,14307,1531
15839,14308,1531
15840,14309,1531
15841,14310,1531
15843,14311,1532
15844,14312,1532
15845,14313,1532
15846,14314,1532
15848,14316,1532
15849,14317,1532
15851,14318,1533
15852,14319,1533
15854,14319,1535
15855,14320,1535
15857,14321,1536
15859,14322,1537
15860,14323,1537
15861,14324,1537
15863,14326,1537
15864,14326,1538
15865,14327,1538
15866,14328,1538
15867,14329,1538
15869,14330,1539
15871,14332,1539
15872,14333,1539
15874,14334,1540
15875,14335,1540
15876,14336,1540
15877,14337,1540
15879,14338,1541
15880,14339,1541
15881,14340,1541
15882,14341,1541
15884,14343,1541
15886,14344,1542
15887,14345,1542
15888,14346,1542
15890,14347,1543
15892,14348,1544
15893,14349,1544
15894,14350,1544
15896,14352,1544
15897,14353,1544
15899,14355,1544
15900,14356,1544
15901,14357,1544
15903,14359,1544
15904,14360,1544
15905,14361,1544
15906,14361,1545
15907,14362,1545
15909,14363,1546
15910,14364,1546
15911,14365,1546
15912,14366,1546
15913,14367,1546
15915,14369,1546
15916,14370,1546
15917,14371,1546
15918,14372,1546
15919,14373,1546
15921,14375,1546
15922,14376,1546
15923,14377,1546
15925,14378,1547
15926,14379,1547
15927,14380,1547
15929,14382,1547
15931,14383,1548
15932,14384,1548
15933,14385,1548
15935,14387,1548
15936,14388,1548
15937,14389,1548
15938,14390,1548
15940,14392,1548
15941,14393,1548
15943,14395,1548
15944,14396,1548
15946,14398,1548
15947,14399,1548
15949,14400,1549
15950,14400,1550
15951,14401,1550
15953,14401,1552
15954,14402,1552
15955,14403,1552
15957,14405,1552
15958,14406,1552
15959,14407,1552
15961,14408,1553
15963,14410,1553
15964,14411,1553
15966,14413,1553
15968,14414,1554
15970,14415,1555
15971,14416,1555
15972,14417,1555
15973,14418,1555
15975,14419,1556
15977,14421,1556
15978,14422,1556
15980,14423,1557
15981,14424,1557
15982,14425,1557
15983,14426,1557
15985,14428,1557
15986,14429,1557
15988,14431,1557
15989,14432,1557
15991,14434,1557
15992,14435,1557
15993,14436,1557
15995,14438,1557
15996,14439,1557
15998,14441,1557
15999,14442,1557
16001,14444,1557
16002,14445,1557
16003,14446,1557
16004,14447,1557
16005,14448,1557
16006,14449,1557
16007,14450,1557
16009,14452,1557
16010,14453,1557
16011,14454,1557
16012,14455,1557
16013,14456,1557
16014,14457,1557
16016,14459,1557
16017,14460,1557
16018,14461,1557
16020,14463,1557
16021,14464,1557
16022,14465,1557
16023,14466,1557
16024,14467,1557
16026,14468,1558
16027,14469,1558
16028,14470,1558
16029,14471,1558
16030,14472,1558
16031,14473,1558
16033,14475,1558
16034,14476,1558
16035,14477,1558
16037,14479,1558
16038,14480,1558
16039,14481,1558
16041,14483,1558
16042,14484,1558
16044,14486,1558
16045,14487,1558
16047,14489,1558
16049,14491,1558
16051,14493,1558
16052,14494,1558
16053,14495,1558
16055,14497,1558
16056,14498,1558
16058,14500,1558
16060,14502,1558
16061,14503,1558
16062,14504,1558
16063,14505,1558
16064,14506,1558
16066,14508,1558
16067,14509,1558
16068,14510,1558
16070,14511,1559
16071,14512,1559
16072,14513,1559
16073,14513,1560
16074,14514,1560
16076,14516,1560
16077,14517,1560
16079,14519,1560
16080,14520,1560
16082,14522,1560
16083,14523,1560
16085,14525,1560
16086,14526,1560
16088,14528,1560
16090,14530,1560
16092,14532,1560
16093,14533,1560
16095,14535,1560
16096,14536,1560
16098,14537,1561
16099,14537,1562
16100,14538,1562
16102,14540,1562
16103,14541,1562
16105,14543,1562
16106,14544,1562
16108,14546,1562
16110,14548,1562
16112,14550,1562
16113,14551,1562
16115,14553,1562
16116,14554,1562
16117,14555,1562
16118,14556,1562
16119,14557,1562
16120,14558,1562
16122,14560,1562
16123,14561,1562
16124,14562,1562
16125,14563,1562
16126,14564,1562
16127,14565,1562
16128,14566,1562
16129,14567,1562
16130,14568,1562
16132,14569,1563
16133,14570,1563
16134,14571,1563
16135,14572,1563
16136,14573,1563
16137,14574,1563
16139,14575,1564
16140,14576,1564
16141,14577,1564
16143,14579,1564
16144,14580,1564
16146,14582,1564
16148,14583,1565
16149,14584,1565
16150,14585,1565
16151,14586,1565
16152,14587,1565
16153,14588,1565
16154,14589,1565
16155,14590,1565
16156,14591,1565
16158,14593,1565
16159,14594,1565
16161,14595,1566
16162,14596,1566
16163,14597,1566
16164,14598,1566
16166,14599,1567
16167,14600,1567
16168,14601,1567
16169,14602,1567
16170,14603,1567
16172,14604,1568
16173,14605,1568
16174,14606,1568
16175,14607,1568
16177,14609,1568
16178,14610,1568
16180,14612,1568
16181,14613,1568
16183,14615,1568
16184,14616,1568
16186,14618,1568
16188,14619,1569
16190,14621,1569
16191,14622,1569
16192,14623,1569
16193,14624,1569
16194,14625,1569
16196,14626,1570
16197,14627,1570
16198,14628,1570
16199,14629,1570
16200,14630,1570
16202,14631,1571
16204,14633,1571
16205,14634,1571
16206,14635,1571
16208,14636,1572
16210,14637,1573
16211,14638,1573
16212,14639,1573
16213,14640,1573
16214,14641,1573
16215,14642,1573
16216,14643,1573
16217,14644,1573
16218,14645,1573
16219,14646,1573
16220,14647,1573
16221,14648,1573
16222,14649,1573
16224,14651,1573
16225,14652,1573
16227,14653,1574
16228,14654,1574
16229,14655,1574
16230,14656,1574
16232,14657,1575
16233,14658,1575
16234,14659,1575
16235,14660,1575
16236,14661,1575
16238,14661,1577
16239,14662,1577
16240,14663,1577
16242,14664,1578
16243,14665,1578
16244,14666,1578
16245,14667,1578
16247,14668,1579
16248,14669,1579
16249,14670,1579
16250,14671,1579
16251,14672,1579
16253,14674,1579
16255,14675,1580
16257,14677,1580
16258,14678,1580
16259,14679,1580
16260,14680,1580
16261,14681,1580
16262,14682,1580
16264,14683,1581
16265,14684,1581
16266,14685,1581
16267,14686,1581
16269,14687,1582
16270,14688,1582
16271,14689,1582
16272,14690,1582
16273,14691,1582
16274,14692,1582
16276,14693,1583
16277,14694,1583
16278,14695,1583
16280,14697,1583
16281,14697,1584
16282,14698,1584
16284,14700,1584
16285,14701,1584
16286,14702,1584
16287,14703,1584
16289,14705,1584
16290,14706,1584
16292,14708,1584
16294,14709,1585
16296,14711,1585
16297,14712,1585
16298,14713,1585
16300,14715,1585
16301,14716,1585
16303,14718,1585
16305,14719,1586
16306,14720,1586
16307,14721,1586
16309,14723,1586
16311,14724,1587
16312,14725,1587
16313,14726,1587
16314,14727,1587
16316,14729,1587
16318,14730,1588
16319,14731,1588
16320,14732,1588
16321,14733,1588
16323,14734,1589
16324,14735,1589
16325,14736,1589
16326,14737,1589
16327,14738,1589
16329,14739,1590
16331,14741,1590
16332,14742,1590
16333,14743,1590
16334,14744,1590
16335,14745,1590
16337,14746,1591
16338,14747,1591
16339,14748,1591
16340,14749,1591
16341,14750,1591
16343,14751,1592
16344,14752,1592
16345,14753,1592
16346,14754,1592
16348,14755,1593
16349,14756,1593
16350,14757,1593
16351,14758,1593
16352,14759,1593
16354,14760,1594
16355,14761,1594
16357,14763,1594
16358,14764,1594
16359,14765,1594
16361,14766,1595
16362,14767,1595
16363,14768,1595
16364,14769,1595
16365,14770,1595
16367,14771,1596
16369,14773,1596
16370,14774,1596
16372,14776,1596
16373,14777,1596
16374,14778,1596
16376,14779,1597
16377,14780,1597
16378,14781,1597
16379,14782,1597
16380,14783,1597
16381,14784,1597
16383,14785,1598
16384,14786,1598
16385,14787,1598
16386,14788,1598
16387,14789,1598
16388,14790,1598
16390,14791,1599
16391,14792,1599
16392,14793,1599
16393,14794,1599
16395,14795,1600
16396,14796,1600
16397,14797,1600
16399,14799,1600
16401,14800,1601
16402,14801,1601
16403,14802,1601
16405,14804,1601
16407,14805,1602
16408,14806,1602
16410,14807,1603
16412,14809,1603
16413,14810,1603
16415,14812,1603
16417,14813,1604
16419,14815,1604
16420,14816,1604
16421,14817,1604
16422,14818,1604
16423,14819,1604
16425,14820,1605
16426,14821,1605
16427,14822,1605
16429,14823,1606
16430,14824,1606
16431,14825,1606
16432,14826,1606
16433,14827,1606
16434,14828,1606
16436,14829,1607
16437,14829,1608
16438,14830,1608
16439,14831,1608
16441,14832,1609
16442,14833,1609
16443,14834,1609
16445,14834,1611
16446,14834,1612
16447,14835,1612
16448,14836,1612
16449,14837,1612
16451,14838,1613
16453,14838,1615
16454,14839,1615
16455,14840,1615
16457,14841,1616
16458,14842,1616
16459,14843,1616
16460,14844,1616
16461,14845,1616
16463,14846,1617
16465,14848,1617
16466,14849,1617
16468,14851,1617
16469,14852,1617
16470,14853,1617
16472,14854,1618
16473,14855,1618
16474,14856,1618
16476,14858,1618
16477,14859,1618
16479,14861,1618
16480,14862,1618
16481,14863,1618
16483,14864,1619
16485,14866,1619
16486,14867,1619
16487,14868,1619
16488,14869,1619
16490,14871,1619
16491,14872,1619
16493,14873,1620
16494,14874,1620
16495,14875,1620
16496,14876,1620
16498,14877,1621
16499,14878,1621
16500,14878,1622
16502,14879,1623
16503,14880,1623
16504,14881,1623
16506,14882,1624
16507,14883,1624
16508,14884,1624
16509,14885,1624
16510,14886,1624
16511,14887,1624
16512,14888,1624
16513,14889,1624
16514,14890,1624
16515,14891,1624
16517,14893,1624
16518,14894,1624
16519,14895,1624
16521,14897,1624
16522,14898,1624
16524,14898,1626
16525,14899,1626
16526,14900,1626
16528,14902,1626
16529,14903,1626
16530,14904,1626
16531,14905,1626
16533,14907,1626
16534,14908,1626
16535,14909,1626
16536,14910,1626
16537,14911,1626
16539,14913,1626
16540,14914,1626
16541,14915,1626
16542,14916,1626
16543,14917,1626
16545,14918,1627
16546,14919,1627
16547,14920,1627
16548,14921,1627
16550,14922,1628
16551,14923,1628
16552,14924,1628
16554,14925,1629
16555,14926,1629
16556,14927,1629
16557,14928,1629
16558,14929,1629
16560,14931,1629
16562,14932,1630
16563,14933,1630
16564,14934,1630
16565,14935,1630
16566,14936,1630
16567,14937,1630
16569,14939,1630
16570,14940,1630
16571,14941,1630
16572,14942,1630
16573,14943,1630
16574,14944,1630
16576,14946,1630
16577,14947,1630
16578,14948,1630
16579,14949,1630
16580,14950,1630
16581,14951,1630
16583,14953,1630
16584,14954,1630
16585,14955,1630
16587,14957,1630
16588,14958,1630
16590,14960,1630
16592,14962,1630
16593,14963,1630
16594,14964,1630
16595,14965,1630
16596,14966,1630
16597,14967,1630
16598,14968,1630
16599,14969,1630
16600,14970,1630
16601,14971,1630
16602,14972,1630
16603,14973,1630
16605,14975,1630
16606,14976,1630
16607,14977,1630
16608,14978,1630
16609,14979,1630
16611,14981,1630
16612,14982,1630
16613,14983,1630
16615,14985,1630
16616,14986,1630
16617,14987,1630
16618,14988,1630
16620,14990,1630
16621,14991,1630
16623,14993,1630
16624,14994,1630
16626,14996,1630
16627,14997,1630
16629,14999,1630
16631,15001,1630
16633,15003,1630
16634,15004,1630
16636,15006,1630
16637,15007,1630
16639,15009,1630
16640,15010,1630
16641,15011,1630
16642,15012,1630
16644,15014,1630
16645,15015,1630
16646,15016,1630
16647,15017,1630
16649,15019,1630
16650,15020,1630
16651,15021,1630
16652,15022,1630
16654,15024,1630
16655,15025,1630
16657,15027,1630
16658,15028,1630
16659,15029,1630
16660,15030,1630
16661,15031,1630
16662,15032,1630
16663,15033,1630
16665,15035,1630
16666,15036,1630
16667,15037,1630
16668,15038,1630
16669,15038,1631
16670,15039,1631
16671,15040,1631
16672,15041,1631
16674,15043,1631
16675,15044,1631
16676,15045,1631
16677,15046,1631
16679,15048,1631
16681,15049,1632
16682,15050,1632
16683,15051,1632
16684,15052,1632
16685,15053,1632
16687,15055,1632
16689,15056,1633
16690,15057,1633
16691,15058,1633
16692,15059,1633
16693,15060,1633
16695,15061,1634
16696,15062,1634
16697,15063,1634
16698,15064,1634
16699,15065,1634
16701,15066,1635
16702,15067,1635
16704,15068,1636
16705,15069,1636
16707,15070,1637
16708,15071,1637
16710,15073,1637
16711,15074,1637
16713,15076,1637
16715,15078,1637
16716,15079,1637
16717,15080,1637
16718,15080,1638
16719,15081,1638
16720,15082,1638
16722,15084,1638
16723,15085,1638
16724,15086,1638
16725,15087,1638
16727,15089,1638
16728,15090,1638
16729,15091,1638
16731,15093,1638
16732,15094,1638
16733,15095,1638
16734,15096,1638
16735,15097,1638
16736,15098,1638
16738,15100,1638
16739,15101,1638
16741,15103,1638
16742,15104,1638
16743,15105,1638
16744,15106,1638
16745,15107,1638
16746,15108,1638
16748,15110,1638
16749,15111,1638
16750,15112,1638
16751,15113,1638
16752,15114,1638
16753,15115,1638
16754,15116,1638
16755,15117,1638
16756,15118,1638
16758,15119,1639
16759,15120,1639
16760,15121,1639
16761,15122,1639
16763,15124,1639
16764,15125,1639
16765,15126,1639
16767,15127,1640
16768,15128,1640
16769,15129,1640
16770,15130,1640
16771,15131,1640
16772,15132,1640
16774,15134,1640
16775,15135,1640
16776,15136,1640
16777,15137,1640
16779,15139,1640
16780,15140,1640
16781,15141,1640
16782,15142,1640
16783,15143,1640
16784,15144,1640
16785,15145,1640
16787,15147,1640
16788,15148,1640
16789,15149,1640
16790,15150,1640
16792,15152,1640
16793,15153,1640
16794,15154,1640
16795,15155,1640
16796,15156,1640
16797,15156,1641
16798,15157,1641
16800,15159,1641
16801,15160,1641
16803,15162,1641
16805,15163,1642
16806,15164,1642
16807,15165,1642
16808,15166,1642
16810,15167,1643
16811,15168,1643
16812,15169,1643
16813,15170,1643
16815,15171,1644
16816,15172,1644
16817,15173,1644
16819,15175,1644
16820,15176,1644
16821,15177,1644
16822,15178,1644
16824,15180,1644
16825,15181,1644
16826,15182,1644
16827,15183,1644
16828,15184,1644
16829,15185,1644
16830,15186,1644
16831,15187,1644
16833,15189,1644
16834,15190,1644
16835,15191,1644
16836,15192,1644
16838,15194,1644
16839,15195,1644
16840,15196,1644
16841,15197,1644
16842,15198,1644
16843,15199,1644
16844,15200,1644
16846,15202,1644
16848,15204,1644
16849,15205,1644
16850,15206,1644
16851,15207,1644
16852,15208,1644
16853,15209,1644
16855,15211,1644
16856,15212,1644
16857,15213,1644
16858,15214,1644
16860,15216,1644
16861,15217,1644
16862,15218,1644
16863,15219,1644
16864,15220,1644
16865,15221,1644
16866,15222,1644
16868,15224,1644
16869,15225,1644
16870,15226,1644
16871,15227,1644
16873,15229,1644
16874,15230,1644
16875,15231,1644
16876,15232,1644
16877,15233,1644
16878,15234,1644
16879,15235,1644
16881,15237,1644
16882,15238,1644
16884,15240,1644
16886,15242,1644
16887,15243,1644
16888,15244,1644
16889,15245,1644
16891,15247,1644
16892,15248,1644
16893,15249,1644
16894,15250,1644
16896,15252,1644
16897,15253,1644
16898,15254,1644
16900,15256,1644
16901,15257,1644
16902,15258,1644
16903,15259,1644
16905,15261,1644
16906,15262,1644
16907,15263,1644
16908,15264,1644
16909,15265,1644
16910,15266,1644
16911,15267,1644
16912,15268,1644
16914,15270,1644
16915,15271,1644
16916,15272,1644
16917,15273,1644
16919,15275,1644
16920,15276,1644
16921,15277,1644
16922,15278,1644
16923,15279,1644
16924,15280,1644
16925,15281,1644
16927,15283,1644
16928,15284,1644
16929,15285,1644
16930,15286,1644
16931,15287,1644
16932,15288,1644
16934,15290,1644
16935,15291,1644
16936,15292,1644
16937,15293,1644
16939,15295,1644
16941,15296,1645
16942,15297,1645
16943,15298,1645
16944,15299,1645
16945,15300,1645
16946,15301,1645
16947,15302,1645
16949,15304,1645
16950,15305,1645
16951,15306,1645
16952,15307,1645
16953,15308,1645
16954,15309,1645
16956,15311,1645
16957,15312,1645
16958,15313,1645
16959,15314,1645
16960,15315,1645
16961,15316,1645
16962,15317,1645
16963,15318,1645
16964,15319,1645
16966,15321,1645
16967,15322,1645
16968,15323,1645
16969,15324,1645
16971,15326,1645
16972,15327,1645
16973,15328,1645
16975,15330,1645
16976,15331,1645
16977,15332,1645
16978,15333,1645
16979,15334,1645
16980,15335,1645
16982,15337,1645
16983,15338,1645
16984,15339,1645
16985,15340,1645
16987,15342,1645
16988,15343,1645
16989,15344,1645
16990,15345,1645
16991,15346,1645
16992,15347,1645
16993,15348,1645
16995,15350,1645
16996,15351,1645
16997,15352,1645
16998,15353,1645
17000,15355,1645
17001,15356,1645
17002,15357,1645
17003,15358,1645
17004,15359,1645
17005,15360,1645
17006,15361,1645
17008,15363,1645
17009,15364,1645
17011,15366,1645
17013,15368,1645
17014,15369,1645
17015,15370,1645
17016,15371,1645
17018,15373,1645
17019,15374,1645
17020,15375,1645
17021,15376,1645
17023,15378,1645
17024,15379,1645
17025,15380,1645
17027,15382,1645
17028,15383,1645
17029,15384,1645
17030,15385,1645
17032,15387,1645
17033,15388,1645
17034,15389,1645
17035,15390,1645
17036,15391,1645
17037,15392,1645
17038,15393,1645
17039,15394,1645
17041,15396,1645
17042,15397,1645
17043,15398,1645
17044,15399,1645
17046,15401,1645
17047,15402,1645
17048,15403,1645
17049,15404,1645
17050,15405,1645
17051,15406,1645
17052,15407,1645
17054,15409,1645
17056,15411,1645
17057,15412,1645
17058,15413,1645
17059,15414,1645
17060,15415,1645
17061,15416,1645
17063,15418,1645
17064,15419,1645
17065,15420,1645
17066,15421,1645
17068,15423,1645
17069,15424,1645
17070,15425,1645
17071,15426,1645
17072,15427,1645
17073,15428,1645
17074,15429,1645
17076,15431,1645
17077,15432,1645
17078,15433,1645
17079,15434,1645
17081,15436,1645
17082,15437,1645
17083,15438,1645
17084,15439,1645
17085,15440,1645
17086,15441,1645
17087,15442,1645
17089,15444,1645
17090,15445,1645
17092,15447,1645
17094,15449,1645
17095,15450,1645
17096,15451,1645
17097,15452,1645
17099,15454,1645
17100,15455,1645
17101,15456,1645
17102,15457,1645
17104,15459,1645
17105,15460,1645
17106,15461,1645
17108,15463,1645
17109,15464,1645
17110,15465,1645
17111,15466,1645
17113,15468,1645
17114,15469,1645
17115,15470,1645
17116,15471,1645
17117,15472,1645
17118,15473,1645
17119,15474,1645
17120,15475,1645
17122,15477,1645
17123,15478,1645
17124,15479,1645
17125,15480,1645
17127,15482,1645
17128,15483,1645
17129,15484,1645
17130,15485,1645
17131,15486,1645
17132,15487,1645
17134,15489,1645
17136,15491,1645
17137,15492,1645
17138,15493,1645
17139,15494,1645
17140,15495,1645
17141,15496,1645
17143,15498,1645
17144,15499,1645
17145,15500,1645
17146,15501,1645
17148,15503,1645
17149,15504,1645
17151,15506,1645
17153,15508,1645
17154,15509,1645
17155,15510,1645
17156,15511,1645
17157,15512,1645
17159,15514,1645
17160,15515,1645
17161,15516,1645
17162,15517,1645
17164,15519,1645
17165,15520,1645
17166,15521,1645
17167,15522,1645
17168,15523,1645
17169,15524,1645
17170,15525,1645
17171,15526,1645
17172,15527,1645
17174,15529,1645
17175,15530,1645
17176,15531,1645
17177,15532,1645
17179,15534,1645
17180,15535,1645
17181,15536,1645
17182,15537,1645
17183,15538,1645
17184,15539,1645
17185,15540,1645
17187,15542,1645
17188,15543,1645
17189,15544,1645
17190,15545,1645
17191,15546,1645
17192,15547,1645
17194,15549,1645
17195,15550,1645
17196,15551,1645
17197,15552,1645
17199,15554,1645
17201,15556,1645
17202,15557,1645
17203,15558,1645
17204,15559,1645
17205,15560,1645
17207,15562,1645
17209,15564,1645
17210,15565,1645
17211,15566,1645
17213,15568,1645
17214,15569,1645
17215,15570,1645
17216,15571,1645
17217,15572,1645
17218,15573,1645
17219,15574,1645
17220,15575,1645
17222,15577,1645
17223,15578,1645
17224,15579,1645
17225,15580,1645
17227,15582,1645
17228,15583,1645
17230,15585,1645
17232,15587,1645
17233,15588,1645
17234,15589,1645
17235,15590,1645
17236,15591,1645
17238,15593,1645
17239,15594,1645
17240,15595,1645
17241,15596,1645
17243,15598,1645
17244,15599,1645
17245,15600,1645
17246,15601,1645
17247,15602,1645
17248,15603,1645
17249,15604,1645
17250,15605,1645
17251,15606,1645
17252,15607,1645
17254,15609,1645
17255,15610,1645
17256,15611,1645
17257,15612,1645
17258,15613,1645
17259,15614,1645
17261,15616,1645
17262,15617,1645
17263,15618,1645
17264,15619,1645
17265,15620,1645
17266,15621,1645
17268,15623,1645
17269,15624,1645
17270,15625,1645
17271,15626,1645
17272,15627,1645
17273,15628,1645
17274,15629,1645
17275,15630,1645
17276,15631,1645
17278,15633,1645
17279,15634,1645
17280,15635,1645
17281,15636,1645
17283,15638,1645
17285,15640,1645
17286,15641,1645
17288,15643,1645
17289,15644,1645
17290,15645,1645
17291,15646,1645
17292,15647,1645
17293,15648,1645
17295,15650,1645
17296,15651,1645
17297,15652,1645
17298,15653,1645
17300,15655,1645
17301,15656,1645
17302,15657,1645
17304,15659,1645
17305,15660,1645
17306,15661,1645
17308,15663,1645
17309,15664,1645
17311,15666,1645
17312,15667,1645
17313,15668,1645
17314,15669,1645
17316,15671,1645
17317,15672,1645
17318,15673,1645
17319,15674,1645
17320,15675,1645
17321,15676,1645
17322,15677,1645
17323,15678,1645
17324,15679,1645
17326,15681,1645
17327,15682,1645
17328,15683,1645
17329,15684,1645
17331,15686,1645
17333,15688,1645
17334,15689,1645
17335,15690,1645
17336,15691,1645
17338,15693,1645
17339,15694,1645
17341,15696,1645
17343,15698,1645
17344,15699,1645
17345,15700,1645
17346,15701,1645
17347,15702,1645
17348,15703,1645
17350,15705,1645
17351,15706,1645
17352,15707,1645
17353,15708,1645
17355,15710,1645
17356,15711,1645
17357,15712,1645
17359,15714,1645
17360,15715,1645
17361,15716,1645
17363,15718,1645
17364,15719,1645
17366,15721,1645
17367,15722,1645
17368,15723,1645
17369,15724,1645
17371,15726,1645
17372,15727,1645
17373,15728,1645
17374,15729,1645
17375,15730,1645
17376,15731,1645
17377,15732,1645
17378,15733,1645
17379,15734,1645
17381,15736,1645
17382,15737,1645
17383,15738,1645
17384,15739,1645
17385,15740,1645
17386,15741,1645
17387,15742,1645
17388,15743,1645
17389,15744,1645
17390,15745,1645
17391,15746,1645
17393,15748,1645
17394,15749,1645
17395,15750,1645
17396,15751,1645
17397,15752,1645
17398,15753,1645
17400,15755,1645
17401,15756,1645
17402,15757,1645
17403,15758,1645
17405,15760,1645
17406,15761,1645
17407,15762,1645
17408,15763,1645
17409,15764,1645
17411,15766,1645
17412,15767,1645
17413,15768,1645
17414,15769,1645
17416,15771,1645
17417,15772,1645
17418,15773,1645
17419,15774,1645
17420,15775,1645
17421,15776,1645
17422,15777,1645
17424,15778,1646
17425,15779,1646
17426,15780,1646
17427,15781,1646
17428,15782,1646
17430,15784,1646
17431,15785,1646
17432,15786,1646
17433,15787,1646
17434,15788,1646
17436,15790,1646
17437,15791,1646
17438,15792,1646
17439,15793,1646
17440,15794,1646
17441,15795,1646
17443,15797,1646
17444,15798,1646
17445,15799,1646
17447,15801,1646
17448,15802,1646
17450,15804,1646
17451,15805,1646
17452,15806,1646
17454,15808,1646
17455,15809,1646
17456,15810,1646
17457,15811,1646
17459,15813,1646
17460,15814,1646
17461,15815,1646
17462,15816,1646
17463,15817,1646
17465,15819,1646
17466,15820,1646
17467,15821,1646
17468,15822,1646
17469,15823,1646
17470,15824,1646
17471,15825,1646
17473,15825,1648
17474,15826,1648
17475,15827,1648
17476,15828,1648
17477,15829,1648
17478,15830,1648
17480,15832,1648
17481,15833,1648
17482,15834,1648
17483,15835,1648
17485,15837,1648
17486,15838,1648
17487,15839,1648
17489,15841,1648
17490,15842,1648
17492,15844,1648
17493,15845,1648
17494,15846,1648
17495,15847,1648
17496,15848,1648
17497,15849,1648
17498,15850,1648
17500,15851,1649
17501,15852,1649
17502,15853,1649
17503,15854,1649
17504,15855,1649
17506,15856,1650
17507,15857,1650
17508,15858,1650
17509,15859,1650
17511,15860,1651
17513,15860,1653
17514,15861,1653
17515,15862,1653
17516,15863,1653
17517,15864,1653
17518,15865,1653
17520,15866,1654
17521,15867,1654
17522,15868,1654
17523,15869,1654
17524,15870,1654
17526,15871,1655
17527,15872,1655
17528,15873,1655
17529,15874,1655
17530,15875,1655
17531,15876,1655
17533,15877,1656
17534,15878,1656
17535,15879,1656
17536,15879,1657
17537,15880,1657
17538,15881,1657
17540,15882,1658
17541,15883,1658
17542,15883,1659
17543,15884,1659
17544,15885,1659
17546,15887,1659
17547,15887,1660
17548,15888,1660
17549,15889,1660
17550,15890,1660
17552,15891,1661
17553,15892,1661
17554,15893,1661
17555,15894,1661
17557,15895,1662
17558,15896,1662
17559,15897,1662
17560,15898,1662
17561,15899,1662
17562,15900,1662
17564,15901,1663
17565,15902,1663
17566,15903,1663
17567,15904,1663
17569,15905,1664
17570,15906,1664
17571,15907,1664
17572,15908,1664
17573,15909,1664
17575,15910,1665
17576,15911,1665
17577,15912,1665
17579,15913,1666
17580,15914,1666
17581,15915,1666
17582,15916,1666
17584,15917,1667
17585,15918,1667
17586,15919,1667
17587,15920,1667
17589,15922,1667
17590,15923,1667
17592,15925,1667
17593,15926,1667
17594,15927,1667
17596,15928,1668
17597,15929,1668
17599,15930,1669
17601,15932,1669
17602,15932,1670
17604,15934,1670
17605,15935,1670
17606,15936,1670
17608,15938,1670
17609,15939,1670
17611,15941,1670
17612,15942,1670
17614,15944,1670
17615,15945,1670
17617,15947,1670
17618,15948,1670
17620,15950,1670
17622,15951,1671
17623,15952,1671
17624,15953,1671
17625,15954,1671
17627,15955,1672
17629,15956,1673
17630,15957,1673
17631,15958,1673
17632,15959,1673
17634,15960,1674
17635,15961,1674
17636,15962,1674
17637,15963,1674
17639,15964,1675
17641,15965,1676
17642,15966,1676
17644,15968,1676
17646,15969,1677
17648,15971,1677
17649,15972,1677
17650,15973,1677
17651,15974,1677
17652,15975,1677
17654,15976,1678
17655,15977,1678
17657,15978,1679
17659,15980,1679
17660,15981,1679
17662,15983,1679
17664,15984,1680
17666,15986,1680
17667,15987,1680
17668,15988,1680
17669,15989,1680
17671,15990,1681
17672,15991,1681
17673,15992,1681
17674,15993,1681
17676,15994,1682
17677,15995,1682
17678,15996,1682
17680,15997,1683
17682,15999,1683
17683,16000,1683
17685,16002,1683
17687,16003,1684
17688,16004,1684
17689,16005,1684
17690,16006,1684
17692,16007,1685
17694,16008,1686
17695,16009,1686
17696,16010,1686
17697,16011,1686
17699,16013,1686
17700,16014,1686
17702,16015,1687
17703,16016,1687
17704,16017,1687
17705,16018,1687
17706,16019,1687
17707,16020,1687
17708,16021,1687
17709,16022,1687
17710,16023,1687
17711,16024,1687
17712,16025,1687
17713,16026,1687
17714,16027,1687
17715,16028,1687
17716,16029,1687
17717,16030,1687
17718,16031,1687
17719,16032,1687
17721,16034,1687
17722,16035,1687
17723,16036,1687
17725,16037,1688
17726,16038,1688
17727,16039,1688
17729,16040,1689
17730,16041,1689
17732,16041,1691
17733,16042,1691
17734,16043,1691
17735,16044,1691
17736,16045,1691
17737,16046,1691
17739,16047,1692
17740,16048,1692
17741,16049,1692
17742,16050,1692
17744,16051,1693
17746,16053,1693
17747,16054,1693
17748,16055,1693
17749,16056,1693
17750,16057,1693
17751,16058,1693
17752,16059,1693
17753,16060,1693
17754,16061,1693
17755,16062,1693
17756,16063,1693
17758,16065,1693
17759,16066,1693
17760,16067,1693
17761,16068,1693
17762,16069,1693
17763,16070,1693
17764,16071,1693
17765,16072,1693
17767,16074,1693
17768,16075,1693
17769,16076,1693
17770,16077,1693
17771,16078,1693
17772,16079,1693
17773,16080,1693
17774,16081,1693
17776,16083,1693
17777,16084,1693
17778,16085,1693
17779,16086,1693
17780,16087,1693
17781,16088,1693
17783,16090,1693
17784,16091,1693
17785,16092,1693
17786,16093,1693
17787,16094,1693
17788,16095,1693
17790,16096,1694
17791,16097,1694
17792,16098,1694
17793,16099,1694
17794,16100,1694
17796,16101,1695
17797,16102,1695
17798,16103,1695
17799,16104,1695
17800,16105,1695
17801,16106,1695
17802,16107,1695
17803,16108,1695
17804,16109,1695
17805,16110,1695
17807,16112,1695
17808,16113,1695
17809,16114,1695
17810,16115,1695
17811,16116,1695
17812,16117,1695
17813,16118,1695
17814,16119,1695
17816,16121,1695
17818,16123,1695
17819,16124,1695
17820,16125,1695
17821,16126,1695
17822,16127,1695
17824,16129,1695
17825,16130,1695
17826,16131,1695
17827,16132,1695
17828,16133,1695
17829,16134,1695
17830,16135,1695
17831,16136,1695
17832,16137,1695
17833,16138,1695
17835,16139,1696
17836,16140,1696
17837,16141,1696
17838,16142,1696
17840,16143,1697
17841,16144,1697
17842,16145,1697
17843,16146,1697
17844,16147,1697
17846,16149,1697
17847,16150,1697
17848,16151,1697
17850,16153,1697
17852,16154,1698
17854,16156,1698
17855,16157,1698
17856,16158,1698
17857,16159,1698
17858,16160,1698
17859,16161,1698
17860,16162,1698
17861,16163,1698
17862,16164,1698
17863,16165,1698
17864,16166,1698
17865,16167,1698
17866,16168,1698
17867,16169,1698
17868,16170,1698
17870,16172,1698
17871,16173,1698
17872,16174,1698
17873,16175,1698
17874,16176,1698
17875,16177,1698
17876,16178,1698
17878,16180,1698
17880,16181,1699
17881,16182,1699
17882,16183,1699
17883,16184,1699
17884,16185,1699
17885,16186,1699
17886,16187,1699
17887,16188,1699
17889,16189,1700
17890,16190,1700
17891,16191,1700
17892,16192,1700
17894,16194,1700
17895,16195,1700
17897,16197,1700
17898,16198,1700
17899,16199,1700
17900,16200,1700
17901,16201,1700
17902,16202,1700
17903,16203,1700
17904,16204,1700
17905,16205,1700
17906,16206,1700
17908,16208,1700
17910,16210,1700
17911,16211,1700
17912,16212,1700
17913,16213,1700
17915,16215,1700
17916,16215,1701
17918,16216,1702
17919,16217,1702
17920,16218,1702
17921,16219,1702
17922,16220,1702
17923,16221,1702
17924,16222,1702
17925,16223,1702
17926,16224,1702
17927,16225,1702
17928,16226,1702
17929,16227,1702
17930,16228,1702
17931,16229,1702
17932,16230,1702
17933,16231,1702
17935,16232,1703
17936,16233,1703
17937,16234,1703
17938,16235,1703
17939,16236,1703
17940,16237,1703
17941,16238,1703
17942,16239,1703
17943,16240,1703
17945,16241,1704
17946,16242,1704
17947,16243,1704
17948,16244,1704
17950,16245,1705
17951,16245,1706
17953,16246,1707
17954,16247,1707
17956,16249,1707
17957,16250,1707
17958,16251,1707
17960,16253,1707
17962,16255,1707
17963,16256,1707
17964,16257,1707
17965,16258,1707
17966,16259,1707
17968,16261,1707
17969,16262,1707
17970,16263,1707
17971,16264,1707
17973,16266,1707
17975,16268,1707
17976,16269,1707
17977,16270,1707
17978,16271,1707
17979,16272,1707
17980,16273,1707
17981,16274,1707
17982,16275,1707
17983,16276,1707
17984,16277,1707
17985,16278,1707
17986,16279,1707
17987,16280,1707
17989,16282,1707
17990,16283,1707
17991,16284,1707
17992,16285,1707
17993,16286,1707
17994,16287,1707
17995,16288,1707
17996,16289,1707
17997,16290,1707
17998,16291,1707
17999,16292,1707
18000,16293,1707
18001,16294,1707
18003,16296,1707
18004,16297,1707
18005,16298,1707
18006,16299,1707
18007,16300,1707
18009,16302,1707
18010,16303,1707
18011,16304,1707
18012,16305,1707
18013,16306,1707
18014,16307,1707
18015,16308,1707
18016,16309,1707
18017,16310,1707
18018,16311,1707
18020,16313,1707
18021,16314,1707
18022,16315,1707
18023,16316,1707
18024,16317,1707
18025,16318,1707
18026,16319,1707
18027,16320,1707
18029,16322,1707
18031,16324,1707
18032,16325,1707
18033,16326,1707
18034,16327,1707
18035,16328,1707
18037,16330,1707
18038,16331,1707
18039,16332,1707
18040,16333,1707
18041,16334,1707
18042,16335,1707
18043,16336,1707
18044,16337,1707
18045,16338,1707
18046,16339,1707
18048,16341,1707
18049,16342,1707
18050,16343,1707
18051,16344,1707
18053,16346,1707
18054,16347,1707
18055,16348,1707
18056,16349,1707
18057,16350,1707
18059,16352,1707
18060,16353,1707
18061,16354,1707
18063,16356,1707
18065,16358,1707
18067,16360,1707
18068,16361,1707
18069,16362,1707
18070,16363,1707
18071,16364,1707
18072,16365,1707
18073,16366,1707
18074,16367,1707
18075,16368,1707
18076,16369,1707
18077,16370,1707
18078,16371,1707
18079,16372,1707
18080,16373,1707
18081,16374,1707
18083,16376,1707
18084,16377,1707
18085,16378,1707
18086,16379,1707
18087,16380,1707
18088,16381,1707
18089,16382,1707
18091,16384,1707
18093,16386,1707
18094,16387,1707
18095,16388,1707
18096,16389,1707
18097,16390,1707
18098,16391,1707
18099,16392,1707
18100,16393,1707
18102,16395,1707
18103,16396,1707
18104,16397,1707
18105,16398,1707
18107,16400,1707
18108,16401,1707
18110,16403,1707
18111,16404,1707
18112,16405,1707
18113,16406,1707
18114,16407,1707
18115,16408,1707
18116,16409,1707
18117,16410,1707
18118,16411,1707
18119,16412,1707
18121,16414,1707
18123,16416,1707
18124,16417,1707
18125,16418,1707
18126,16419,1707
18128,16421,1707
18129,16422,1707
18131,16424,1707
18132,16425,1707
18133,16426,1707
18134,16427,1707
18135,16428,1707
18136,16429,1707
18137,16430,1707
18138,16431,1707
18139,16432,1707
18140,16433,1707
18141,16434,1707
18142,16435,1707
18143,16436,1707
18144,16437,1707
18145,16438,1707
18146,16439,1707
18148,16441,1707
18150,16442,1708
18151,16443,1708
18152,16444,1708
18153,16445,1708
18154,16446,1708
18155,16447,1708
18156,16448,1708
18157,16449,1708
18159,16451,1708
18160,16452,1708
18161,16453,1708
18162,16454,1708
18164,16456,1708
18165,16457,1708
18167,16459,1708
18168,16460,1708
18170,16462,1708
18171,16463,1708
18172,16464,1708
18174,16466,1708
18175,16467,1708
18176,16468,1708
18177,16469,1708
18178,16470,1708
18179,16471,1708
18181,16473,1708
18182,16474,1708
18183,16475,1708
18184,16476,1708
18186,16478,1708
18188,16479,1709
18189,16480,1709
18190,16481,1709
18191,16482,1709
18192,16483,1709
18193,16484,1709
18194,16485,1709
18195,16486,1709
18196,16487,1709
18197,16488,1709
18198,16489,1709
18200,16491,1709
18201,16492,1709
18202,16493,1709
18203,16494,1709
18204,16495,1709
18205,16496,1709
18206,16497,1709
18207,16498,1709
18209,16500,1709
18210,16501,1709
18211,16502,1709
18212,16503,1709
18213,16504,1709
18214,16505,1709
18216,16507,1709
18217,16508,1709
18218,16509,1709
18219,16510,1709
18220,16511,1709
18221,16512,1709
18222,16513,1709
18223,16514,1709
18224,16515,1709
18225,16516,1709
18226,16517,1709
18227,16518,1709
18228,16519,1709
18230,16521,1709
18231,16522,1709
18232,16523,1709
18233,16524,1709
18234,16525,1709
18236,16527,1709
18237,16528,1709
18238,16529,1709
18239,16530,1709
18240,16531,1709
18241,16532,1709
18242,16533,1709
18243,16534,1709
18244,16535,1709
18245,16536,1709
18247,16538,1709
18248,16539,1709
18249,16540,1709
18250,16541,1709
18251,16542,1709
18252,16543,1709
18253,16544,1709
18254,16545,1709
18256,16547,1709
18258,16549,1709
18259,16550,1709
18260,16551,1709
18261,16552,1709
18262,16553,1709
18264,16555,1709
18265,16556,1709
18266,16557,1709
18267,16558,1709
18268,16559,1709
18269,16560,1709
18270,16561,1709
18271,16562,1709
18272,16563,1709
18273,16564,1709
18275,16566,1709
18276,16567,1709
18277,16568,1709
18278,16569,1709
18280,16571,1709
18281,16572,1709
18282,16573,1709
18283,16574,1709
18284,16575,1709
18286,16577,1709
18287,16578,1709
18288,16579,1709
18290,16581,1709
18292,16583,1709
18294,16585,1709
18295,16586,1709
18296,16587,1709
18297,16588,1709
18298,16589,1709
18299,16590,1709
18300,16591,1709
18301,16592,1709
18302,16593,1709
18303,16594,1709
18304,16595,1709
18305,16596,1709
18306,16597,1709
18307,16598,1709
18308,16599,1709
18310,16601,1709
18311,16602,1709
18312,16603,1709
18313,16604,1709
18314,16605,1709
18315,16606,1709
18316,16607,1709
18318,16609,1709
18320,16611,1709
18321,16612,1709
18322,16613,1709
18323,16614,1709
18324,16615,1709
18325,16616,1709
18326,16617,1709
18327,16618,1709
18329,16620,1709
18330,16621,1709
18331,16622,1709
18332,16623,1709
18334,16625,1709
18335,16626,1709
18337,16628,1709
18338,16629,1709
18339,16630,1709
18340,16631,1709
18341,16632,1709
18342,16633,1709
18343,16634,1709
18344,16635,1709
18345,16636,1709
18346,16637,1709
18348,16639,1709
18350,16641,1709
18351,16642,1709
18352,16643,1709
18353,16644,1709
18355,16646,1709
18356,16647,1709
18358,16649,1709
18359,16650,1709
18360,16651,1709
18361,16652,1709
18362,16653,1709
18363,16654,1709
18364,16655,1709
18365,16656,1709
18366,16657,1709
18367,16658,1709
18368,16659,1709
18369,16660,1709
18370,16661,1709
18371,16662,1709
18372,16663,1709
18373,16664,1709
18375,16666,1709
18376,16667,1709
18377,16668,1709
18378,16669,1709
18379,16670,1709
18380,16671,1709
18381,16672,1709
18382,16673,1709
18383,16674,1709
18385,16676,1709
18386,16677,1709
18387,16678,1709
18388,16679,1709
18390,16681,1709
18391,16682,1709
18393,16684,1709
18394,16685,1709
18396,16687,1709
18397,16688,1709
18398,16689,1709
18400,16691,1709
18401,16692,1709
18402,16693,1709
18403,16694,1709
18404,16695,1709
18405,16696,1709
18407,16698,1709
18408,16699,1709
18409,16700,1709
18410,16701,1709
18412,16703,1709
18414,16705,1709
18415,16706,1709
18416,16707,1709
18417,16708,1709
18418,16709,1709
18419,16710,1709
18420,16711,1709
18421,16712,1709
18422,16713,1709
18423,16714,1709
18424,16715,1709
18425,16716,1709
18426,16717,1709
18427,16718,1709
18428,16719,1709
18429,16720,1709
18430,16721,1709
18431,16722,1709
18432,16723,1709
18433,16724,1709
18435,16726,1709
18436,16727,1709
18437,16728,1709
18438,16729,1709
18439,16730,1709
18441,16732,1709
18442,16733,1709
18443,16734,1709
18444,16735,1709
18445,16736,1709
18446,16737,1709
18447,16738,1709
18448,16739,1709
18449,16740,1709
18450,16741,1709
18452,16743,1709
18453,16744,1709
18454,16745,1709
18455,16746,1709
18456,16747,1709
18457,16748,1709
18458,16749,1709
18459,16750,1709
18461,16752,1709
18463,16754,1709
18464,16755,1709
18465,16756,1709
18466,16757,1709
18467,16758,1709
18469,16760,1709
18470,16761,1709
18471,16762,1709
18472,16763,1709
18473,16764,1709
18474,16765,1709
18475,16766,1709
18476,16767,1709
18477,16768,1709
18478,16769,1709
18480,16771,1709
18481,16772,1709
18482,16773,1709
18483,16774,1709
18485,16776,1709
18486,16777,1709
18487,16778,1709
18488,16779,1709
18489,16780,1709
18491,16782,1709
18492,16783,1709
18493,16784,1709
18495,16786,1709
18497,16788,1709
18499,16790,1709
18500,16791,1709
18501,16792,1709
18502,16793,1709
18503,16794,1709
18504,16795,1709
18505,16796,1709
18506,16797,1709
18507,16798,1709
18508,16799,1709
18509,16800,1709
18510,16801,1709
18511,16802,1709
18512,16803,1709
18513,16804,1709
18515,16806,1709
18516,16807,1709
18517,16808,1709
18518,16809,1709
18519,16810,1709
18520,16811,1709
18521,16812,1709
18523,16814,1709
18525,16816,1709
18526,16817,1709
18527,16818,1709
18528,16819,1709
18529,16820,1709
18530,16821,1709
18531,16822,1709
18532,16823,1709
18534,16825,1709
18535,16826,1709
18536,16827,1709
18537,16828,1709
18539,16830,1709
18540,16831,1709
18542,16833,1709
18543,16834,1709
18544,16835,1709
18545,16836,1709
18546,16837,1709
18547,16838,1709
18548,16839,1709
18549,16840,1709
18550,16841,1709
18551,16842,1709
18553,16844,1709
18555,16846,1709
18556,16847,1709
18557,16848,1709
18558,16849,1709
18560,16851,1709
18561,16852,1709
18563,16854,1709
18564,16855,1709
18565,16856,1709
18566,16857,1709
18567,16858,1709
18568,16859,1709
18569,16860,1709
18570,16861,1709
18571,16862,1709
18572,16863,1709
18573,16864,1709
18574,16865,1709
18575,16866,1709
18576,16867,1709
18577,16868,1709
18578,16869,1709
18580,16871,1709
18581,16872,1709
18582,16873,1709
18583,16874,1709
18584,16875,1709
18585,16876,1709
18586,16877,1709
18587,16878,1709
18588,16879,1709
18590,16881,1709
18591,16882,1709
18592,16883,1709
18593,16884,1709
18595,16886,1709
18596,16887,1709
18598,16889,1709
18599,16890,1709
18601,16892,1709
18602,16893,1709
18603,16893,1710
18604,16894,1710
18606,16895,1711
18607,16896,1711
18608,16897,1711
18609,16898,1711
18610,16899,1711
18611,16900,1711
18613,16901,1712
18615,16903,1712
18616,16904,1712
18618,16906,1712
18620,16907,1713
18622,16909,1713
18623,16910,1713
18624,16911,1713
18625,16912,1713
18626,16913,1713
18627,16914,1713
18628,16915,1713
18629,16916,1713
18631,16918,1713
18632,16919,1713
18633,16920,1713
18634,16921,1713
18636,16923,1713
18637,16924,1713
18639,16926,1713
18640,16927,1713
18641,16928,1713
18642,16929,1713
18643,16930,1713
18644,16931,1713
18645,16932,1713
18646,16933,1713
18648,16935,1713
18649,16936,1713
18650,16937,1713
18651,16938,1713
18652,16939,1713
18653,16940,1713
18654,16941,1713
18655,16942,1713
18657,16944,1713
18658,16945,1713
18659,16946,1713
18660,16947,1713
18661,16948,1713
18662,16949,1713
18663,16950,1713
18664,16951,1713
18666,16953,1713
18668,16955,1713
18669,16956,1713
18670,16957,1713
18671,16958,1713
18672,16959,1713
18674,16961,1713
18675,16962,1713
18676,16963,1713
18678,16965,1713
18679,16966,1713
18680,16967,1713
18681,16968,1713
18683,16970,1713
18684,16971,1713
18685,16972,1713
18686,16973,1713
18687,16974,1713
18689,16976,1713
18690,16977,1713
18691,16978,1713
18692,16979,1713
18693,16980,1713
18694,16981,1713
18695,16982,1713
18696,16983,1713
18698,16985,1713
18699,16986,1713
18700,16987,1713
18702,16989,1713
18703,16990,1713
18704,16991,1713
18706,16993,1713
18707,16994,1713
18709,16996,1713
18710,16997,1713
18711,16998,1713
18712,16999,1713
18713,17000,1713
18714,17001,1713
18716,17003,1713
18717,17004,1713
18718,17005,1713
18719,17006,1713
18721,17008,1713
18723,17010,1713
18724,17011,1713
18725,17012,1713
18726,17013,1713
18727,17014,1713
18728,17015,1713
18729,17016,1713
18730,17017,1713
18731,17018,1713
18732,17019,1713
18733,17020,1713
18735,17022,1713
18736,17023,1713
18737,17024,1713
18738,17025,1713
18739,17026,1713
18740,17027,1713
18741,17028,1713
18742,17029,1713
18744,17031,1713
18745,17032,1713
18746,17033,1713
18747,17034,1713
18748,17035,1713
18749,17036,1713
18750,17037,1713
18751,17038,1713
18753,17040,1713
18754,17041,1713
18755,17042,1713
18756,17043,1713
18757,17044,1713
18758,17045,1713
18760,17047,1713
18761,17048,1713
18762,17049,1713
18763,17050,1713
18764,17051,1713
18765,17052,1713
18767,17054,1713
18768,17055,1713
18769,17056,1713
18770,17057,1713
18771,17058,1713
18773,17060,1713
18774,17061,1713
18775,17062,1713
18776,17063,1713
18777,17064,1713
18778,17065,1713
18779,17066,1713
18780,17067,1713
18781,17068,1713
18782,17069,1713
18784,17071,1713
18785,17072,1713
18786,17073,1713
18787,17074,1713
18788,17075,1713
18789,17076,1713
18790,17077,1713
18791,17078,1713
18793,17080,1713
18795,17082,1713
18796,17083,1713
18798,17085,1713
18799,17086,1713
18800,17087,1713
18802,17089,1713
18803,17090,1713
18804,17091,1713
18805,17092,1713
18806,17093,1713
18807,17094,1713
18808,17095,1713
18809,17096,1713
18810,17097,1713
18811,17098,1713
18813,17100,1713
18814,17101,1713
18815,17102,1713
18816,17103,1713
18818,17105,1713
18819,17106,1713
18820,17107,1713
18821,17108,1713
18822,17109,1713
18824,17111,1713
18825,17112,1713
18826,17113,1713
18828,17115,1713
18830,17117,1713
18832,17119,1713
18833,17120,1713
18834,17121,1713
18835,17122,1713
18836,17123,1713
18837,17124,1713
18838,17125,1713
18839,17126,1713
18840,17127,1713
18841,17128,1713
18842,17129,1713
18843,17130,1713
18844,17131,1713
18845,17132,1713
18846,17133,1713
18848,17135,1713
18849,17136,1713
18850,17137,1713
18851,17138,1713
18852,17139,1713
18853,17140,1713
18854,17141,1713
18856,17143,1713
18858,17145,1713
18859,17146,1713
18860,17147,1713
18861,17148,1713
18862,17149,1713
18863,17150,1713
18864,17151,1713
18865,17152,1713
18867,17154,1713
18868,17155,1713
18869,17156,1713
18870,17157,1713
18872,17159,1713
18873,17160,1713
18875,17162,1713
18876,17163,1713
18877,17164,1713
18878,17165,1713
18879,17166,1713
18880,17167,1713
18881,17168,1713
18882,17169,1713
18883,17170,1713
18884,17171,1713
18886,17173,1713
18888,17175,1713
18889,17176,1713
18890,17177,1713
18891,17178,1713
18893,17180,1713
18894,17181,1713
18896,17183,1713
18897,17184,1713
18898,17185,1713
18899,17186,1713
18900,17187,1713
18901,17188,1713
18902,17189,1713
18903,17190,1713
18904,17191,1713
18905,17192,1713
18906,17193,1713
18907,17194,1713
18908,17195,1713
18909,17196,1713
18910,17197,1713
18911,17198,1713
18913,17200,1713
18914,17201,1713
18915,17202,1713
18916,17203,1713
18917,17204,1713
18918,17205,1713
18919,17206,1713
18920,17207,1713
18921,17208,1713
18923,17209,1714
18924,17209,1715
18926,17210,1716
18927,17211,1716
18928,17212,1716
18930,17214,1716
18932,17215,1717
18933,17216,1717
18935,17218,1717
18936,17219,1717
18937,17220,1717
18939,17221,1718
18940,17222,1718
18941,17223,1718
18942,17224,1718
18943,17225,1718
18945,17226,1719
18946,17227,1719
18948,17229,1719
18949,17230,1719
18951,17232,1719
18953,17233,1720
18954,17234,1720
18955,17235,1720
18956,17236,1720
18957,17237,1720
18959,17238,1721
18960,17239,1721
18961,17239,1722
18962,17240,1722
18963,17241,1722
18964,17242,1722
18965,17243,1722
18967,17244,1723
18968,17245,1723
18969,17246,1723
18970,17247,1723
18971,17247,1724
18972,17248,1724
18973,17249,1724
18974,17250,1724
18975,17251,1724
18976,17252,1724
18977,17253,1724
18978,17254,1724
18979,17254,1725
18980,17255,1725
18981,17256,1725
18982,17256,1726
18983,17257,1726
18985,17258,1727
18986,17259,1727
18988,17261,1727
18989,17262,1727
18990,17263,1727
18992,17265,1727
18993,17266,1727
18994,17267,1727
18996,17269,1727
18998,17271,1727
18999,17272,1727
19000,17273,1727
19001,17274,1727
19002,17275,1727
19004,17277,1727
19005,17278,1727
19006,17279,1727
19007,17280,1727
19009,17282,1727
19011,17284,1727
19012,17285,1727
19013,17286,1727
19014,17287,1727
19015,17288,1727
19016,17289,1727
19017,17290,1727
19018,17291,1727
19019,17292,1727
19020,17293,1727
19021,17294,1727
19022,17295,1727
19023,17296,1727
19025,17298,1727
19026,17299,1727
19027,17300,1727
19028,17301,1727
19029,17302,1727
19030,17303,1727
19031,17304,1727
19032,17305,1727
19033,17306,1727
19034,17307,1727
19035,17308,1727
19036,17309,1727
19037,17310,1727
19039,17312,1727
19040,17313,1727
19041,17314,1727
19042,17315,1727
19043,17316,1727
19045,17318,1727
19046,17319,1727
19047,17320,1727
19048,17321,1727
19049,17322,1727
19050,17323,1727
19051,17324,1727
19052,17325,1727
19053,17326,1727
19054,17327,1727
19056,17329,1727
19057,17330,1727
19058,17331,1727
19059,17332,1727
19060,17333,1727
19061,17334,1727
19062,17335,1727
19063,17336,1727
19065,17338,1727
19067,17340,1727
19068,17341,1727
19070,17343,1727
19071,17344,1727
19072,17345,1727
19074,17347,1727
19075,17348,1727
19076,17349,1727
19077,17350,1727
19078,17351,1727
19079,17352,1727
19080,17353,1727
19081,17354,1727
19082,17355,1727
19083,17356,1727
19085,17358,1727
19086,17359,1727
19087,17360,1727
19088,17361,1727
19090,17363,1727
19091,17364,1727
19092,17365,1727
19093,17366,1727
19094,17367,1727
19096,17369,1727
19097,17370,1727
19098,17371,1727
19100,17373,1727
19102,17375,1727
19104,17377,1727
19105,17378,1727
19106,17379,1727
19107,17380,1727
19108,17381,1727
19109,17382,1727
19110,17383,1727
19111,17384,1727
19112,17385,1727
19113,17386,1727
19114,17387,1727
19115,17388,1727
19116,17389,1727
19117,17390,1727
19118,17391,1727
19120,17393,1727
19121,17394,1727
19122,17395,1727
19123,17396,1727
19124,17397,1727
19125,17398,1727
19126,17399,1727
19128,17401,1727
19130,17403,1727
19131,17404,1727
19132,17405,1727
19133,17406,1727
19134,17407,1727
19135,17408,1727
19136,17409,1727
19137,17410,1727
19139,17412,1727
19140,17413,1727
19141,17414,1727
19142,17415,1727
19144,17417,1727
19145,17418,1727
19147,17420,1727
19148,17421,1727
19149,17422,1727
19150,17423,1727
19151,17424,1727
19152,17425,1727
19153,17426,1727
19154,17427,1727
19155,17428,1727
19156,17429,1727
19158,17431,1727
19160,17433,1727
19161,17434,1727
19162,17435,1727
19163,17436,1727
19165,17438,1727
19166,17439,1727
19168,17441,1727
19169,17442,1727
19170,17443,1727
19171,17444,1727
19172,17445,1727
19173,17446,1727
19174,17447,1727
19175,17448,1727
19176,17449,1727
19177,17450,1727
19178,17451,1727
19179,17452,1727
19180,17453,1727
19181,17454,1727
19182,17455,1727
19183,17456,1727
19185,17458,1727
19187,17460,1727
19188,17461,1727
19189,17462,1727
19190,17463,1727
19191,17464,1727
19192,17465,1727
19193,17466,1727
19194,17467,1727
19196,17469,1727
19197,17470,1727
19199,17472,1727
19200,17473,1727
19201,17474,1727
19203,17476,1727
19205,17478,1727
19206,17479,1727
19208,17480,1728
19209,17481,1728
19210,17482,1728
19212,17484,1728
19213,17485,1728
19214,17486,1728
19215,17487,1728
19216,17488,1728
19218,17490,1728
19219,17491,1728
19221,17493,1728
19222,17494,1728
19224,17496,1728
19226,17498,1728
19227,17499,1728
19228,17500,1728
19229,17501,1728
19230,17502,1728
19232,17504,1728
19233,17505,1728
19234,17506,1728
19235,17507,1728
19236,17508,1728
19237,17509,1728
19238,17510,1728
19240,17512,1728
19241,17513,1728
19242,17514,1728
19243,17515,1728
19244,17516,1728
19245,17517,1728
19246,17518,1728
19247,17519,1728
19248,17520,1728
19249,17521,1728
19250,17522,1728
19251,17523,1728
19252,17524,1728
19253,17525,1728
19254,17526,1728
19255,17527,1728
19257,17529,1728
19259,17531,1728
19260,17532,1728
19262,17534,1728
19263,17535,1728
19264,17536,1728
19266,17538,1728
19267,17539,1728
19268,17540,1728
19270,17542,1728
19271,17543,1728
19272,17544,1728
19273,17545,1728
19274,17546,1728
19275,17547,1728
19277,17549,1728
19278,17550,1728
19279,17551,1728
19280,17552,1728
19282,17554,1728
19284,17556,1728
19285,17557,1728
19286,17558,1728
19287,17559,1728
19288,17560,1728
19289,17561,1728
19290,17562,1728
19291,17563,1728
19292,17564,1728
19293,17565,1728
19294,17566,1728
19296,17568,1728
19297,17569,1728
19298,17570,1728
19299,17571,1728
19300,17572,1728
19301,17573,1728
19302,17574,1728
19303,17575,1728
19305,17577,1728
19306,17578,1728
19307,17579,1728
19308,17580,1728
19309,17581,1728
19310,17582,1728
19312,17584,1728
19313,17585,1728
19314,17586,1728
19315,17587,1728
19316,17588,1728
19317,17589,1728
19318,17590,1728
19319,17591,1728
19320,17592,1728
19321,17593,1728
19322,17594,1728
19323,17595,1728
19324,17596,1728
19326,17598,1728
19327,17599,1728
19328,17600,1728
19329,17601,1728
19330,17602,1728
19332,17604,1728
19333,17605,1728
19334,17606,1728
19335,17607,1728
19336,17608,1728
19337,17609,1728
19338,17610,1728
19339,17611,1728
19340,17612,1728
19341,17613,1728
19343,17615,1728
19344,17616,1728
19345,17617,1728
19346,17618,1728
19347,17619,1728
19348,17620,1728
19349,17621,1728
19350,17622,1728
19352,17624,1728
19354,17626,1728
19355,17627,1728
19357,17629,1728
19358,17630,1728
19359,17631,1728
19361,17633,1728
19362,17634,1728
19363,17635,1728
19364,17636,1728
19365,17637,1728
19366,17638,1728
19367,17639,1728
19368,17640,1728
19369,17641,1728
19370,17642,1728
19372,17644,1728
19373,17645,1728
19374,17646,1728
19375,17647,1728
19377,17649,1728
19378,17650,1728
19379,17651,1728
19380,17652,1728
19381,17653,1728
19383,17655,1728
19384,17656,1728
19385,17657,1728
19387,17659,1728
19389,17661,1728
19391,17663,1728
19392,17664,1728
19393,17665,1728
19394,17666,1728
19395,17667,1728
19396,17668,1728
19397,17669,1728
19398,17670,1728
19399,17671,1728
19400,17672,1728
19401,17673,1728
19402,17674,1728
19403,17675,1728
19404,17676,1728
19405,17677,1728
19407,17679,1728
19408,17680,1728
19409,17681,1728
19410,17682,1728
19411,17683,1728
19412,17684,1728
19413,17685,1728
19415,17687,1728
19417,17689,1728
19418,17690,1728
19419,17691,1728
19420,17692,1728
19421,17693,1728
19422,17694,1728
19423,17695,1728
19424,17696,1728
19426,17698,1728
19427,17699,1728
19428,17700,1728
19429,17701,1728
19431,17703,1728
19432,17704,1728
19434,17706,1728
19435,17707,1728
19436,17708,1728
19437,17709,1728
19438,17710,1728
19439,17711,1728
19440,17712,1728
19441,17713,1728
19442,17714,1728
19443,17715,1728
19445,17717,1728
19447,17719,1728
19448,17720,1728
19449,17721,1728
19450,17722,1728
19452,17724,1728
19453,17725,1728
19455,17727,1728
19456,17728,1728
19457,17729,1728
19458,17730,1728
19459,17731,1728
19460,17732,1728
19461,17733,1728
19462,17734,1728
19463,17735,1728
19464,17736,1728
19465,17737,1728
19466,17738,1728
19467,17739,1728
19468,17740,1728
19469,17741,1728
19470,17742,1728
19472,17744,1728
19473,17745,1728
19474,17746,1728
19475,17747,1728
19476,17748,1728
19477,17749,1728
19478,17750,1728
19479,17751,1728
19480,17752,1728
19482,17754,1728
19483,17755,1728
19485,17757,1728
19486,17758,1728
19487,17759,1728
19489,17761,1728
19491,17763,1728
19492,17764,1728
19494,17766,1728
19495,17767,1728
19496,17768,1728
19498,17770,1728
19499,17771,1728
19500,17772,1728
19501,17773,1728
19502,17774,1728
19504,17776,1728
19505,17777,1728
19507,17779,1728
19508,17780,1728
19510,17782,1728
19512,17784,1728
19513,17785,1728
19514,17786,1728
19515,17787,1728
19516,17788,1728
19518,17790,1728
19519,17791,1728
19520,17792,1728
19521,17793,1728
19522,17794,1728
19523,17795,1728
19524,17796,1728
19526,17798,1728
19527,17799,1728
19528,17800,1728
19529,17801,1728
19530,17802,1728
19531,17803,1728
19532,17804,1728
19533,17805,1728
19534,17806,1728
19535,17807,1728
19536,17808,1728
19537,17809,1728
19538,17810,1728
19539,17811,1728
19540,17812,1728
19541,17813,1728
19542,17814,1728
19544,17816,1728
19545,17817,1728
19547,17819,1728
19548,17820,1728
19549,17821,1728
19551,17823,1728
19552,17824,1728
19553,17825,1728
19555,17827,1728
19556,17828,1728
19557,17829,1728
19558,17830,1728
19559,17831,1728
19560,17832,1728
19562,17834,1728
19563,17835,1728
19564,17836,1728
19565,17837,1728
19567,17839,1728
19569,17841,1728
19570,17842,1728
19571,17843,1728
19572,17844,1728
19573,17845,1728
19574,17846,1728
19575,17847,1728
19576,17848,1728
19577,17849,1728
19578,17850,1728
19579,17851,1728
19580,17852,1728
19581,17853,1728
19582,17854,1728
19583,17855,1728
19584,17856,1728
19585,17857,1728
19586,17858,1728
19587,17859,1728
19588,17860,1728
19590,17862,1728
19591,17863,1728
19592,17864,1728
19593,17865,1728
19594,17866,1728
19596,17868,1728
19597,17869,1728
19598,17870,1728
19599,17871,1728
19600,17872,1728
19601,17873,1728
19602,17874,1728
19603,17875,1728
19604,17876,1728
19605,17877,1728
19607,17879,1728
19608,17880,1728
19609,17881,1728
19610,17882,1728
19611,17883,1728
19612,17884,1728
19613,17885,1728
19614,17886,1728
19616,17888,1728
19618,17890,1728
19619,17891,1728
19620,17892,1728
19621,17893,1728
19622,17894,1728
19624,17896,1728
19625,17897,1728
19626,17898,1728
19627,17899,1728
19628,17900,1728
19629,17901,1728
19630,17902,1728
19631,17903,1728
19632,17904,1728
19633,17905,1728
19635,17907,1728
19636,17908,1728
19637,17909,1728
19638,17910,1728
19640,17912,1728
19641,17913,1728
19642,17914,1728
19643,17915,1728
19644,17916,1728
19646,17918,1728
19647,17919,1728
19648,17920,1728
19650,17922,1728
19652,17924,1728
19654,17926,1728
19655,17927,1728
19656,17928,1728
19657,17929,1728
19658,17930,1728
19659,17931,1728
19660,17932,1728
19661,17933,1728
19662,17934,1728
19663,17935,1728
19664,17936,1728
19665,17937,1728
19666,17938,1728
19667,17939,1728
19668,17940,1728
19670,17942,1728
19671,17943,1728
19672,17944,1728
19673,17945,1728
19674,17946,1728
19675,17947,1728
19676,17948,1728
19678,17950,1728
19680,17952,1728
19681,17953,1728
19682,17954,1728
19683,17955,1728
19684,17956,1728
19685,17957,1728
19686,17958,1728
19687,17959,1728
19689,17961,1728
19690,17962,1728
19691,17963,1728
19692,17964,1728
19694,17966,1728
19695,17967,1728
19697,17969,1728
19698,17970,1728
19699,17971,1728
19700,17972,1728
19701,17973,1728
19702,17974,1728
19703,17975,1728
19704,17976,1728
19705,17977,1728
19706,17978,1728
19708,17980,1728
19710,17982,1728
19711,17983,1728
19712,17984,1728
19713,17985,1728
19715,17987,1728
19716,17988,1728
19718,17990,1728
19719,17991,1728
19720,17992,1728
19721,17993,1728
19722,17994,1728
19723,17995,1728
19724,17996,1728
19725,17997,1728
19726,17998,1728
19727,17999,1728
19728,18000,1728
19729,18001,1728
19730,18002,1728
19731,18003,1728
19732,18004,1728
19733,18005,1728
19735,18007,1728
19736,18008,1728
19737,18009,1728
19738,18010,1728
19739,18011,1728
19740,18012,1728
19741,18013,1728
19742,18014,1728
19743,18015,1728
19745,18017,1728
19746,18018,1728
19748,18020,1728
19749,18021,1728
19750,18022,1728
19752,18024,1728
19754,18026,1728
19755,18027,1728
19757,18029,1728
19758,18030,1728
19759,18031,1728
19761,18033,1728
19762,18034,1728
19763,18035,1728
19764,18036,1728
19765,18037,1728
19767,18039,1728
19768,18040,1728
19770,18042,1728
19771,18043,1728
19773,18045,1728
19775,18047,1728
19776,18048,1728
19777,18049,1728
19778,18050,1728
19779,18051,1728
19781,18053,1728
19782,18054,1728
19783,18055,1728
19784,18056,1728
19785,18057,1728
19786,18058,1728
19787,18059,1728
19789,18061,1728
19790,18062,1728
19791,18063,1728
19792,18064,1728
19793,18065,1728
19794,18066,1728
19795,18067,1728
19796,18068,1728
19797,18069,1728
19798,18070,1728
19799,18071,1728
19801,18072,1729
19802,18073,1729
19803,18074,1729
19804,18075,1729
19806,18077,1729
19807,18078,1729
19808,18079,1729
19809,18080,1729
19810,18081,1729
19812,18083,1729
19813,18084,1729
19815,18086,1729
19816,18087,1729
19817,18088,1729
19819,18090,1729
19820,18091,1729
19821,18092,1729
19822,18093,1729
19824,18095,1729
19825,18096,1729
19826,18097,1729
19827,18098,1729
19828,18099,1729
19829,18100,1729
19831,18102,1729
19833,18104,1729
19834,18105,1729
19836,18107,1729
19838,18109,1729
19840,18111,1729
19841,18112,1729
19843,18114,1729
19844,18115,1729
19845,18116,1729
19846,18117,1729
19847,18118,1729
19849,18120,1729
19851,18122,1729
19852,18123,1729
19854,18125,1729
19855,18126,1729
19856,18127,1729
19857,18128,1729
19859,18130,1729
19860,18131,1729
19861,18132,1729
19862,18133,1729
19863,18134,1729
19864,18135,1729
19865,18136,1729
19866,18137,1729
19868,18139,1729
19869,18140,1729
19870,18141,1729
19871,18142,1729
19872,18143,1729
19873,18144,1729
19874,18145,1729
19875,18146,1729
19877,18148,1729
19878,18149,1729
19879,18150,1729
19880,18151,1729
19881,18152,1729
19882,18153,1729
19884,18155,1729
19885,18156,1729
19886,18157,1729
19887,18158,1729
19888,18159,1729
19889,18160,1729
19890,18161,1729
19891,18162,1729
19893,18164,1729
19894,18165,1729
19895,18166,1729
19896,18167,1729
19897,18168,1729
19898,18169,1729
19900,18171,1729
19901,18172,1729
19902,18173,1729
19903,18174,1729
19904,18175,1729
19905,18176,1729
19906,18177,1729
19908,18179,1729
19909,18180,1729
19910,18181,1729
19912,18183,1729
19913,18184,1729
19914,18185,1729
19916,18187,1729
19917,18188,1729
19919,18190,1729
19920,18191,1729
19921,18192,1729
19922,18193,1729
19923,18194,1729
19924,18195,1729
19926,18197,1729
19927,18198,1729
19928,18199,1729
19929,18200,1729
19931,18202,1729
19933,18204,1729
19934,18205,1729
19935,18206,1729
19936,18207,1729
19937,18208,1729
19938,18209,1729
19939,18210,1729
19940,18211,1729
19941,18212,1729
19942,18213,1729
19943,18214,1729
19945,18216,1729
19946,18217,1729
19947,18218,1729
19948,18219,1729
19949,18220,1729
19950,18221,1729
19951,18222,1729
19952,18223,1729
19954,18225,1729
19955,18226,1729
19956,18227,1729
19957,18228,1729
19958,18229,1729
19959,18230,1729
19960,18231,1729
19961,18232,1729
19963,18234,1729
19964,18235,1729
19965,18236,1729
19966,18237,1729
19967,18238,1729
19968,18239,1729
19970,18241,1729
19971,18242,1729
19972,18243,1729
19973,18244,1729
19974,18245,1729
19975,18246,1729
19977,18248,1729
19978,18249,1729
19979,18250,1729
19980,18251,1729
19981,18252,1729
19983,18254,1729
19984,18255,1729
19985,18256,1729
19986,18257,1729
19987,18258,1729
19988,18259,1729
19989,18260,1729
19990,18261,1729
19991,18262,1729
19992,18263,1729
19994,18265,1729
19995,18266,1729
19996,18267,1729
19997,18268,1729
19998,18269,1729
19999,18270,1729
20000,18271,1729
20001,18272,1729
20003,18274,1729
20005,18276,1729
20006,18277,1729
20007,18278,1729
20008,18279,1729
20009,18280,1729
20011,18282,1729
20012,18283,1729
20013,18284,1729
20014,18285,1729
20015,18286,1729
20016,18287,1729
20017,18288,1729
20018,18289,1729
20019,18290,1729
20020,18291,1729
20022,18293,1729
20023,18294,1729
20024,18295,1729
20025,18296,1729
20027,18298,1729
20028,18299,1729
20029,18300,1729
20030,18301,1729
20031,18302,1729
20033,18304,1729
20034,18305,1729
20035,18306,1729
20037,18308,1729
20039,18310,1729
20041,18312,1729
20042,18313,1729
20043,18314,1729
20044,18315,1729
20045,18316,1729
20046,18317,1729
20047,18318,1729
20048,18319,1729
20049,18320,1729
20050,18321,1729
20051,18322,1729
20052,18323,1729
20053,18324,1729
20054,18325,1729
20055,18326,1729
20057,18328,1729
20058,18329,1729
20059,18330,1729
20060,18331,1729
20061,18332,1729
20062,18333,1729
20063,18334,1729
20065,18336,1729
20067,18338,1729
20068,18339,1729
20069,18340,1729
20070,18341,1729
20071,18342,1729
20072,18343,1729
20073,18344,1729
20074,18345,1729
20076,18347,1729
20077,18348,1729
20078,18349,1729
20079,18350,1729
20081,18352,1729
20082,18353,1729
20084,18355,1729
20085,18356,1729
20086,18357,1729
20087,18358,1729
20088,18359,1729
20089,18360,1729
20090,18361,1729
20091,18362,1729
20092,18363,1729
20093,18364,1729
20095,18366,1729
20097,18368,1729
20098,18369,1729
20099,18370,1729
20100,18371,1729
20102,18373,1729
20103,18374,1729
20105,18376,1729
20106,18377,1729
20107,18378,1729
20108,18379,1729
20109,18380,1729
20110,18381,1729
20111,18382,1729
20112,18383,1729
20113,18384,1729
20114,18385,1729
20115,18386,1729
20116,18387,1729
20117,18388,1729
20118,18389,1729
20119,18390,1729
20120,18391,1729
20122,18393,1729
20123,18394,1729
20124,18395,1729
20125,18396,1729
20126,18397,1729
20127,18398,1729
20128,18399,1729
20129,18400,1729
20130,18401,1729
20132,18403,1729
20133,18404,1729
20135,18406,1729
20136,18407,1729
20137,18408,1729
20139,18410,1729
20141,18412,1729
20142,18413,1729
20144,18415,1729
20145,18416,1729
20146,18417,1729
20148,18419,1729
20149,18420,1729
20150,18421,1729
20151,18422,1729
20152,18423,1729
20154,18425,1729
20155,18426,1729
20157,18428,1729
20158,18429,1729
20160,18431,1729
20162,18433,1729
20163,18434,1729
20164,18435,1729
20165,18436,1729
20166,18437,1729
20168,18439,1729
20169,18440,1729
20170,18441,1729
20171,18442,1729
20172,18443,1729
20173,18444,1729
20174,18445,1729
20176,18447,1729
20177,18448,1729
20178,18449,1729
20179,18450,1729
20180,18451,1729
20181,18452,1729
20182,18453,1729
20183,18454,1729
20184,18455,1729
20185,18456,1729
20186,18457,1729
20187,18458,1729
20188,18459,1729
20189,18460,1729
20190,18461,1729
20191,18462,1729
20192,18463,1729
20194,18465,1729
20195,18466,1729
20197,18468,1729
20198,18469,1729
20199,18470,1729
20201,18472,1729
20202,18473,1729
20203,18474,1729
20205,18476,1729
20206,18477,1729
20207,18478,1729
20208,18479,1729
20209,18480,1729
20210,18481,1729
20212,18483,1729
20213,18484,1729
20214,18485,1729
20215,18486,1729
20217,18488,1729
20219,18490,1729
20220,18491,1729
20221,18492,1729
20222,18493,1729
20223,18494,1729
20224,18495,1729
20225,18496,1729
20226,18497,1729
20227,18498,1729
20228,18499,1729
20229,18500,1729
20230,18501,1729
20231,18502,1729
20233,18504,1729
20234,18505,1729
20235,18506,1729
20236,18507,1729
20237,18508,1729
20238,18509,1729
20239,18510,1729
20240,18511,1729
20241,18512,1729
20242,18513,1729
20243,18514,1729
20244,18515,1729
20245,18516,1729
20247,18518,1729
20248,18519,1729
20249,18520,1729
20250,18521,1729
20251,18522,1729
20253,18524,1729
20254,18525,1729
20255,18526,1729
20256,18527,1729
20257,18528,1729
20258,18529,1729
20259,18530,1729
20260,18531,1729
20261,18532,1729
20262,18533,1729
20264,18535,1729
20265,18536,1729
20266,18537,1729
20267,18538,1729
20268,18539,1729
20269,18540,1729
20270,18541,1729
20271,18542,1729
20273,18544,1729
20275,18546,1729
20276,18547,1729
20277,18548,1729
20278,18549,1729
20279,18550,1729
20281,18552,1729
20282,18553,1729
20283,18554,1729
20284,18555,1729
20285,18556,1729
20286,18557,1729
20287,18558,1729
20288,18559,1729
20289,18560,1729
20290,18561,1729
20292,18563,1729
20293,18564,1729
20294,18565,1729
20295,18566,1729
20297,18568,1729
20298,18569,1729
20299,18570,1729
20300,18571,1729
20301,18572,1729
20303,18574,1729
20304,18575,1729
20305,18576,1729
20307,18578,1729
20309,18580,1729
20311,18582,1729
20312,18583,1729
20313,18584,1729
20314,18585,1729
20315,18586,1729
20316,18587,1729
20317,18588,1729
20318,18589,1729
20319,18590,1729
20320,18591,1729
20321,18592,1729
20322,18593,1729
20323,18594,1729
20324,18595,1729
20325,18596,1729
20327,18598,1729
20328,18599,1729
20329,18600,1729
20330,18601,1729
20331,18602,1729
20332,18603,1729
20333,18604,1729
20335,18606,1729
20337,18608,1729
20338,18609,1729
20339,18610,1729
20340,18611,1729
20341,18612,1729
20342,18613,1729
20343,18614,1729
20344,18615,1729
20346,18617,1729
20347,18618,1729
20348,18619,1729
20349,18620,1729
20351,18622,1729
20352,18623,1729
20354,18625,1729
20355,18626,1729
20356,18627,1729
20357,18628,1729
20358,18629,1729
20359,18630,1729
20360,18631,1729
20361,18632,1729
20362,18633,1729
20363,18634,1729
20365,18636,1729
20367,18638,1729
20368,18639,1729
20369,18640,1729
20370,18641,1729
20372,18643,1729
20373,18644,1729
20375,18646,1729
20376,18647,1729
20377,18648,1729
20378,18649,1729
20379,18650,1729
20380,18651,1729
20381,18652,1729
20382,18653,1729
20383,18654,1729
20384,18655,1729
20385,18656,1729
20386,18657,1729
20387,18658,1729
20388,18659,1729
20389,18660,1729
20390,18661,1729
20392,18663,1729
20393,18664,1729
20394,18665,1729
20395,18666,1729
20396,18667,1729
20397,18668,1729
20398,18669,1729
20399,18670,1729
20400,18671,1729
20402,18673,1729
20403,18674,1729
20405,18676,1729
20406,18677,1729
20407,18678,1729
20409,18680,1729
20411,18682,1729
20412,18683,1729
20414,18685,1729
20415,18686,1729
20416,18687,1729
20418,18689,1729
20419,18690,1729
20420,18691,1729
20421,18692,1729
20422,18693,1729
20424,18695,1729
20425,18696,1729
20427,18698,1729
20428,18699,1729
20430,18701,1729
20432,18703,1729
20433,18704,1729
20434,18705,1729
20435,18706,1729
20436,18707,1729
20438,18709,1729
20439,18710,1729
20440,18711,1729
20441,18712,1729
20442,18713,1729
20443,18714,1729
20444,18715,1729
20446,18717,1729
20447,18718,1729
20448,18719,1729
20449,18720,1729
20450,18721,1729
20451,18722,1729
20452,18723,1729
20453,18724,1729
20454,18725,1729
20455,18726,1729
20456,18727,1729
20457,18728,1729
20458,18729,1729
20459,18730,1729
20460,18731,1729
20461,18732,1729
20462,18733,1729
20464,18735,1729
20465,18736,1729
20467,18738,1729
20468,18739,1729
20469,18740,1729
20471,18742,1729
20472,18743,1729
20473,18744,1729
20475,18746,1729
20476,18747,1729
20477,18748,1729
20478,18749,1729
20479,18750,1729
20480,18751,1729
20482,18753,1729
20483,18754,1729
20484,18755,1729
20485,18756,1729
20487,18758,1729
20489,18760,1729
20490,18761,1729
20491,18762,1729
20492,18763,1729
20493,18764,1729
20494,18765,1729
20495,18766,1729
20496,18767,1729
20497,18768,1729
20498,18769,1729
20499,18770,1729
20501,18772,1729
20502,18773,1729
20503,18774,1729
20504,18775,1729
20505,18776,1729
20506,18777,1729
20507,18778,1729
20508,18779,1729
20510,18781,1729
20511,18782,1729
20512,18783,1729
20513,18784,1729
20514,18785,1729
20515,18786,1729
20517,18788,1729
20518,18789,1729
20519,18790,1729
20520,18791,1729
20521,18792,1729
20522,18793,1729
20523,18794,1729
20524,18795,1729
20525,18796,1729
20526,18797,1729
20527,18798,1729
20528,18799,1729
20529,18800,1729
20531,18802,1729
20532,18803,1729
20533,18804,1729
20534,18805,1729
20535,18806,1729
20537,18808,1729
20538,18809,1729
20539,18810,1729
20540,18811,1729
20541,18812,1729
20542,18813,1729
20543,18814,1729
20544,18815,1729
20545,18816,1729
20546,18817,1729
20548,18819,1729
20549,18820,1729
20550,18821,1729
20551,18822,1729
20552,18823,1729
20553,18824,1729
20554,18825,1729
20555,18826,1729
20557,18828,1729
20559,18830,1729
20560,18831,1729
20561,18832,1729
20562,18833,1729
20563,18834,1729
20565,18836,1729
20566,18837,1729
20567,18838,1729
20568,18839,1729
20569,18840,1729
20570,18841,1729
20571,18842,1729
20572,18843,1729
20573,18844,1729
20574,18845,1729
20576,18847,1729
20577,18848,1729
20578,18849,1729
20579,18850,1729
20581,18852,1729
20582,18853,1729
20583,18854,1729
20584,18855,1729
20585,18856,1729
20587,18858,1729
20588,18859,1729
20589,18860,1729
20591,18862,1729
20593,18864,1729
20595,18866,1729
20596,18867,1729
20597,18868,1729
20598,18869,1729
20599,18870,1729
20600,18871,1729
20601,18872,1729
20602,18873,1729
20603,18874,1729
20604,18875,1729
20605,18876,1729
20606,18877,1729
20607,18878,1729
20608,18879,1729
20609,18880,1729
20611,18882,1729
20612,18883,1729
20613,18884,1729
20614,18885,1729
20615,18886,1729
20616,18887,1729
20617,18888,1729
20619,18890,1729
20621,18892,1729
20622,18893,1729
20623,18894,1729
20624,18895,1729
20625,18896,1729
20626,18897,1729
20627,18898,1729
20628,18899,1729
20630,18901,1729
20631,18902,1729
20632,18903,1729
20633,18904,1729
20635,18906,1729
20636,18907,1729
20638,18909,1729
20639,18910,1729
20640,18911,1729
20641,18912,1729
20642,18913,1729
20643,18914,1729
20644,18915,1729
20645,18916,1729
20646,18917,1729
20647,18918,1729
20649,18920,1729
20651,18922,1729
20652,18923,1729
20653,18924,1729
20654,18925,1729
20656,18927,1729
20657,18928,1729
20659,18930,1729
20660,18931,1729
20661,18932,1729
20662,18933,1729
20663,18934,1729
20664,18935,1729
20665,18936,1729
20666,18937,1729
20667,18938,1729
20668,18939,1729
20669,18940,1729
20670,18941,1729
20671,18942,1729
20672,18943,1729
20673,18944,1729
20674,18945,1729
20676,18947,1729
20677,18948,1729
20678,18949,1729
20679,18950,1729
20680,18951,1729
20681,18952,1729
20682,18953,1729
20683,18954,1729
20684,18955,1729
20686,18957,1729
20687,18958,1729
20689,18960,1729
20690,18961,1729
20691,18962,1729
20693,18964,1729
20695,18966,1729
20696,18967,1729
20698,18969,1729
20699,18970,1729
20700,18971,1729
20702,18973,1729
20703,18974,1729
20704,18975,1729
20705,18976,1729
20706,18977,1729
20708,18979,1729
20709,18980,1729
20711,18982,1729
20712,18983,1729
20714,18985,1729
20716,18987,1729
20717,18988,1729
20718,18989,1729
20719,18990,1729
20720,18991,1729
20722,18993,1729
20723,18994,1729
20724,18995,1729
20725,18996,1729
20726,18997,1729
20727,18998,1729
20728,18999,1729
20730,19001,1729
20731,19002,1729
20732,19003,1729
20733,19004,1729
20734,19005,1729
20735,19006,1729
20736,19007,1729
20737,19008,1729
20738,19009,1729
20739,19010,1729
20740,19011,1729
20741,19012,1729
20742,19013,1729
20743,19014,1729
20744,19015,1729
20745,19016,1729
20746,19017,1729
20748,19019,1729
20749,19020,1729
20751,19022,1729
20752,19023,1729
20753,19024,1729
20755,19026,1729
20756,19027,1729
20757,19028,1729
20759,19030,1729
20761,19032,1729
20762,19033,1729
20763,19034,1729
20764,19035,1729
20765,19036,1729
20767,19038,1729
20768,19039,1729
20769,19040,1729
20770,19041,1729
20772,19043,1729
20774,19045,1729
20775,19046,1729
20776,19047,1729
20777,19048,1729
20778,19049,1729
20779,19050,1729
20780,19051,1729
20781,19052,1729
20782,19053,1729
20783,19054,1729
20784,19055,1729
20785,19056,1729
20786,19057,1729
20787,19058,1729
20788,19059,1729
20789,19060,1729
20790,19061,1729
20791,19062,1729
20792,19063,1729
20793,19064,1729
20795,19066,1729
20796,19067,1729
20797,19068,1729
20798,19069,1729
20799,19070,1729
20801,19072,1729
20802,19073,1729
20803,19074,1729
20804,19075,1729
20805,19076,1729
20806,19077,1729
20807,19078,1729
20808,19079,1729
20809,19080,1729
20810,19081,1729
20812,19083,1729
20813,19084,1729
20814,19085,1729
20815,19086,1729
20816,19087,1729
20817,19088,1729
20818,19089,1729
20819,19090,1729
20821,19092,1729
20823,19094,1729
20824,19095,1729
20825,19096,1729
20826,19097,1729
20827,19098,1729
20829,19100,1729
20830,19101,1729
20831,19102,1729
20832,19103,1729
20833,19104,1729
20834,19105,1729
20835,19106,1729
20836,19107,1729
20837,19108,1729
20838,19109,1729
20840,19111,1729
20841,19112,1729
20842,19113,1729
20843,19114,1729
20845,19116,1729
20846,19117,1729
20847,19118,1729
20848,19119,1729
20849,19120,1729
20851,19122,1729
20852,19123,1729
20853,19124,1729
20855,19126,1729
20857,19128,1729
20859,19130,1729
20860,19131,1729
20861,19132,1729
20862,19133,1729
20863,19134,1729
20864,19135,1729
20865,19136,1729
20866,19137,1729
20867,19138,1729
20868,19139,1729
20869,19140,1729
20870,19141,1729
20871,19142,1729
20872,19143,1729
20873,19144,1729
20875,19146,1729
20876,19147,1729
20877,19148,1729
20878,19149,1729
20879,19150,1729
20880,19151,1729
20881,19152,1729
20883,19154,1729
20885,19156,1729
20886,19157,1729
20887,19158,1729
20888,19159,1729
20889,19160,1729
20890,19161,1729
20891,19162,1729
20892,19163,1729
20894,19165,1729
20895,19166,1729
20896,19167,1729
20897,19168,1729
20899,19170,1729
20900,19171,1729
20902,19173,1729
20903,19174,1729
20904,19175,1729
20905,19176,1729
20906,19177,1729
20907,19178,1729
20908,19179,1729
20909,19180,1729
20910,19181,1729
20911,19182,1729
20913,19184,1729
20915,19186,1729
20916,19187,1729
20917,19188,1729
20918,19189,1729
20920,19191,1729
20921,19192,1729
20923,19194,1729
20924,19195,1729
20925,19196,1729
20926,19197,1729
20927,19198,1729
20928,19199,1729
20929,19200,1729
20930,19201,1729
20931,19202,1729
20932,19203,1729
20933,19204,1729
20934,19205,1729
20935,19206,1729
20936,19207,1729
20937,19208,1729
20938,19209,1729
20940,19211,1729
20942,19212,1730
20943,19213,1730
20944,19214,1730
20945,19215,1730
20946,19216,1730
20947,19217,1730
20948,19218,1730
20949,19219,1730
20951,19221,1730
20952,19222,1730
20954,19224,1730
20955,19225,1730
20956,19226,1730
20958,19228,1730
20960,19230,1730
20961,19231,1730
20963,19233,1730
20964,19234,1730
20965,19235,1730
20967,19237,1730
20968,19238,1730
20969,19239,1730
20970,19240,1730
20971,19241,1730
20973,19243,1730
20974,19244,1730
20976,19246,1730
20977,19247,1730
20979,19249,1730
20981,19251,1730
20982,19252,1730
20983,19253,1730
20984,19254,1730
20985,19255,1730
20987,19257,1730
20988,19258,1730
20989,19259,1730
20990,19260,1730
20991,19261,1730
20992,19262,1730
20993,19263,1730
20995,19265,1730
20996,19266,1730
20997,19267,1730
20998,19268,1730
20999,19269,1730
21000,19270,1730
21001,19271,1730
21002,19272,1730
21003,19273,1730
21004,19274,1730
21005,19275,1730
21007,19277,1730
21008,19278,1730
21009,19279,1730
21010,19280,1730
21012,19282,1730
21013,19283,1730
21014,19284,1730
21015,19285,1730
21017,19287,1730
21019,19289,1730
21020,19290,1730
21022,19292,1730
21023,19293,1730
21024,19294,1730
21026,19296,1730
21027,19297,1730
21028,19298,1730
21029,19299,1730
21031,19301,1730
21032,19302,1730
21033,19303,1730
21034,19304,1730
21035,19305,1730
21036,19306,1730
21038,19308,1730
21040,19310,1730
21041,19311,1730
21043,19313,1730
21045,19315,1730
21047,19317,1730
21048,19318,1730
21049,19319,1730
21050,19320,1730
21052,19321,1731
21054,19323,1731
21055,19324,1731
21056,19325,1731
21057,19326,1731
21059,19327,1732
21060,19328,1732
21062,19330,1732
21063,19331,1732
21065,19333,1732
21066,19334,1732
21068,19336,1732
21069,19337,1732
21071,19339,1732
21072,19340,1732
21074,19342,1732
21075,19343,1732
21077,19345,1732
21078,19346,1732
21080,19348,1732
21081,19349,1732
21082,19350,1732
21083,19351,1732
21084,19352,1732
21086,19353,1733
21087,19354,1733
21088,19355,1733
21089,19356,1733
21090,19357,1733
21092,19358,1734
21093,19359,1734
21094,19360,1734
21096,19360,1736
21097,19361,1736
21098,19362,1736
21100,19363,1737
21101,19364,1737
21102,19365,1737
21103,19366,1737
21105,19367,1738
21106,19368,1738
21107,19369,1738
21108,19370,1738
21109,19370,1739
21110,19371,1739
21111,19372,1739
21112,19373,1739
21114,19375,1739
21115,19376,1739
21117,19378,1739
21118,19379,1739
21120,19381,1739
21121,19382,1739
21123,19384,1739
21124,19385,1739
21126,19387,1739
21128,19388,1740
21129,19389,1740
21130,19390,1740
21131,19391,1740
21133,19392,1741
21134,19393,1741
21135,19394,1741
21136,19395,1741
21138,19396,1742
21139,19396,1743
21140,19397,1743
21142,19398,1744
21143,19399,1744
21145,19401,1744
21146,19401,1745
21148,19403,1745
21149,19404,1745
21150,19405,1745
21151,19406,1745
21152,19407,1745
21153,19408,1745
21154,19409,1745
21155,19410,1745
21156,19411,1745
21158,19412,1746
21159,19413,1746
21160,19414,1746
21162,19415,1747
21163,19416,1747
21165,19418,1747
21166,19419,1747
21167,19420,1747
21168,19421,1747
21169,19422,1747
21171,19424,1747
21173,19426,1747
21174,19427,1747
21175,19428,1747
21176,19429,1747
21177,19430,1747
21179,19431,1748
21180,19432,1748
21181,19433,1748
21183,19435,1748
21184,19436,1748
21185,19437,1748
21186,19438,1748
21187,19439,1748
21188,19440,1748
21190,19442,1748
21191,19443,1748
21192,19444,1748
21193,19445,1748
21194,19446,1748
21196,19448,1748
21197,19449,1748
21198,19450,1748
21200,19451,1749
21201,19452,1749
21202,19453,1749
21203,19454,1749
21204,19454,1750
21205,19455,1750
21206,19455,1751
21207,19456,1751
21208,19457,1751
21209,19458,1751
21211,19459,1752
21212,19460,1752
21214,19462,1752
21215,19463,1752
21216,19464,1752
21218,19466,1752
21219,19467,1752
21220,19468,1752
21222,19470,1752
21223,19471,1752
21224,19472,1752
21226,19474,1752
21228,19476,1752
21229,19477,1752
21231,19479,1752
21232,19480,1752
21233,19481,1752
21235,19483,1752
21236,19484,1752
21238,19486,1752
21239,19487,1752
21240,19488,1752
21241,19489,1752
21242,19490,1752
21244,19492,1752
21245,19493,1752
21246,19494,1752
21247,19495,1752
21248,19496,1752
21250,19498,1752
21251,19499,1752
21252,19500,1752
21253,19501,1752
21255,19503,1752
21256,19504,1752
21257,19505,1752
21259,19507,1752
21260,19508,1752
21262,19510,1752
21263,19511,1752
21265,19513,1752
21266,19514,1752
21268,19516,1752
21269,19517,1752
21271,19519,1752
21272,19520,1752
21274,19522,1752
21275,19523,1752
21277,19525,1752
21278,19526,1752
21279,19527,1752
21280,19527,1753
21281,19528,1753
21283,19530,1753
21284,19531,1753
21285,19532,1753
21286,19533,1753
21287,19534,1753
21289,19536,1753
21291,19538,1753
21293,19539,1754
21294,19540,1754
21295,19541,1754
21296,19542,1754
21297,19543,1754
21298,19544,1754
21299,19545,1754
21300,19546,1754
21301,19547,1754
21303,19549,1754
21304,19550,1754
21306,19552,1754
21307,19553,1754
21308,19554,1754
21310,19555,1755
21311,19556,1755
21312,19557,1755
21314,19558,1756
21315,19559,1756
21316,19560,1756
21318,19561,1757
21319,19562,1757
21320,19563,1757
21322,19565,1757
21323,19566,1757
21324,19567,1757
21325,19568,1757
21327,19570,1757
21328,19571,1757
21329,19572,1757
21330,19573,1757
21332,19575,1757
21333,19576,1757
21334,19577,1757
21335,19578,1757
21336,19578,1758
21338,19580,1758
21339,19580,1759
21340,19581,1759
21341,19582,1759
21343,19584,1759
21344,19585,1759
21345,19586,1759
21347,19588,1759
21348,19589,1759
21349,19590,1759
21350,19591,1759
21351,19592,1759
21352,19593,1759
21353,19594,1759
21354,19595,1759
21356,19597,1759
21357,19598,1759
21358,19599,1759
21359,19600,1759
21361,19602,1759
21362,19603,1759
21363,19604,1759
21364,19605,1759
21365,19606,1759
21367,19608,1759
21368,19609,1759
21369,19610,1759
21370,19611,1759
21371,19612,1759
21372,19613,1759
21373,19614,1759
21374,19615,1759
21376,19617,1759
21377,19618,1759
21379,19619,1760
21380,19620,1760
21382,19621,1761
21383,19622,1761
21384,19623,1761
21386,19624,1762
21387,19625,1762
21388,19626,1762
21390,19627,1763
21391,19628,1763
21392,19629,1763
21394,19630,1764
21396,19632,1764
21397,19633,1764
21398,19634,1764
21399,19635,1764
21401,19636,1765
21402,19637,1765
21404,19639,1765
21405,19640,1765
21406,19641,1765
21407,19642,1765
21409,19644,1765
21410,19645,1765
21411,19646,1765
21412,19647,1765
21414,19649,1765
21415,19650,1765
21416,19651,1765
21418,19653,1765
21419,19654,1765
21420,19655,1765
21422,19657,1765
21423,19658,1765
21424,19658,1766
21425,19659,1766
21426,19659,1767
21427,19660,1767
21428,19661,1767
21429,19662,1767
21431,19664,1767
21432,19665,1767
21433,19666,1767
21434,19667,1767
21435,19668,1767
21437,19669,1768
21438,19670,1768
21440,19671,1769
21441,19672,1769
21443,19674,1769
21444,19675,1769
21445,19676,1769
21446,19677,1769
21447,19678,1769
21448,19679,1769
21450,19681,1769
21451,19682,1769
21452,19683,1769
21453,19683,1770
21455,19684,1771
21456,19685,1771
21457,19686,1771
21459,19687,1772
21460,19688,1772
21461,19689,1772
21462,19690,1772
21464,19692,1772
21465,19693,1772
21467,19695,1772
21469,19696,1773
21471,19698,1773
21472,19699,1773
21473,19700,1773
21474,19701,1773
21475,19702,1773
21476,19703,1773
21477,19704,1773
21478,19705,1773
21479,19706,1773
21480,19707,1773
21482,19709,1773
21484,19711,1773
21485,19712,1773
21487,19713,1774
21488,19714,1774
21489,19715,1774
21491,19716,1775
21493,19717,1776
21494,19718,1776
21495,19719,1776
21496,19720,1776
21497,19721,1776
21499,19722,1777
21500,19723,1777
21502,19725,1777
21503,19726,1777
21504,19727,1777
21506,19727,1779
21507,19728,1779
21509,19729,1780
21510,19730,1780
21511,19731,1780
21512,19731,1781
21513,19732,1781
21514,19733,1781
21516,19735,1781
21517,19735,1782
21518,19736,1782
21519,19737,1782
21520,19737,1783
21522,19738,1784
21523,19739,1784
21524,19740,1784
21525,19741,1784
21526,19742,1784
21528,19743,1785
21529,19744,1785
21530,19744,1786
21531,19745,1786
21532,19746,1786
21533,19747,1786
21534,19748,1786
21535,19749,1786
21537,19750,1787
21538,19751,1787
21539,19752,1787
21540,19753,1787
21541,19754,1787
21543,19755,1788
21544,19756,1788
21545,19757,1788
21547,19759,1788
21548,19760,1788
21549,19761,1788
21550,19762,1788
21551,19763,1788
21552,19764,1788
21553,19765,1788
21554,19766,1788
21556,19768,1788
21557,19769,1788
21558,19770,1788
21559,19771,1788
21560,19772,1788
21562,19774,1788
21563,19775,1788
21564,19776,1788
21566,19778,1788
21567,19779,1788
21568,19780,1788
21569,19781,1788
21570,19782,1788
21571,19783,1788
21572,19784,1788
21573,19785,1788
21575,19787,1788
21576,19788,1788
21577,19789,1788
21578,19790,1788
21579,19791,1788
21581,19793,1788
21582,19794,1788
21583,19795,1788
21585,19797,1788
21586,19798,1788
21587,19799,1788
21588,19800,1788
21589,19801,1788
21590,19802,1788
21591,19803,1788
21593,19804,1789
21595,19806,1789
21596,19807,1789
21598,19808,1790
21599,19809,1790
21600,19810,1790
21602,19812,1790
21603,19813,1790
21604,19814,1790
21606,19815,1791
21608,19815,1793
21609,19816,1793
21610,19817,1793
21611,19818,1793
21612,19819,1793
21614,19820,1794
21615,19821,1794
21617,19823,1794
21618,19824,1794
21619,19825,1794
21621,19825,1796
21623,19827,1796
21625,19829,1796
21626,19830,1796
21627,19831,1796
21628,19832,1796
21629,19833,1796
21631,19835,1796
21632,19836,1796
21633,19837,1796
21634,19838,1796
21635,19838,1797
21637,19840,1797
21638,19841,1797
21639,19842,1797
21640,19843,1797
21641,19844,1797
21643,19846,1797
21644,19847,1797
21645,19848,1797
21646,19849,1797
21647,19850,1797
21648,19851,1797
21649,19852,1797
21650,19853,1797
21652,19855,1797
21653,19856,1797
21654,19857,1797
21655,19858,1797
21656,19859,1797
21658,19861,1797
21659,19862,1797
21660,19863,1797
21662,19865,1797
21663,19866,1797
21664,19867,1797
21665,19868,1797
21666,19869,1797
21667,19870,1797
21668,19871,1797
21669,19872,1797
21671,19874,1797
21672,19875,1797
21673,19876,1797
21674,19877,1797
21675,19878,1797
21677,19880,1797
21678,19881,1797
21679,19882,1797
21681,19884,1797
21682,19885,1797
21683,19886,1797
21684,19887,1797
21685,19888,1797
21686,19889,1797
21687,19890,1797
21688,19891,1797
21690,19893,1797
21691,19894,1797
21692,19895,1797
21693,19896,1797
21694,19897,1797
21696,19899,1797
21697,19900,1797
21698,19901,1797
21700,19903,1797
21701,19904,1797
21702,19905,1797
21703,19906,1797
21704,19907,1797
21705,19908,1797
21706,19909,1797
21708,19911,1797
21710,19913,1797
21711,19914,1797
21713,19916,1797
21714,19917,1797
21715,19918,1797
21717,19920,1797
21718,19921,1797
21719,19922,1797
21721,19924,1797
21723,19925,1798
21724,19926,1798
21725,19927,1798
21726,19928,1798
21727,19929,1798
21729,19931,1798
21730,19932,1798
21732,19934,1798
21733,19935,1798
21734,19936,1798
21735,19936,1799
21737,19938,1799
21739,19940,1799
21740,19941,1799
21741,19942,1799
21742,19943,1799
21743,19944,1799
21745,19946,1799
21746,19947,1799
21747,19948,1799
21748,19949,1799
21749,19949,1800
21751,19951,1800
21752,19952,1800
21753,19953,1800
21754,19954,1800
21755,19955,1800
21757,19957,1800
21758,19958,1800
21759,19959,1800
21760,19960,1800
21761,19961,1800
21762,19962,1800
21763,19963,1800
21764,19964,1800
21766,19966,1800
21767,19967,1800
21768,19968,1800
21769,19969,1800
21770,19970,1800
21772,19972,1800
21773,19973,1800
21774,19974,1800
21776,19976,1800
21777,19977,1800
21778,19978,1800
21779,19979,1800
21780,19980,1800
21781,19981,1800
21782,19982,1800
21783,19983,1800
21785,19985,1800
21786,19986,1800
21787,19987,1800
21788,19988,1800
21789,19989,1800
21791,19991,1800
21792,19992,1800
21793,19993,1800
21795,19995,1800
21796,19996,1800
21797,19997,1800
21798,19998,1800
21799,19999,1800
21800,20000,1800
21801,20001,1800
21802,20002,1800
21804,20004,1800
21805,20005,1800
21806,20006,1800
21807,20007,1800
21808,20008,1800
21810,20010,1800
21811,20011,1800
21812,20012,1800
21814,20014,1800
21815,20015,1800
21816,20016,1800
21817,20017,1800
21818,20018,1800
21819,20019,1800
21820,20020,1800
21822,20022,1800
21824,20024,1800
21825,20025,1800
21827,20027,1800
21828,20028,1800
21829,20029,1800
21831,20031,1800
21832,20032,1800
21833,20033,1800
21834,20034,1800
21836,20036,1800
21837,20037,1800
21838,20038,1800
21839,20039,1800
21840,20040,1800
21842,20042,1800
21843,20043,1800
21845,20045,1800
21846,20046,1800
21847,20047,1800
21848,20047,1801
21850,20049,1801
21852,20051,1801
21853,20052,1801
21854,20053,1801
21855,20054,1801
21856,20055,1801
21858,20057,1801
21859,20058,1801
21860,20059,1801
21861,20060,1801
21862,20060,1802
21864,20062,1802
21865,20063,1802
21866,20064,1802
21867,20065,1802
21868,20066,1802
21870,20068,1802
21871,20069,1802
21872,20070,1802
21873,20071,1802
21874,20072,1802
21875,20073,1802
21876,20074,1802
21877,20075,1802
21879,20077,1802
21880,20078,1802
21881,20079,1802
21882,20080,1802
21883,20081,1802
21885,20083,1802
21886,20084,1802
21887,20085,1802
21889,20087,1802
21890,20088,1802
21891,20089,1802
21892,20090,1802
21893,20091,1802
21894,20092,1802
21895,20093,1802
21896,20094,1802
21898,20096,1802
21899,20097,1802
21900,20098,1802
21901,20099,1802
21902,20100,1802
21904,20102,1802
21905,20103,1802
21906,20104,1802
21908,20106,1802
21909,20107,1802
21910,20108,1802
21911,20109,1802
21912,20110,1802
21913,20111,1802
21914,20112,1802
21915,20113,1802
21917,20115,1802
21918,20116,1802
21919,20117,1802
21920,20118,1802
21921,20119,1802
21923,20121,1802
21924,20122,1802
21925,20123,1802
21927,20125,1802
21928,20126,1802
21929,20127,1802
21930,20128,1802
21931,20129,1802
21932,20130,1802
21933,20131,1802
21934,20132,1802
21936,20134,1802
21937,20135,1802
21938,20136,1802
21939,20137,1802
21940,20138,1802
21942,20140,1802
21943,20141,1802
21944,20142,1802
21946,20144,1802
21947,20145,1802
21948,20146,1802
21949,20147,1802
21950,20148,1802
21951,20149,1802
21952,20150,1802
21954,20152,1802
21956,20154,1802
21957,20155,1802
21959,20157,1802
21960,20158,1802
21961,20159,1802
21963,20161,1802
21964,20162,1802
21965,20163,1802
21967,20165,1802
21969,20167,1802
21970,20168,1802
21971,20169,1802
21972,20170,1802
21973,20171,1802
21975,20173,1802
21976,20174,1802
21978,20176,1802
21979,20177,1802
21980,20178,1802
21981,20178,1803
21983,20180,1803
21985,20182,1803
21986,20183,1803
21987,20184,1803
21988,20185,1803
21989,20186,1803
21991,20188,1803
21992,20189,1803
21993,20190,1803
21994,20191,1803
21995,20191,1804
21997,20193,1804
21998,20194,1804
21999,20195,1804
22000,20196,1804
22001,20197,1804
22003,20199,1804
22004,20200,1804
22005,20201,1804
22006,20202,1804
22007,20203,1804
22008,20204,1804
22009,20205,1804
22010,20206,1804
22012,20208,1804
22013,20209,1804
22014,20210,1804
22015,20211,1804
22016,20212,1804
22018,20214,1804
22019,20215,1804
22020,20216,1804
22022,20218,1804
22023,20219,1804
22024,20220,1804
22025,20221,1804
22026,20222,1804
22027,20223,1804
22028,20224,1804
22029,20225,1804
22031,20227,1804
22032,20228,1804
22033,20229,1804
22034,20230,1804
22035,20231,1804
22037,20233,1804
22038,20234,1804
22039,20235,1804
22041,20237,1804
22042,20238,1804
22043,20239,1804
22044,20240,1804
22045,20241,1804
22046,20242,1804
22047,20243,1804
22048,20244,1804
22050,20246,1804
22051,20247,1804
22052,20248,1804
22053,20249,1804
22054,20250,1804
22056,20252,1804
22057,20253,1804
22058,20254,1804
22060,20256,1804
22061,20257,1804
22062,20258,1804
22063,20259,1804
22064,20260,1804
22065,20261,1804
22066,20262,1804
22068,20264,1804
22070,20266,1804
22071,20267,1804
22073,20269,1804
22074,20270,1804
22075,20271,1804
22077,20273,1804
22078,20274,1804
22079,20275,1804
22080,20276,1804
22082,20278,1804
22083,20279,1804
22084,20280,1804
22085,20281,1804
22086,20282,1804
22088,20284,1804
22089,20285,1804
22091,20287,1804
22092,20288,1804
22093,20289,1804
22095,20289,1806
22097,20291,1806
22099,20293,1806
22100,20294,1806
22101,20295,1806
22102,20296,1806
22103,20297,1806
22105,20299,1806
22106,20300,1806
22107,20301,1806
22108,20302,1806
22109,20302,1807
22111,20304,1807
22112,20305,1807
22113,20306,1807
22114,20307,1807
22115,20308,1807
22117,20310,1807
22118,20311,1807
22119,20312,1807
22120,20313,1807
22121,20314,1807
22122,20315,1807
22123,20316,1807
22124,20317,1807
22126,20319,1807
22127,20320,1807
22128,20321,1807
22129,20322,1807
22130,20323,1807
22132,20325,1807
22133,20326,1807
22134,20327,1807
22136,20329,1807
22137,20330,1807
22138,20331,1807
22139,20332,1807
22140,20333,1807
22141,20334,1807
22142,20335,1807
22143,20336,1807
22145,20338,1807
22146,20339,1807
22147,20340,1807
22148,20341,1807
22149,20342,1807
22151,20344,1807
22152,20345,1807
22153,20346,1807
22155,20348,1807
22156,20349,1807
22157,20350,1807
22158,20351,1807
22159,20352,1807
22160,20353,1807
22161,20354,1807
22162,20355,1807
22164,20357,1807
22165,20358,1807
22166,20359,1807
22167,20360,1807
22168,20361,1807
22170,20363,1807
22171,20364,1807
22172,20365,1807
22174,20367,1807
22175,20368,1807
22176,20369,1807
22177,20370,1807
22178,20371,1807
22179,20372,1807
22180,20373,1807
22182,20375,1807
22184,20377,1807
22185,20378,1807
22187,20380,1807
22188,20381,1807
22189,20382,1807
22191,20384,1807
22192,20385,1807
22193,20386,1807
22194,20387,1807
22196,20389,1807
22197,20390,1807
22198,20391,1807
22199,20392,1807
22200,20393,1807
22202,20395,1807
22203,20396,1807
22205,20398,1807
22206,20399,1807
22207,20400,1807
22209,20400,1809
22211,20402,1809
22213,20404,1809
22214,20405,1809
22215,20406,1809
22216,20407,1809
22217,20408,1809
22219,20410,1809
22220,20411,1809
22221,20412,1809
22222,20413,1809
22223,20413,1810
22225,20415,1810
22226,20416,1810
22227,20417,1810
22228,20418,1810
22229,20419,1810
22231,20421,1810
22232,20422,1810
22233,20423,1810
22234,20424,1810
22235,20425,1810
22236,20426,1810
22237,20427,1810
22238,20428,1810
22240,20430,1810
22241,20431,1810
22242,20432,1810
22243,20433,1810
22244,20434,1810
22246,20436,1810
22247,20437,1810
22248,20438,1810
22250,20440,1810
22251,20441,1810
22252,20442,1810
22253,20443,1810
22254,20444,1810
22255,20445,1810
22256,20446,1810
22257,20447,1810
22259,20449,1810
22260,20450,1810
22261,20451,1810
22262,20452,1810
22263,20453,1810
22265,20455,1810
22266,20456,1810
22267,20457,1810
22269,20459,1810
22270,20460,1810
22271,20461,1810
22272,20462,1810
22273,20463,1810
22274,20464,1810
22275,20465,1810
22276,20466,1810
22278,20468,1810
22279,20469,1810
22280,20470,1810
22281,20471,1810
22282,20472,1810
22284,20474,1810
22285,20475,1810
22286,20476,1810
22288,20478,1810
22289,20479,1810
22290,20480,1810
22291,20481,1810
22292,20482,1810
22293,20483,1810
22294,20484,1810
22295,20485,1810
22297,20487,1810
22298,20488,1810
22299,20489,1810
22300,20490,1810
22301,20491,1810
22303,20493,1810
22304,20494,1810
22305,20495,1810
22307,20497,1810
22308,20498,1810
22309,20499,1810
22310,20500,1810
22311,20501,1810
22312,20502,1810
22313,20503,1810
22315,20505,1810
22317,20507,1810
22318,20508,1810
22320,20510,1810
22321,20511,1810
22322,20512,1810
22324,20514,1810
22325,20515,1810
22326,20516,1810
22328,20518,1810
22330,20520,1810
22331,20521,1810
22332,20522,1810
22333,20523,1810
22334,20524,1810
22336,20526,1810
22337,20527,1810
22339,20529,1810
22340,20530,1810
22341,20531,1810
22343,20531,1812
22345,20533,1812
22347,20535,1812
22348,20536,1812
22349,20537,1812
22350,20538,1812
22351,20539,1812
22353,20541,1812
22354,20542,1812
22355,20543,1812
22356,20544,1812
22357,20544,1813
22359,20546,1813
22360,20547,1813
22361,20548,1813
22362,20549,1813
22363,20550,1813
22365,20552,1813
22366,20553,1813
22367,20554,1813
22368,20555,1813
22369,20556,1813
22370,20557,1813
22371,20558,1813
22372,20559,1813
22374,20561,1813
22375,20562,1813
22376,20563,1813
22377,20564,1813
22378,20565,1813
22380,20567,1813
22381,20568,1813
22382,20569,1813
22384,20571,1813
22385,20572,1813
22386,20573,1813
22387,20574,1813
22388,20575,1813
22389,20576,1813
22390,20577,1813
22391,20578,1813
22393,20580,1813
22394,20581,1813
22395,20582,1813
22396,20583,1813
22397,20584,1813
22399,20586,1813
22400,20587,1813
22401,20588,1813
22403,20590,1813
22404,20591,1813
22405,20592,1813
22406,20593,1813
22407,20594,1813
22408,20595,1813
22409,20596,1813
22410,20597,1813
22412,20599,1813
22413,20600,1813
22414,20601,1813
22415,20602,1813
22416,20603,1813
22418,20605,1813
22419,20606,1813
22420,20607,1813
22422,20609,1813
22423,20610,1813
22424,20611,1813
22425,20612,1813
22426,20613,1813
22427,20614,1813
22428,20615,1813
22429,20616,1813
22431,20618,1813
22432,20619,1813
22433,20620,1813
22434,20621,1813
22435,20622,1813
22437,20624,1813
22438,20625,1813
22439,20626,1813
22441,20628,1813
22442,20629,1813
22443,20630,1813
22444,20631,1813
22445,20632,1813
22446,20633,1813
22447,20634,1813
22449,20636,1813
22451,20638,1813
22452,20639,1813
22454,20641,1813
22455,20642,1813
22456,20643,1813
22458,20645,1813
22459,20646,1813
22460,20647,1813
22462,20649,1813
22464,20650,1814
22465,20651,1814
22466,20652,1814
22467,20653,1814
22468,20654,1814
22470,20656,1814
22471,20657,1814
22473,20659,1814
22474,20660,1814
22475,20661,1814
22476,20661,1815
22478,20663,1815
22480,20665,1815
22481,20666,1815
22482,20667,1815
22483,20668,1815
22484,20669,1815
22486,20671,1815
22487,20672,1815
22488,20673,1815
22489,20674,1815
22490,20674,1816
22492,20676,1816
22493,20677,1816
22494,20678,1816
22495,20679,1816
22496,20680,1816
22498,20682,1816
22499,20683,1816
22500,20684,1816
22501,20685,1816
22502,20686,1816
22503,20687,1816
22504,20688,1816
22505,20689,1816
22507,20691,1816
22508,20692,1816
22509,20693,1816
22510,20694,1816
22511,20695,1816
22513,20697,1816
22514,20698,1816
22515,20699,1816
22517,20701,1816
22518,20702,1816
22519,20703,1816
22520,20704,1816
22521,20705,1816
22522,20706,1816
22523,20707,1816
22524,20708,1816
22526,20710,1816
22527,20711,1816
22528,20712,1816
22529,20713,1816
22530,20714,1816
22532,20716,1816
22533,20717,1816
22534,20718,1816
22536,20720,1816
22537,20721,1816
22538,20722,1816
22539,20723,1816
22540,20724,1816
22541,20725,1816
22542,20726,1816
22543,20727,1816
22545,20729,1816
22546,20730,1816
22547,20731,1816
22548,20732,1816
22549,20733,1816
22551,20735,1816
22552,20736,1816
22553,20737,1816
22555,20739,1816
22556,20740,1816
22557,20741,1816
22558,20742,1816
22559,20743,1816
22560,20744,1816
22561,20745,1816
22562,20746,1816
22564,20748,1816
22565,20749,1816
22566,20750,1816
22567,20751,1816
22568,20752,1816
22570,20754,1816
22571,20755,1816
22572,20756,1816
22574,20758,1816
22575,20759,1816
22576,20760,1816
22577,20761,1816
22578,20762,1816
22579,20763,1816
22580,20764,1816
22581,20765,1816
22583,20767,1816
22584,20768,1816
22585,20769,1816
22586,20770,1816
22587,20771,1816
22589,20773,1816
22590,20774,1816
22591,20775,1816
22593,20777,1816
22594,20778,1816
22595,20779,1816
22596,20780,1816
22597,20781,1816
22598,20782,1816
22599,20783,1816
22601,20785,1816
22603,20787,1816
22604,20788,1816
22605,20789,1816
22606,20790,1816
22607,20791,1816
22609,20793,1816
22610,20794,1816
22611,20795,1816
22613,20797,1816
22614,20798,1816
22615,20799,1816
22616,20800,1816
22617,20801,1816
22618,20802,1816
22619,20803,1816
22620,20804,1816
22622,20806,1816
22623,20807,1816
22624,20808,1816
22625,20809,1816
22626,20810,1816
22628,20812,1816
22629,20813,1816
22630,20814,1816
22632,20816,1816
22633,20817,1816
22634,20818,1816
22635,20819,1816
22636,20820,1816
22637,20821,1816
22638,20822,1816
22639,20823,1816
22641,20825,1816
22643,20826,1817
22644,20827,1817
22645,20828,1817
22646,20829,1817
22648,20831,1817
22649,20832,1817
22650,20833,1817
22652,20835,1817
22653,20836,1817
22654,20837,1817
22656,20838,1818
22657,20839,1818
22658,20840,1818
22659,20841,1818
22660,20842,1818
22661,20843,1818
22663,20844,1819
22664,20845,1819
22665,20846,1819
22666,20847,1819
22667,20848,1819
22668,20848,1820
22669,20849,1820
22670,20850,1820
22672,20851,1821
22673,20852,1821
22674,20853,1821
22675,20853,1822
22677,20854,1823
22678,20855,1823
22679,20856,1823
22680,20857,1823
22681,20858,1823
22682,20859,1823
22684,20861,1823
22685,20862,1823
22687,20864,1823
22688,20864,1824
22690,20866,1824
22692,20867,1825
22694,20869,1825
22695,20870,1825
22696,20871,1825
22697,20872,1825
22699,20874,1825
22701,20875,1826
22703,20877,1826
22704,20878,1826
22705,20879,1826
22706,20880,1826
22708,20881,1827
22709,20882,1827
22710,20883,1827
22712,20883,1829
22713,20884,1829
22715,20886,1829
22716,20887,1829
22717,20887,1830
22718,20888,1830
22719,20889,1830
22721,20890,1831
22723,20892,1831
22724,20893,1831
22726,20895,1831
22727,20896,1831
22728,20897,1831
22729,20898,1831
22730,20898,1832
22732,20900,1832
22733,20901,1832
22734,20902,1832
22735,20903,1832
22736,20904,1832
22738,20906,1832
22739,20907,1832
22740,20908,1832
22741,20909,1832
22742,20910,1832
22743,20911,1832
22744,20912,1832
22745,20913,1832
22747,20915,1832
22748,20916,1832
22749,20917,1832
22750,20918,1832
22751,20919,1832
22753,20921,1832
22754,20922,1832
22755,20923,1832
22757,20925,1832
22758,20926,1832
22759,20927,1832
22760,20928,1832
22761,20929,1832
22762,20930,1832
22763,20931,1832
22764,20932,1832
22766,20934,1832
22767,20935,1832
22768,20936,1832
22769,20937,1832
22770,20938,1832
22772,20940,1832
22773,20941,1832
22774,20942,1832
22776,20944,1832
22777,20945,1832
22778,20946,1832
22779,20947,1832
22780,20948,1832
22781,20949,1832
22782,20950,1832
22783,20951,1832
22785,20953,1832
22786,20954,1832
22787,20955,1832
22788,20956,1832
22789,20957,1832
22791,20959,1832
22792,20960,1832
22793,20961,1832
22795,20963,1832
22796,20964,1832
22797,20965,1832
22798,20966,1832
22799,20967,1832
22800,20968,1832
22801,20969,1832
22802,20970,1832
22804,20972,1832
22805,20973,1832
22806,20974,1832
22807,20975,1832
22808,20976,1832
22810,20978,1832
22811,20979,1832
22812,20980,1832
22814,20982,1832
22815,20983,1832
22816,20984,1832
22817,20985,1832
22818,20986,1832
22819,20987,1832
22820,20988,1832
22822,20990,1832
22824,20992,1832
22825,20993,1832
22826,20994,1832
22827,20995,1832
22829,20997,1832
22831,20998,1833
22832,20999,1833
22833,21000,1833
22834,21001,1833
22836,21002,1834
22837,21003,1834
22838,21004,1834
22839,21004,1835
22841,21006,1835
22842,21007,1835
22844,21009,1835
22846,21010,1836
22847,21011,1836
22848,21012,1836
22849,21013,1836
22850,21014,1836
22851,21015,1836
22853,21017,1836
22855,21018,1837
22856,21019,1837
22857,21019,1838
22859,21021,1838
22860,21022,1838
22861,21023,1838
22862,21023,1839
22864,21024,1840
22865,21025,1840
22866,21026,1840
22867,21027,1840
22868,21027,1841
22869,21028,1841
22871,21030,1841
22872,21031,1841
22874,21033,1841
22875,21034,1841
22876,21035,1841
22877,21036,1841
22879,21037,1842
22881,21039,1842
22882,21040,1842
22884,21040,1844
22885,21041,1844
22887,21043,1844
22888,21044,1844
22890,21045,1845
22891,21046,1845
22892,21047,1845
22894,21049,1845
22895,21050,1845
22896,21051,1845
22897,21052,1845
22898,21052,1846
22900,21054,1846
22901,21055,1846
22902,21056,1846
22903,21057,1846
22904,21058,1846
22906,21060,1846
22907,21061,1846
22908,21062,1846
22909,21063,1846
22910,21064,1846
22911,21065,1846
22912,21066,1846
22913,21067,1846
22915,21069,1846
22916,21070,1846
22917,21071,1846
22918,21072,1846
22919,21073,1846
22921,21075,1846
22922,21076,1846
22923,21077,1846
22925,21079,1846
22926,21080,1846
22927,21081,1846
22928,21082,1846
22929,21083,1846
22930,21084,1846
22931,21085,1846
22932,21086,1846
22934,21088,1846
22935,21089,1846
22936,21090,1846
22937,21091,1846
22938,21092,1846
22940,21094,1846
22941,21095,1846
22942,21096,1846
22944,21098,1846
22945,21099,1846
22946,21100,1846
22947,21101,1846
22948,21102,1846
22949,21103,1846
22950,21104,1846
22951,21105,1846
22953,21107,1846
22954,21108,1846
22955,21109,1846
22956,21110,1846
22957,21111,1846
22959,21113,1846
22960,21114,1846
22961,21115,1846
22963,21117,1846
22964,21118,1846
22965,21119,1846
22966,21120,1846
22967,21121,1846
22968,21122,1846
22969,21123,1846
22970,21124,1846
22972,21126,1846
22973,21127,1846
22974,21128,1846
22975,21129,1846
22976,21130,1846
22978,21132,1846
22979,21133,1846
22980,21134,1846
22982,21136,1846
22983,21137,1846
22984,21138,1846
22985,21139,1846
22986,21140,1846
22987,21141,1846
22988,21142,1846
22989,21143,1846
22991,21145,1846
22992,21146,1846
22993,21147,1846
22994,21148,1846
22995,21149,1846
22997,21151,1846
22998,21152,1846
22999,21153,1846
23001,21155,1846
23002,21156,1846
23003,21157,1846
23004,21158,1846
23005,21159,1846
23006,21160,1846
23007,21161,1846
23009,21163,1846
23011,21165,1846
23012,21166,1846
23013,21167,1846
23014,21168,1846
23015,21169,1846
23017,21171,1846
23018,21172,1846
23019,21173,1846
23021,21175,1846
23022,21176,1846
23023,21177,1846
23024,21178,1846
23025,21179,1846
23026,21180,1846
23027,21181,1846
23028,21182,1846
23030,21184,1846
23031,21185,1846
23032,21186,1846
23033,21187,1846
23034,21188,1846
23036,21190,1846
23037,21191,1846
23038,21192,1846
23040,21194,1846
23041,21195,1846
23042,21196,1846
23043,21197,1846
23044,21198,1846
23045,21199,1846
23046,21200,1846
23047,21201,1846
23049,21203,1846
23050,21204,1846
23051,21205,1846
23052,21206,1846
23053,21207,1846
23055,21209,1846
23056,21210,1846
23057,21211,1846
23059,21213,1846
23060,21214,1846
23061,21215,1846
23063,21217,1846
23064,21218,1846
23065,21219,1846
23066,21220,1846
23067,21221,1846
23068,21222,1846
23070,21224,1846
23071,21225,1846
23072,21226,1846
23073,21227,1846
23074,21228,1846
23075,21229,1846
23076,21230,1846
23077,21231,1846
23079,21233,1846
23080,21234,1846
23081,21235,1846
23082,21236,1846
23084,21238,1846
23085,21239,1846
23086,21240,1846
23087,21241,1846
23088,21242,1846
23089,21243,1846
23091,21245,1846
23092,21246,1846
23094,21248,1846
23096,21250,1846
23097,21251,1846
23098,21252,1846
23100,21254,1846
23101,21255,1846
23102,21256,1846
23103,21257,1846
23104,21258,1846
23105,21259,1846
23106,21260,1846
23108,21262,1846
23110,21263,1847
23111,21264,1847
23113,21265,1848
23114,21266,1848
23116,21268,1848
23117,21269,1848
23118,21270,1848
23119,21271,1848
23121,21272,1849
23122,21273,1849
23123,21274,1849
23124,21275,1849
23125,21276,1849
23127,21277,1850
23128,21278,1850
23130,21280,1850
23132,21281,1851
23133,21282,1851
23134,21283,1851
23135,21284,1851
23137,21285,1852
23139,21287,1852
23140,21288,1852
23141,21289,1852
23143,21291,1852
23144,21292,1852
23146,21293,1853
23148,21295,1853
23149,21296,1853
23150,21297,1853
23151,21298,1853
23153,21300,1853
23154,21301,1853
23155,21302,1853
23156,21303,1853
23158,21305,1853
23159,21306,1853
23160,21307,1853
23162,21308,1854
23163,21309,1854
23165,21311,1854
23166,21312,1854
23167,21313,1854
23168,21314,1854
23170,21316,1854
23172,21317,1855
23173,21318,1855
23175,21319,1856
23176,21320,1856
23178,21321,1857
23180,21323,1857
23181,21324,1857
23182,21325,1857
23183,21326,1857
23185,21328,1857
23186,21329,1857
23187,21330,1857
23188,21331,1857
23189,21332,1857
23191,21334,1857
23192,21335,1857
23193,21336,1857
23194,21337,1857
23196,21339,1857
23197,21340,1857
23198,21341,1857
23200,21343,1857
23201,21344,1857
23202,21345,1857
23203,21346,1857
23205,21347,1858
23206,21348,1858
23207,21349,1858
23208,21350,1858
23210,21351,1859
23211,21352,1859
23212,21353,1859
23213,21354,1859
23214,21355,1859
23215,21356,1859
23216,21357,1859
23217,21358,1859
23218,21359,1859
23219,21360,1859
23220,21361,1859
23222,21363,1859
23223,21364,1859
23224,21365,1859
23226,21367,1859
23227,21368,1859
23228,21369,1859
23229,21370,1859
23230,21371,1859
23231,21372,1859
23232,21373,1859
23233,21374,1859
23235,21376,1859
23236,21377,1859
23237,21378,1859
23238,21379,1859
23239,21380,1859
23240,21381,1859
23241,21382,1859
23242,21383,1859
23244,21385,1859
23245,21386,1859
23247,21388,1859
23248,21389,1859
23249,21390,1859
23250,21391,1859
23251,21392,1859
23252,21393,1859
23254,21395,1859
23255,21396,1859
23257,21398,1859
23258,21399,1859
23259,21400,1859
23260,21401,1859
23261,21402,1859
23263,21404,1859
23264,21405,1859
23265,21406,1859
23266,21407,1859
23267,21408,1859
23268,21409,1859
23269,21410,1859
23271,21412,1859
23272,21413,1859
23273,21414,1859
23274,21415,1859
23275,21416,1859
23276,21417,1859
23277,21418,1859
23278,21419,1859
23279,21420,1859
23280,21421,1859
23281,21422,1859
23282,21423,1859
23283,21424,1859
23284,21425,1859
23285,21426,1859
23287,21428,1859
23288,21429,1859
23289,21430,1859
23290,21431,1859
23291,21432,1859
23292,21433,1859
23293,21434,1859
23295,21436,1859
23296,21437,1859
23297,21438,1859
23298,21439,1859
23300,21441,1859
23301,21442,1859
23303,21444,1859
23304,21445,1859
23305,21446,1859
23306,21447,1859
23307,21448,1859
23308,21449,1859
23309,21450,1859
23311,21452,1859
23312,21453,1859
23313,21454,1859
23314,21455,1859
23315,21456,1859
23316,21457,1859
23317,21458,1859
23318,21459,1859
23319,21460,1859
23320,21461,1859
23321,21462,1859
23322,21463,1859
23323,21464,1859
23324,21465,1859
23325,21466,1859
23326,21467,1859
23327,21468,1859
23328,21469,1859
23329,21470,1859
23330,21471,1859
23332,21473,1859
23333,21474,1859
23334,21475,1859
23335,21476,1859
23337,21478,1859
23338,21479,1859
23339,21480,1859
23341,21482,1859
23342,21483,1859
23344,21485,1859
23345,21486,1859
23346,21487,1859
23347,21488,1859
23349,21490,1859
23351,21492,1859
23352,21493,1859
23354,21495,1859
23355,21496,1859
23357,21498,1859
23359,21500,1859
23360,21501,1859
23361,21502,1859
23362,21503,1859
23364,21505,1859
23365,21506,1859
23366,21507,1859
23367,21508,1859
23368,21509,1859
23370,21511,1859
23371,21512,1859
23372,21513,1859
23373,21514,1859
23375,21516,1859
23376,21517,1859
23377,21518,1859
23378,21519,1859
23380,21521,1859
23381,21522,1859
23382,21523,1859
23383,21524,1859
23384,21525,1859
23385,21526,1859
23386,21527,1859
23387,21528,1859
23388,21529,1859
23389,21530,1859
23391,21532,1859
23392,21533,1859
23393,21534,1859
23394,21535,1859
23395,21536,1859
23396,21537,1859
23397,21538,1859
23399,21540,1859
23401,21542,1859
23402,21543,1859
23403,21544,1859
23404,21545,1859
23406,21547,1859
23407,21548,1859
23408,21549,1859
23409,21550,1859
23411,21552,1859
23412,21553,1859
23413,21554,1859
23414,21555,1859
23415,21556,1859
23416,21557,1859
23418,21559,1859
23419,21560,1859
23420,21561,1859
23421,21562,1859
23423,21564,1859
23424,21565,1859
23425,21566,1859
23426,21567,1859
23427,21568,1859
23428,21569,1859
23429,21570,1859
23430,21571,1859
23431,21572,1859
23432,21573,1859
23433,21574,1859
23434,21575,1859
23436,21577,1859
23437,21578,1859
23438,21579,1859
23439,21580,1859
23440,21581,1859
23441,21582,1859
23442,21583,1859
23443,21584,1859
23445,21586,1859
23446,21587,1859
23447,21588,1859
23448,21589,1859
23449,21590,1859
23450,21591,1859
23451,21592,1859
23452,21593,1859
23453,21594,1859
23454,21595,1859
23455,21596,1859
23456,21597,1859
23457,21598,1859
23459,21600,1859
23460,21601,1859
23461,21602,1859
23462,21603,1859
23463,21604,1859
23464,21605,1859
23465,21606,1859
23466,21607,1859
23468,21609,1859
23469,21610,1859
23470,21611,1859
23471,21612,1859
23472,21613,1859
23474,21614,1860
23475,21615,1860
23476,21616,1860
23478,21618,1860
23480,21619,1861
23481,21620,1861
23482,21621,1861
23483,21622,1861
23484,21623,1861
23485,21624,1861
23486,21625,1861
23487,21626,1861
23489,21627,1862
23490,21628,1862
23492,21629,1863
23493,21630,1863
23495,21632,1863
23496,21633,1863
23498,21635,1863
23499,21636,1863
23501,21638,1863
23502,21639,1863
23504,21641,1863
23505,21642,1863
23507,21644,1863
23508,21645,1863
23509,21646,1863
23510,21647,1863
23511,21648,1863
23512,21649,1863
23514,21650,1864
23515,21651,1864
23516,21652,1864
23517,21653,1864
23518,21654,1864
23520,21655,1865
23521,21656,1865
23522,21657,1865
23523,21658,1865
23525,21659,1866
23526,21660,1866
23527,21661,1866
23528,21662,1866
23529,21663,1866
23531,21664,1867
23532,21665,1867
23533,21666,1867
23534,21667,1867
23535,21668,1867
23537,21669,1868
23538,21670,1868
23540,21672,1868
23541,21673,1868
23543,21675,1868
23544,21676,1868
23545,21677,1868
23547,21679,1868
23548,21680,1868
23550,21682,1868
23551,21683,1868
23553,21685,1868
23554,21686,1868
23556,21688,1868
23557,21689,1868
23559,21691,1868
23561,21693,1868
23562,21694,1868
23563,21695,1868
23564,21696,1868
23565,21697,1868
23566,21698,1868
23568,21700,1868
23569,21701,1868
23570,21702,1868
23572,21704,1868
23573,21705,1868
23574,21706,1868
23575,21707,1868
23576,21708,1868
23577,21709,1868
23579,21711,1868
23580,21712,1868
23581,21713,1868
23582,21714,1868
23584,21716,1868
23585,21717,1868
23587,21719,1868
23588,21720,1868
23589,21721,1868
23590,21722,1868
23591,21723,1868
23593,21725,1868
23595,21727,1868
23596,21728,1868
23597,21729,1868
23598,21730,1868
23600,21732,1868
23601,21733,1868
23603,21735,1868
23604,21736,1868
23605,21737,1868
23606,21738,1868
23608,21739,1869
23610,21741,1869
23611,21742,1869
23613,21744,1869
23614,21745,1869
23616,21747,1869
23617,21748,1869
23618,21749,1869
23619,21750,1869
23621,21752,1869
23622,21753,1869
23623,21754,1869
23625,21756,1869
23626,21757,1869
23627,21758,1869
23628,21759,1869
23629,21760,1869
23631,21762,1869
23633,21764,1869
23634,21765,1869
23636,21767,1869
23637,21768,1869
23639,21770,1869
23640,21771,1869
23641,21772,1869
23643,21774,1869
23645,21776,1869
23646,21777,1869
23647,21778,1869
23648,21779,1869
23650,21781,1869
23652,21783,1869
23653,21784,1869
23654,21785,1869
23656,21787,1869
23658,21789,1869
23659,21790,1869
23660,21791,1869
23661,21792,1869
23663,21794,1869
23664,21795,1869
23665,21796,1869
23666,21797,1869
23668,21799,1869
23669,21800,1869
23670,21801,1869
23672,21803,1869
23673,21804,1869
23674,21805,1869
23676,21807,1869
23677,21808,1869
23678,21809,1869
23679,21810,1869
23681,21812,1869
23683,21814,1869
23684,21815,1869
23685,21816,1869
23686,21817,1869
23687,21818,1869
23688,21819,1869
23690,21820,1870
23691,21821,1870
23692,21822,1870
23693,21823,1870
23695,21824,1871
23696,21825,1871
23697,21826,1871
23698,21827,1871
23699,21828,1871
23700,21829,1871
23701,21830,1871
23703,21832,1871
23704,21833,1871
23705,21834,1871
23706,21834,1872
23708,21836,1872
23710,21837,1873
23711,21838,1873
23712,21839,1873
23714,21841,1873
23715,21842,1873
23716,21843,1873
23717,21844,1873
23719,21846,1873
23720,21847,1873
23721,21848,1873
23722,21849,1873
23724,21851,1873
23725,21852,1873
23726,21853,1873
23728,21854,1874
23729,21855,1874
23730,21856,1874
23732,21858,1874
23733,21859,1874
23734,21860,1874
23735,21861,1874
23737,21863,1874
23739,21865,1874
23740,21865,1875
23741,21866,1875
23742,21867,1875
23743,21868,1875
23744,21869,1875
23745,21870,1875
23746,21871,1875
23748,21873,1875
23749,21874,1875
23751,21875,1876
23752,21876,1876
23753,21877,1876
23755,21879,1876
23756,21880,1876
23757,21881,1876
23759,21883,1876
23760,21884,1876
23761,21885,1876
23763,21887,1876
23764,21888,1876
23765,21889,1876
23766,21890,1876
23768,21892,1876
23769,21893,1876
23770,21894,1876
23771,21895,1876
23773,21897,1876
23774,21898,1876
23775,21899,1876
23776,21900,1876
23777,21901,1876
23779,21903,1876
23780,21904,1876
23781,21905,1876
23782,21906,1876
23784,21908,1876
23785,21909,1876
23786,21910,1876
23788,21912,1876
23789,21913,1876
23790,21914,1876
23791,21915,1876
23792,21916,1876
23793,21917,1876
23794,21918,1876
23795,21919,1876
23797,21921,1876
23798,21922,1876
23799,21923,1876
23800,21924,1876
23802,21926,1876
23803,21927,1876
23804,21928,1876
23805,21929,1876
23807,21931,1876
23808,21932,1876
23809,21933,1876
23810,21934,1876
23811,21935,1876
23812,21936,1876
23813,21937,1876
23815,21939,1876
23816,21940,1876
23818,21942,1876
23819,21943,1876
23820,21944,1876
23821,21945,1876
23823,21947,1876
23824,21948,1876
23825,21949,1876
23826,21950,1876
23827,21951,1876
23828,21952,1876
23830,21954,1876
23831,21955,1876
23832,21956,1876
23834,21958,1876
23835,21959,1876
23836,21960,1876
23837,21961,1876
23839,21963,1876
23840,21964,1876
23841,21965,1876
23843,21967,1876
23844,21968,1876
23846,21970,1876
23847,21971,1876
23848,21972,1876
23849,21973,1876
23850,21974,1876
23852,21976,1876
23853,21977,1876
23854,21978,1876
23856,21980,1876
23858,21982,1876
23860,21984,1876
23861,21985,1876
23862,21986,1876
23863,21987,1876
23864,21988,1876
23866,21990,1876
23867,21991,1876
23869,21993,1876
23871,21995,1876
23872,21996,1876
23874,21998,1876
23875,21999,1876
23876,22000,1876
23877,22001,1876
23878,22002,1876
23880,22004,1876
23882,22006,1876
23883,22007,1876
23884,22008,1876
23886,22010,1876
23887,22011,1876
23888,22012,1876
23890,22014,1876
23891,22015,1876
23892,22016,1876
23893,22017,1876
23894,22018,1876
23896,22020,1876
23898,22022,1876
23899,22023,1876
23900,22024,1876
23902,22026,1876
23903,22027,1876
23904,22028,1876
23906,22030,1876
23907,22031,1876
23908,22032,1876
23909,22033,1876
23910,22034,1876
23912,22036,1876
23914,22038,1876
23915,22039,1876
23916,22040,1876
23918,22042,1876
23919,22043,1876
23920,22044,1876
23922,22046,1876
23923,22047,1876
23924,22048,1876
23925,22049,1876
23926,22050,1876
23928,22052,1876
23930,22054,1876
23931,22055,1876
23932,22056,1876
23934,22058,1876
23935,22059,1876
23936,22060,1876
23938,22062,1876
23939,22063,1876
23940,22064,1876
23941,22065,1876
23942,22066,1876
23944,22068,1876
23946,22070,1876
23947,22071,1876
23948,22072,1876
23950,22074,1876
23952,22075,1877
23953,22076,1877
23954,22077,1877
23955,22078,1877
23956,22079,1877
23957,22080,1877
23959,22082,1877
23960,22083,1877
23961,22084,1877
23962,22085,1877
23964,22087,1877
23965,22088,1877
23966,22089,1877
23968,22091,1877
23970,22093,1877
23971,22094,1877
23973,22096,1877
23974,22097,1877
23975,22098,1877
23976,22099,1877
23977,22100,1877
23978,22101,1877
23980,22103,1877
23982,22105,1877
23983,22106,1877
23984,22107,1877
23985,22108,1877
23987,22110,1877
23988,22111,1877
23989,22112,1877
23990,22113,1877
23992,22115,1877
23993,22116,1877
23994,22117,1877
23996,22119,1877
23997,22120,1877
23998,22121,1877
24000,22123,1877
24001,22124,1877
24002,22125,1877
24003,22126,1877
24005,22128,1877
24006,22129,1877
24008,22131,1877
24009,22132,1877
24011,22134,1877
24012,22135,1877
24013,22136,1877
24014,22137,1877
24016,22139,1877
24017,22140,1877
24018,22141,1877
24020,22143,1877
24021,22144,1877
24022,22145,1877
24023,22146,1877
24024,22147,1877
24025,22148,1877
24027,22150,1877
24028,22151,1877
24029,22152,1877
24030,22153,1877
24032,22155,1877
24033,22156,1877
24035,22158,1877
24036,22159,1877
24037,22160,1877
24039,22162,1877
24040,22163,1877
24041,22164,1877
24043,22166,1877
24044,22167,1877
24045,22168,1877
24046,22169,1877
24048,22171,1877
24049,22172,1877
24050,22173,1877
24051,22174,1877
24053,22176,1877
24055,22178,1877
24056,22179,1877
24057,22180,1877
24058,22181,1877
24060,22183,1877
24061,22184,1877
24062,22185,1877
24063,22186,1877
24065,22188,1877
24066,22189,1877
24067,22190,1877
24069,22192,1877
24070,22193,1877
24071,22194,1877
24073,22196,1877
24074,22197,1877
24075,22198,1877
24076,22199,1877
24078,22201,1877
24079,22202,1877
24081,22204,1877
24082,22205,1877
24084,22207,1877
24085,22208,1877
24086,22209,1877
24087,22210,1877
24088,22211,1877
24089,22212,1877
24091,22214,1877
24092,22215,1877
24093,22216,1877
24094,22217,1877
24096,22218,1878
24097,22219,1878
24098,22220,1878
24099,22221,1878
24100,22222,1878
24101,22223,1878
24103,22224,1879
24104,22225,1879
24105,22226,1879
24106,22227,1879
24107,22228,1879
24108,22229,1879
24109,22230,1879
24111,22231,1880
24112,22232,1880
24113,22233,1880
24114,22234,1880
24115,22235,1880
24117,22237,1880
24118,22238,1880
24119,22239,1880
24120,22240,1880
24121,22241,1880
24122,22242,1880
24124,22244,1880
24126,22246,1880
24127,22247,1880
24129,22249,1880
24130,22250,1880
24132,22252,1880
24133,22253,1880
24135,22255,1880
24136,22256,1880
24138,22258,1880
24139,22259,1880
24141,22261,1880
24142,22262,1880
24144,22264,1880
24145,22265,1880
24146,22266,1880
24147,22267,1880
24148,22268,1880
24149,22269,1880
24150,22270,1880
24152,22271,1881
24153,22272,1881
24154,22273,1881
24155,22274,1881
24156,22274,1882
24157,22275,1882
24159,22276,1883
24160,22277,1883
24161,22278,1883
24163,22279,1884
24164,22280,1884
24165,22281,1884
24167,22282,1885
24168,22283,1885
24169,22284,1885
24170,22285,1885
24171,22286,1885
24172,22287,1885
24174,22289,1885
24175,22290,1885
24176,22291,1885
24177,22292,1885
24178,22293,1885
24179,22294,1885
24180,22295,1885
24181,22296,1885
24183,22298,1885
24185,22300,1885
24186,22301,1885
24187,22302,1885
24188,22303,1885
24190,22305,1885
24191,22306,1885
24192,22307,1885
24194,22309,1885
24195,22310,1885
24196,22311,1885
24198,22313,1885
24199,22314,1885
24201,22316,1885
24202,22317,1885
24203,22318,1885
24205,22320,1885
24206,22321,1885
24208,22323,1885
24209,22324,1885
24211,22326,1885
24212,22327,1885
24214,22329,1885
24215,22330,1885
24217,22332,1885
24219,22334,1885
24220,22335,1885
24221,22336,1885
24223,22338,1885
24225,22340,1885
24226,22341,1885
24227,22342,1885
24228,22343,1885
24229,22344,1885
24230,22345,1885
24232,22347,1885
24233,22348,1885
24234,22349,1885
24236,22351,1885
24238,22353,1885
24239,22354,1885
24240,22355,1885
24242,22357,1885
24243,22358,1885
24244,22359,1885
24245,22360,1885
24246,22361,1885
24248,22363,1885
24250,22365,1885
24251,22366,1885
24252,22367,1885
24253,22368,1885
24254,22369,1885
24256,22371,1885
24257,22372,1885
24259,22374,1885
24260,22375,1885
24261,22376,1885
24262,22377,1885
24264,22379,1885
24266,22381,1885
24267,22382,1885
24268,22383,1885
24269,22384,1885
24270,22385,1885
24271,22386,1885
24273,22388,1885
24274,22389,1885
24275,22390,1885
24276,22391,1885
24277,22392,1885
24279,22394,1885
24280,22395,1885
24281,22396,1885
24283,22398,1885
24284,22399,1885
24285,22400,1885
24286,22401,1885
24287,22402,1885
24289,22404,1885
24291,22406,1885
24292,22407,1885
24293,22408,1885
24294,22409,1885
24296,22411,1885
24297,22412,1885
24298,22413,1885
24299,22414,1885
24301,22416,1885
24303,22418,1885
24304,22419,1885
24306,22421,1885
24307,22422,1885
24308,22423,1885
24310,22425,1885
24311,22426,1885
24312,22427,1885
24313,22428,1885
24314,22429,1885
24315,22430,1885
24316,22431,1885
24318,22433,1885
24319,22434,1885
24320,22435,1885
24322,22437,1885
24323,22438,1885
24324,22439,1885
24325,22440,1885
24326,22441,1885
24327,22442,1885
24328,22443,1885
24330,22445,1885
24331,22446,1885
24332,22447,1885
24334,22449,1885
24336,22450,1886
24337,22451,1886
24338,22452,1886
24339,22453,1886
24340,22454,1886
24341,22455,1886
24343,22456,1887
24344,22457,1887
24345,22458,1887
24346,22459,1887
24347,22460,1887
24349,22462,1887
24350,22463,1887
24352,22465,1887
24353,22466,1887
24355,22468,1887
24356,22469,1887
24357,22470,1887
24359,22472,1887
24360,22473,1887
24361,22474,1887
24362,22475,1887
24363,22476,1887
24364,22477,1887
24365,22478,1887
24367,22480,1887
24368,22481,1887
24369,22482,1887
24371,22484,1887
24372,22485,1887
24373,22486,1887
24375,22488,1887
24376,22489,1887
24377,22490,1887
24379,22492,1887
24381,22494,1887
24382,22495,1887
24383,22496,1887
24384,22497,1887
24385,22498,1887
24387,22500,1887
24388,22501,1887
24390,22503,1887
24391,22504,1887
24393,22506,1887
24394,22507,1887
24396,22509,1887
24397,22510,1887
24398,22511,1887
24399,22512,1887
24400,22513,1887
24401,22514,1887
24402,22515,1887
24403,22516,1887
24405,22518,1887
24406,22519,1887
24407,22520,1887
24408,22521,1887
24409,22522,1887
24410,22523,1887
24411,22524,1887
24413,22526,1887
24414,22527,1887
24415,22528,1887
24416,22529,1887
24417,22530,1887
24418,22531,1887
24419,22532,1887
24420,22533,1887
24421,22534,1887
24423,22536,1887
24424,22537,1887
24425,22538,1887
24426,22539,1887
24428,22541,1887
24429,22542,1887
24430,22543,1887
24432,22545,1887
24433,22546,1887
24435,22548,1887
24436,22549,1887
24437,22550,1887
24438,22551,1887
24439,22552,1887
24440,22553,1887
24442,22555,1887
24443,22556,1887
24444,22557,1887
24445,22558,1887
24446,22559,1887
24448,22561,1887
24449,22562,1887
24450,22563,1887
24451,22564,1887
24452,22565,1887
24453,22566,1887
24455,22568,1887
24456,22569,1887
24457,22570,1887
24458,22571,1887
24460,22573,1887
24461,22574,1887
24463,22576,1887
24464,22577,1887
24466,22579,1887
24467,22580,1887
24468,22581,1887
24469,22582,1887
24470,22583,1887
24472,22585,1887
24473,22586,1887
24474,22587,1887
24475,22588,1887
24476,22589,1887
24478,22591,1887
24479,22592,1887
24480,22593,1887
24481,22594,1887
24482,22595,1887
24483,22596,1887
24484,22597,1887
24485,22598,1887
24486,22599,1887
24487,22600,1887
24489,22602,1887
24490,22603,1887
24491,22604,1887
24492,22605,1887
24493,22606,1887
24494,22607,1887
24495,22608,1887
24497,22610,1887
24499,22612,1887
24500,22613,1887
24501,22614,1887
24502,22615,1887
24504,22617,1887
24505,22618,1887
24506,22619,1887
24507,22620,1887
24509,22622,1887
24510,22623,1887
24511,22624,1887
24512,22625,1887
24513,22626,1887
24515,22628,1887
24516,22629,1887
24518,22630,1888
24519,22631,1888
24520,22632,1888
24521,22633,1888
24523,22634,1889
24524,22635,1889
24525,22636,1889
24526,22637,1889
24528,22638,1890
24529,22639,1890
24530,22640,1890
24531,22641,1890
24532,22642,1890
24533,22643,1890
24534,22644,1890
24535,22645,1890
24536,22646,1890
24537,22647,1890
24538,22648,1890
24539,22649,1890
24540,22650,1890
24541,22651,1890
24543,22653,1890
24544,22654,1890
24546,22656,1890
24547,22657,1890
24548,22658,1890
24550,22660,1890
24551,22661,1890
24553,22663,1890
24554,22664,1890
24555,22665,1890
24556,22666,1890
24557,22667,1890
24559,22669,1890
24560,22670,1890
24561,22671,1890
24562,22672,1890
24563,22673,1890
24565,22675,1890
24566,22676,1890
24567,22677,1890
24568,22678,1890
24570,22680,1890
24571,22681,1890
24572,22682,1890
24574,22684,1890
24575,22685,1890
24577,22687,1890
24578,22688,1890
24580,22690,1890
24581,22691,1890
24582,22692,1890
24583,22693,1890
24584,22694,1890
24585,22695,1890
24586,22696,1890
24587,22697,1890
24588,22698,1890
24590,22699,1891
24591,22700,1891
24592,22701,1891
24594,22703,1891
24595,22704,1891
24597,22705,1892
24598,22706,1892
24599,22707,1892
24601,22709,1892
24603,22711,1892
24604,22712,1892
24605,22713,1892
24606,22714,1892
24608,22716,1892
24609,22717,1892
24610,22718,1892
24611,22719,1892
24612,22720,1892
24613,22721,1892
24614,22722,1892
24615,22723,1892
24616,22724,1892
24617,22725,1892
24618,22726,1892
24619,22727,1892
24621,22729,1892
24622,22730,1892
24623,22731,1892
24624,22732,1892
24626,22734,1892
24627,22735,1892
24628,22736,1892
24630,22736,1894
24631,22737,1894
24633,22739,1894
24635,22739,1896
24636,22740,1896
24637,22741,1896
24639,22742,1897
24641,22744,1897
24642,22745,1897
24643,22746,1897
24644,22747,1897
24645,22748,1897
24646,22749,1897
24647,22750,1897
24648,22751,1897
24649,22752,1897
24651,22754,1897
24652,22755,1897
24653,22756,1897
24654,22756,1898
24655,22757,1898
24656,22758,1898
24658,22760,1898
24659,22761,1898
24660,22762,1898
24661,22763,1898
24662,22764,1898
24663,22765,1898
24665,22767,1898
24666,22768,1898
24667,22769,1898
24669,22771,1898
24670,22772,1898
24671,22773,1898
24672,22774,1898
24673,22775,1898
24674,22776,1898
24675,22777,1898
24676,22778,1898
24677,22779,1898
24679,22779,1900
24680,22780,1900
24682,22782,1900
24683,22783,1900
24684,22784,1900
24685,22785,1900
24686,22786,1900
24687,22786,1901
24689,22788,1901
24690,22789,1901
24691,22790,1901
24692,22791,1901
24693,22792,1901
24694,22793,1901
24696,22795,1901
24697,22796,1901
24698,22797,1901
24699,22798,1901
24701,22798,1903
24703,22800,1903
24704,22801,1903
24705,22802,1903
24706,22803,1903
24708,22803,1905
24710,22805,1905
24711,22806,1905
24713,22808,1905
24715,22809,1906
24716,22810,1906
24717,22811,1906
24718,22812,1906
24720,22814,1906
24721,22815,1906
24723,22817,1906
24725,22817,1908
24726,22818,1908
24727,22819,1908
24729,22821,1908
24730,22822,1908
24731,22823,1908
24732,22824,1908
24733,22825,1908
24735,22827,1908
24736,22828,1908
24737,22829,1908
24739,22831,1908
24741,22831,1910
24742,22832,1910
24743,22833,1910
24744,22834,1910
24745,22835,1910
24746,22836,1910
24747,22837,1910
24748,22838,1910
24750,22840,1910
24751,22841,1910
24752,22842,1910
24754,22843,1911
24755,22844,1911
24757,22846,1911
24758,22847,1911
24759,22848,1911
24760,22849,1911
24762,22851,1911
24764,22852,1912
24765,22853,1912
24766,22854,1912
24767,22855,1912
24769,22857,1912
24770,22858,1912
24771,22859,1912
24772,22860,1912
24773,22861,1912
24774,22862,1912
24775,22863,1912
24776,22864,1912
24777,22865,1912
24779,22867,1912
24780,22868,1912
24781,22869,1912
24782,22870,1912
24784,22872,1912
24785,22873,1912
24786,22874,1912
24788,22876,1912
24789,22877,1912
24791,22879,1912
24792,22880,1912
24793,22881,1912
24794,22882,1912
24796,22884,1912
24798,22886,1912
24799,22887,1912
24801,22888,1913
24802,22889,1913
24804,22890,1914
24806,22892,1914
24807,22893,1914
24808,22894,1914
24809,22895,1914
24811,22897,1914
24812,22898,1914
24813,22899,1914
24814,22900,1914
24815,22901,1914
24817,22903,1914
24818,22904,1914
24819,22905,1914
24820,22906,1914
24822,22908,1914
24823,22909,1914
24824,22910,1914
24825,22911,1914
24827,22913,1914
24828,22914,1914
24829,22915,1914
24830,22916,1914
24831,22917,1914
24832,22918,1914
24834,22920,1914
24835,22921,1914
24836,22922,1914
24837,22923,1914
24838,22924,1914
24840,22926,1914
24841,22927,1914
24842,22928,1914
24843,22929,1914
24844,22930,1914
24845,22931,1914
24846,22932,1914
24847,22933,1914
24849,22935,1914
24850,22936,1914
24851,22937,1914
24852,22938,1914
24853,22939,1914
24854,22940,1914
24855,22941,1914
24857,22943,1914
24859,22945,1914
24860,22946,1914
24861,22947,1914
24862,22948,1914
24864,22950,1914
24865,22951,1914
24866,22952,1914
24867,22953,1914
24869,22955,1914
24870,22956,1914
24871,22957,1914
24872,22958,1914
24873,22959,1914
24874,22960,1914
24876,22962,1914
24877,22963,1914
24878,22964,1914
24879,22965,1914
24881,22967,1914
24882,22968,1914
24883,22969,1914
24884,22970,1914
24885,22971,1914
24886,22972,1914
24887,22973,1914
24888,22974,1914
24889,22975,1914
24890,22976,1914
24891,22977,1914
24892,22978,1914
24893,22979,1914
24894,22980,1914
24896,22982,1914
24897,22983,1914
24898,22984,1914
24900,22986,1914
24901,22987,1914
24902,22988,1914
24903,22989,1914
24904,22990,1914
24905,22991,1914
24906,22992,1914
24907,22993,1914
24908,22994,1914
24909,22995,1914
24910,22996,1914
24911,22997,1914
24912,22998,1914
24914,23000,1914
24915,23001,1914
24916,23002,1914
24917,23003,1914
24918,23004,1914
24920,23006,1914
24921,23007,1914
24922,23008,1914
24924,23010,1914
24926,23012,1914
24927,23013,1914
24928,23013,1915
24929,23014,1915
24931,23015,1916
24932,23016,1916
24933,23017,1916
24935,23019,1916
24937,23020,1917
24938,23021,1917
24939,23022,1917
24940,23023,1917
24941,23024,1917
24942,23025,1917
24943,23026,1917
24944,23027,1917
24945,23028,1917
24946,23029,1917
24947,23030,1917
24949,23031,1918
24950,23032,1918
24951,23033,1918
24952,23034,1918
24953,23035,1918
24954,23036,1918
24955,23037,1918
24956,23038,1918
24957,23039,1918
24958,23040,1918
24959,23041,1918
24960,23042,1918
24961,23043,1918
24962,23044,1918
24963,23045,1918
24964,23046,1918
24965,23047,1918
24966,23048,1918
24967,23049,1918
24968,23050,1918
24969,23051,1918
24970,23052,1918
24971,23053,1918
24972,23054,1918
24973,23055,1918
24974,23056,1918
24975,23057,1918
24976,23058,1918
24977,23059,1918
24978,23060,1918
24979,23061,1918
24980,23062,1918
24981,23063,1918
24982,23064,1918
24983,23065,1918
24984,23066,1918
24985,23067,1918
24986,23068,1918
24987,23069,1918
24988,23070,1918
24989,23071,1918
24990,23072,1918
24991,23073,1918
24992,23074,1918
24993,23075,1918
24994,23076,1918
24995,23077,1918
24996,23078,1918
24997,23079,1918
24998,23080,1918
24999,23081,1918
25000,23082,1918
25001,23083,1918
25003,23085,1918
25004,23086,1918
25005,23087,1918
25006,23088,1918
25007,23089,1918
25008,23090,1918
25010,23090,1920
25011,23091,1920
25012,23092,1920
25013,23093,1920
25014,23094,1920
25016,23096,1920
25017,23097,1920
25018,23098,1920
25019,23099,1920
25020,23100,1920
25022,23102,1920
25023,23103,1920
25025,23105,1920
25026,23106,1920
25028,23108,1920
25029,23109,1920
25031,23111,1920
25033,23113,1920
25034,23114,1920
25035,23115,1920
25037,23117,1920
25039,23119,1920
25040,23120,1920
25042,23122,1920
25043,23123,1920
25044,23124,1920
25046,23126,1920
25048,23126,1922
25049,23127,1922
25050,23128,1922
25051,23129,1922
25052,23130,1922
25053,23131,1922
25055,23133,1922
25057,23135,1922
25058,23136,1922
25060,23138,1922
25061,23139,1922
25062,23140,1922
25063,23141,1922
25064,23142,1922
25066,23144,1922
25068,23146,1922
25069,23147,1922
25070,23148,1922
25072,23150,1922
25073,23151,1922
25075,23153,1922
25076,23154,1922
25077,23155,1922
25079,23157,1922
25080,23158,1922
25081,23159,1922
25083,23161,1922
25084,23162,1922
25085,23163,1922
25086,23164,1922
25088,23166,1922
25090,23168,1922
25091,23169,1922
25093,23171,1922
25095,23173,1922
25096,23174,1922
25098,23176,1922
25099,23177,1922
25101,23179,1922
25103,23181,1922
25104,23182,1922
25106,23184,1922
25107,23185,1922
25109,23187,1922
25111,23189,1922
25112,23190,1922
25113,23191,1922
25115,23193,1922
25116,23194,1922
25117,23195,1922
25118,23196,1922
25120,23197,1923
25121,23198,1923
25123,23200,1923
25124,23200,1924
25126,23202,1924
25127,23203,1924
25128,23204,1924
25130,23205,1925
25132,23207,1925
25133,23208,1925
25134,23209,1925
25135,23210,1925
25136,23211,1925
25138,23213,1925
25139,23214,1925
25140,23215,1925
25141,23216,1925
25142,23217,1925
25143,23218,1925
25145,23220,1925
25146,23221,1925
25147,23222,1925
25148,23223,1925
25149,23224,1925
25151,23226,1925
25153,23228,1925
25154,23229,1925
25155,23230,1925
25156,23231,1925
25157,23232,1925
25159,23234,1925
25160,23235,1925
25161,23236,1925
25162,23237,1925
25163,23238,1925
25164,23239,1925
25166,23241,1925
25167,23242,1925
25168,23243,1925
25169,23244,1925
25170,23245,1925
25172,23247,1925
25173,23248,1925
25174,23249,1925
25175,23250,1925
25177,23252,1925
25178,23253,1925
25179,23254,1925
25180,23255,1925
25182,23257,1925
25183,23258,1925
25184,23259,1925
25185,23260,1925
25186,23261,1925
25187,23262,1925
25189,23264,1925
25190,23265,1925
25191,23266,1925
25192,23267,1925
25194,23269,1925
25195,23270,1925
25196,23271,1925
25197,23272,1925
25198,23273,1925
25200,23274,1926
25202,23276,1926
25203,23277,1926
25204,23278,1926
25205,23279,1926
25206,23280,1926
25207,23281,1926
25209,23283,1926
25211,23284,1927
25212,23285,1927
25213,23286,1927
25214,23287,1927
25215,23288,1927
25217,23290,1927
25219,23292,1927
25221,23294,1927
25222,23295,1927
25224,23297,1927
25225,23298,1927
25226,23299,1927
25227,23300,1927
25228,23301,1927
25230,23303,1927
25231,23304,1927
25232,23305,1927
25233,23306,1927
25235,23308,1927
25236,23309,1927
25237,23310,1927
25238,23311,1927
25240,23313,1927
25241,23314,1927
25243,23316,1927
25244,23317,1927
25245,23318,1927
25246,23319,1927
25247,23320,1927
25249,23322,1927
25250,23323,1927
25251,23324,1927
25252,23325,1927
25253,23326,1927
25254,23327,1927
25256,23329,1927
25257,23330,1927
25258,23331,1927
25259,23332,1927
25260,23333,1927
25262,23335,1927
25263,23336,1927
25265,23338,1927
25266,23339,1927
25268,23341,1927
25269,23342,1927
25270,23343,1927
25272,23345,1927
25274,23347,1927
25275,23348,1927
25276,23349,1927
25277,23350,1927
25278,23351,1927
25279,23352,1927
25281,23354,1927
25282,23355,1927
25283,23356,1927
25284,23357,1927
25286,23359,1927
25287,23360,1927
25288,23361,1927
25289,23362,1927
25290,23363,1927
25292,23365,1927
25294,23367,1927
25295,23368,1927
25297,23369,1928
25298,23370,1928
25300,23372,1928
25301,23373,1928
25303,23375,1928
25305,23377,1928
25306,23378,1928
25307,23379,1928
25308,23380,1928
25309,23381,1928
25311,23383,1928
25313,23385,1928
25315,23387,1928
25316,23388,1928
25317,23389,1928
25318,23390,1928
25319,23391,1928
25321,23393,1928
25323,23395,1928
25325,23397,1928
25326,23398,1928
25327,23399,1928
25329,23401,1928
25331,23403,1928
25332,23404,1928
25334,23406,1928
25335,23407,1928
25336,23408,1928
25337,23409,1928
25339,23411,1928
25340,23412,1928
25341,23413,1928
25342,23414,1928
25344,23416,1928
25345,23417,1928
25346,23418,1928
25347,23419,1928
25348,23420,1928
25349,23421,1928
25351,23423,1928
25352,23424,1928
25353,23425,1928
25354,23426,1928
25355,23427,1928
25357,23429,1928
25358,23430,1928
25359,23431,1928
25360,23432,1928
25361,23433,1928
25362,23434,1928
25364,23436,1928
25365,23437,1928
25366,23438,1928
25367,23439,1928
25368,23440,1928
25370,23442,1928
25371,23443,1928
25373,23445,1928
25374,23446,1928
25375,23447,1928
25376,23448,1928
25378,23450,1928
25380,23452,1928
25381,23453,1928
25382,23454,1928
25383,23455,1928
25385,23457,1928
25386,23458,1928
25387,23459,1928
25388,23460,1928
25389,23461,1928
25391,23463,1928
25392,23464,1928
25393,23465,1928
25394,23466,1928
25396,23468,1928
25397,23469,1928
25399,23471,1928
25400,23472,1928
25401,23473,1928
25402,23474,1928
25403,23475,1928
25405,23477,1928
25407,23479,1928
25408,23480,1928
25409,23481,1928
25410,23482,1928
25411,23483,1928
25413,23485,1928
25414,23486,1928
25415,23487,1928
25416,23488,1928
25417,23489,1928
25418,23490,1928
25420,23492,1928
25421,23493,1928
25422,23494,1928
25423,23495,1928
25425,23497,1928
25426,23498,1928
25427,23499,1928
25429,23501,1928
25430,23502,1928
25431,23503,1928
25432,23504,1928
25434,23505,1929
25435,23506,1929
25437,23506,1931
25439,23507,1932
25440,23508,1932
25441,23509,1932
25442,23510,1932
25443,23511,1932
25445,23512,1933
25446,23513,1933
25447,23514,1933
25448,23515,1933
25449,23516,1933
25451,23517,1934
25453,23518,1935
25454,23519,1935
25455,23520,1935
25456,23521,1935
25458,23522,1936
25460,23523,1937
25461,23524,1937
25462,23525,1937
25463,23526,1937
25465,23527,1938
25466,23528,1938
25467,23529,1938
25468,23530,1938
25470,23532,1938
25471,23532,1939
25472,23533,1939
25473,23534,1939
25474,23535,1939
25476,23536,1940
25478,23538,1940
25479,23539,1940
25480,23540,1940
25482,23541,1941
25484,23542,1942
25485,23543,1942
25487,23545,1942
25489,23546,1943
25491,23547,1944
25493,23549,1944
25494,23550,1944
25495,23551,1944
25497,23553,1944
25498,23554,1944
25499,23555,1944
25500,23556,1944
25501,23557,1944
25503,23559,1944
25504,23560,1944
25505,23561,1944
25506,23562,1944
25507,23563,1944
25508,23564,1944
25510,23566,1944
25511,23567,1944
25512,23568,1944
25513,23569,1944
25515,23571,1944
25516,23572,1944
25517,23573,1944
25519,23575,1944
25520,23576,1944
25522,23578,1944
25523,23579,1944
25524,23580,1944
25525,23581,1944
25526,23582,1944
25528,23584,1944
25529,23585,1944
25530,23586,1944
25531,23587,1944
25532,23588,1944
25533,23589,1944
25535,23591,1944
25536,23592,1944
25537,23593,1944
25538,23594,1944
25539,23595,1944
25540,23596,1944
25541,23597,1944
25543,23599,1944
25544,23600,1944
25546,23602,1944
25547,23603,1944
25548,23604,1944
25549,23605,1944
25550,23606,1944
25552,23608,1944
25553,23609,1944
25554,23610,1944
25555,23611,1944
25557,23613,1944
25558,23614,1944
25560,23616,1944
25561,23617,1944
25562,23618,1944
25563,23619,1944
25565,23621,1944
25566,23622,1944
25567,23623,1944
25569,23625,1944
25571,23627,1944
25573,23628,1945
25574,23629,1945
25576,23631,1945
25578,23633,1945
25579,23634,1945
25580,23635,1945
25581,23636,1945
25582,23637,1945
25584,23639,1945
25585,23640,1945
25586,23641,1945
25587,23642,1945
25588,23643,1945
25590,23645,1945
25591,23646,1945
25592,23647,1945
25593,23648,1945
25594,23649,1945
25596,23651,1945
25598,23653,1945
25599,23654,1945
25600,23655,1945
25601,23656,1945
25603,23658,1945
25604,23659,1945
25605,23660,1945
25606,23661,1945
25608,23663,1945
25610,23665,1945
25612,23667,1945
25613,23668,1945
25615,23670,1945
25616,23671,1945
25617,23672,1945
25618,23673,1945
25620,23675,1945
25622,23677,1945
25623,23678,1945
25625,23680,1945
25626,23681,1945
25628,23683,1945
25630,23685,1945
25631,23686,1945
25633,23688,1945
25634,23689,1945
25636,23691,1945
25638,23693,1945
25639,23694,1945
25640,23695,1945
25641,23696,1945
25642,23697,1945
25644,23699,1945
25646,23701,1945
25647,23702,1945
25648,23703,1945
25650,23705,1945
25651,23706,1945
25652,23707,1945
25654,23709,1945
25655,23710,1945
25656,23711,1945
25658,23713,1945
25659,23714,1945
25660,23715,1945
25662,23717,1945
25664,23719,1945
25665,23720,1945
25667,23722,1945
25668,23723,1945
25669,23724,1945
25671,23726,1945
25672,23727,1945
25673,23728,1945
25674,23729,1945
25675,23730,1945
25676,23731,1945
25677,23732,1945
25678,23733,1945
25679,23734,1945
25681,23736,1945
25682,23737,1945
25683,23738,1945
25684,23739,1945
25685,23740,1945
25686,23741,1945
25688,23743,1945
25689,23744,1945
25690,23745,1945
25691,23746,1945
25693,23748,1945
25694,23749,1945
25695,23750,1945
25696,23751,1945
25697,23752,1945
25699,23754,1945
25700,23755,1945
25702,23757,1945
25703,23758,1945
25705,23760,1945
25706,23761,1945
25708,23763,1945
25709,23764,1945
25711,23766,1945
25712,23767,1945
25714,23769,1945
25716,23771,1945
25717,23772,1945
25718,23773,1945
25720,23775,1945
25722,23777,1945
25723,23778,1945
25724,23779,1945
25726,23781,1945
25728,23783,1945
25729,23784,1945
25730,23785,1945
25732,23787,1945
25733,23788,1945
25734,23789,1945
25736,23791,1945
25738,23793,1945
25739,23794,1945
25740,23795,1945
25742,23797,1945
25743,23798,1945
25744,23799,1945
25746,23801,1945
25748,23803,1945
25749,23804,1945
25751,23806,1945
25753,23808,1945
25755,23810,1945
25756,23811,1945
25757,23812,1945
25758,23813,1945
25760,23815,1945
25762,23817,1945
25763,23818,1945
25764,23819,1945
25765,23820,1945
25766,23821,1945
25768,23823,1945
25770,23825,1945
25771,23826,1945
25773,23828,1945
25774,23829,1945
25775,23830,1945
25777,23832,1945
25779,23834,1945
25780,23835,1945
25781,23836,1945
25783,23838,1945
25784,23839,1945
25785,23840,1945
25787,23842,1945
25788,23843,1945
25789,23844,1945
25790,23845,1945
25792,23847,1945
25793,23848,1945
25795,23850,1945
25796,23851,1945
25798,23853,1945
25799,23854,1945
25800,23855,1945
25801,23856,1945
25802,23857,1945
25804,23859,1945
25805,23860,1945
25807,23862,1945
25808,23863,1945
25810,23865,1945
25811,23866,1945
25813,23868,1945
25814,23869,1945
25816,23871,1945
25817,23872,1945
25818,23873,1945
25820,23875,1945
25821,23876,1945
25822,23877,1945
25823,23878,1945
25824,23879,1945
25826,23881,1945
25827,23882,1945
25828,23883,1945
25829,23884,1945
25830,23885,1945
25832,23887,1945
25833,23888,1945
25834,23889,1945
25836,23891,1945
25837,23892,1945
25839,23894,1945
25841,23896,1945
25842,23897,1945
25843,23898,1945
25845,23900,1945
25846,23901,1945
25847,23902,1945
25849,23904,1945
25850,23905,1945
25851,23906,1945
25853,23908,1945
25855,23910,1945
25856,23911,1945
25858,23913,1945
25859,23914,1945
25860,23915,1945
25862,23917,1945
25863,23918,1945
25864,23919,1945
25865,23920,1945
25866,23921,1945
25868,23923,1945
25869,23924,1945
25870,23925,1945
25871,23926,1945
25872,23927,1945
25874,23929,1945
25875,23930,1945
25876,23931,1945
25877,23932,1945
25879,23934,1945
25880,23935,1945
25881,23936,1945
25882,23937,1945
25883,23938,1945
25885,23940,1945
25886,23941,1945
25888,23943,1945
25889,23944,1945
25891,23946,1945
25892,23947,1945
25894,23949,1945
25895,23950,1945
25897,23952,1945
25898,23953,1945
25900,23955,1945
25901,23956,1945
25902,23957,1945
25904,23959,1945
25906,23961,1945
25908,23963,1945
25909,23964,1945
25910,23965,1945
25911,23966,1945
25913,23968,1945
25914,23969,1945
25916,23971,1945
25917,23972,1945
25919,23974,1945
25920,23975,1945
25921,23976,1945
25923,23978,1945
25924,23979,1945
25925,23980,1945
25927,23982,1945
25928,23983,1945
25929,23984,1945
25931,23986,1945
25932,23987,1945
25933,23988,1945
25934,23989,1945
25936,23991,1945
25937,23992,1945
25938,23993,1945
25939,23994,1945
25940,23995,1945
25942,23997,1945
25943,23998,1945
25944,23999,1945
25945,24000,1945
25946,24001,1945
25948,24003,1945
25950,24005,1945
25951,24006,1945
25953,24008,1945
25955,24010,1945
25957,24012,1945
25958,24013,1945
25960,24015,1945
25961,24016,1945
25962,24017,1945
25963,24018,1945
25964,24019,1945
25966,24021,1945
25967,24022,1945
25968,24023,1945
25969,24023,1946
25970,24024,1946
25972,24024,1948
25973,24025,1948
25975,24026,1949
25977,24026,1951
25978,24027,1951
25980,24028,1952
25981,24029,1952
25983,24030,1953
25985,24031,1954
25987,24032,1955
25988,24033,1955
25990,24034,1956
25991,24035,1956
25993,24036,1957
25995,24037,1958
25997,24038,1959
25998,24039,1959
25999,24040,1959
26000,24041,1959
26001,24042,1959
26003,24043,1960
26004,24044,1960
26006,24046,1960
26007,24047,1960
26009,24049,1960
26010,24050,1960
26012,24051,1961
26014,24053,1961
26016,24054,1962
26017,24055,1962
26018,24056,1962
26019,24057,1962
26020,24058,1962
26022,24059,1963
26023,24060,1963
26025,24061,1964
26026,24062,1964
26028,24063,1965
26030,24065,1965
26032,24066,1966
26033,24067,1966
26034,24068,1966
26035,24069,1966
26036,24070,1966
26038,24071,1967
26039,24072,1967
26041,24073,1968
26042,24074,1968
26044,24075,1969
26046,24077,1969
26048,24078,1970
26049,24079,1970
26050,24080,1970
26051,24081,1970
26052,24082,1970
26054,24083,1971
26055,24084,1971
26057,24085,1972
26058,24086,1972
26060,24087,1973
26062,24089,1973
26064,24090,1974
26065,24091,1974
26066,24092,1974
26067,24093,1974
26068,24094,1974
26070,24095,1975
26071,24096,1975
26073,24097,1976
26074,24098,1976
26076,24099,1977
26078,24101,1977
26080,24102,1978
26081,24103,1978
26082,24104,1978
26083,24105,1978
26084,24106,1978
26086,24107,1979
26087,24108,1979
26089,24109,1980
26090,24110,1980
26092,24111,1981
26094,24113,1981
26096,24114,1982
26097,24115,1982
26098,24116,1982
26099,24117,1982
26100,24118,1982
26102,24119,1983
26103,24120,1983
26105,24121,1984
26106,24122,1984
26108,24123,1985
26110,24125,1985
26112,24126,1986
26113,24127,1986
26114,24128,1986
26115,24129,1986
26116,24130,1986
26118,24131,1987
26119,24132,1987
26121,24133,1988
26122,24134,1988
26124,24135,1989
26126,24137,1989
26128,24138,1990
26129,24139,1990
26130,24140,1990
26131,24141,1990
26132,24142,1990
26134,24143,1991
26135,24144,1991
26137,24145,1992
26138,24146,1992
26140,24147,1993
26142,24149,1993
26144,24150,1994
26145,24151,1994
26146,24152,1994
26147,24153,1994
26148,24154,1994
26150,24155,1995
26151,24156,1995
26153,24157,1996
26154,24158,1996
26156,24159,1997
26158,24161,1997
26160,24162,1998
26161,24163,1998
26162,24164,1998
26163,24165,1998
26164,24166,1998
26166,24167,1999
26167,24168,1999
26169,24169,2000
26170,24170,2000
26172,24171,2001
26174,24173,2001
26176,24174,2002
26177,24175,2002
26178,24176,2002
26179,24177,2002
26180,24178,2002
26182,24179,2003
26183,24180,2003
26185,24181,2004
26186,24182,2004
26188,24183,2005
26190,24185,2005
26192,24186,2006
26193,24187,2006
26194,24188,2006
26195,24189,2006
26196,24190,2006
26198,24191,2007
26199,24192,2007
26201,24193,2008
26202,24194,2008
26204,24195,2009
26206,24197,2009
26208,24198,2010
26209,24199,2010
26210,24200,2010
26211,24201,2010
26212,24202,2010
26214,24203,2011
26215,24204,2011
26217,24205,2012
26218,24206,2012
26220,24207,2013
26222,24209,2013
26224,24210,2014
26225,24211,2014
26226,24212,2014
26227,24213,2014
26228,24214,2014
26230,24215,2015
26231,24216,2015
26233,24217,2016
26234,24218,2016
26236,24219,2017
26238,24221,2017
26240,24222,2018
26241,24223,2018
26242,24224,2018
26243,24225,2018
26244,24226,2018
26246,24227,2019
26247,24228,2019
26249,24229,2020
26250,24230,2020
26252,24231,2021
26254,24233,2021
26256,24234,2022
26257,24235,2022
26258,24236,2022
26259,24237,2022
26260,24238,2022
26262,24239,2023
26263,24240,2023
26265,24241,2024
26266,24242,2024
26268,24243,2025
26270,24245,2025
26272,24246,2026
26273,24247,2026
26274,24248,2026
26275,24249,2026
26276,24250,2026
26278,24251,2027
26279,24252,2027
26281,24253,2028
26282,24254,2028
26284,24255,2029
26286,24257,2029
26288,24258,2030
26289,24259,2030
26290,24260,2030
26291,24261,2030
26292,24262,2030
26294,24263,2031
26295,24264,2031
26297,24265,2032
26298,24266,2032
26300,24267,2033
26302,24269,2033
26304,24270,2034
26305,24271,2034
26306,24272,2034
26307,24273,2034
26308,24274,2034
26310,24275,2035
26311,24276,2035
26313,24277,2036
26314,24278,2036
26316,24279,2037
26318,24281,2037
26320,24282,2038
26321,24283,2038
26322,24284,2038
26323,24285,2038
26324,24286,2038
26326,24287,2039
26327,24288,2039
26329,24289,2040
26330,24290,2040
26332,24291,2041
26334,24293,2041
26336,24294,2042
26337,24295,2042
26338,24296,2042
26339,24297,2042
26340,24298,2042
26342,24299,2043
26343,24300,2043
26345,24301,2044
26346,24302,2044
26348,24303,2045
26350,24305,2045
26352,24306,2046
26353,24307,2046
26354,24308,2046
26355,24309,2046
26356,24310,2046
26358,24311,2047
26359,24312,2047
26361,24313,2048
26362,24314,2048
26364,24315,2049
26366,24317,2049
26368,24318,2050
26369,24319,2050
26370,24320,2050
26371,24321,2050
26372,24322,2050
26374,24323,2051
26375,24324,2051
26377,24325,2052
26378,24326,2052
26380,24327,2053
26382,24329,2053
26384,24330,2054
26385,24331,2054
26386,24332,2054
26387,24333,2054
26388,24334,2054
26390,24335,2055
26391,24336,2055
26393,24337,2056
26394,24338,2056
26396,24339,2057
26398,24341,2057
26400,24342,2058
26401,24343,2058
26402,24344,2058
26403,24345,2058
26404,24346,2058
26406,24347,2059
26407,24348,2059
26409,24349,2060
26410,24350,2060
26412,24351,2061
26414,24353,2061
26416,24354,2062
26417,24355,2062
26418,24356,2062
26419,24357,2062
26420,24358,2062
26422,24359,2063
26423,24360,2063
26425,24361,2064
26426,24362,2064
26428,24363,2065
26430,24365,2065
26432,24366,2066
26433,24367,2066
26434,24368,2066
26435,24369,2066
26436,24370,2066
26438,24371,2067
26439,24372,2067
26441,24373,2068
26442,24374,2068
26444,24375,2069
26446,24377,2069
26448,24378,2070
26449,24379,2070
26450,24380,2070
26451,24381,2070
26452,24382,2070
26454,24383,2071
26455,24384,2071
26457,24385,2072
26458,24386,2072
26460,24387,2073
26462,24389,2073
26464,24390,2074
26465,24391,2074
26466,24392,2074
26467,24393,2074
26468,24394,2074
26470,24395,2075
26471,24396,2075
26473,24397,2076
26474,24398,2076
26476,24399,2077
26478,24401,2077
26480,24402,2078
26481,24403,2078
26482,24404,2078
26483,24405,2078
26484,24406,2078
26486,24407,2079
26487,24408,2079
26489,24409,2080
26490,24410,2080
26492,24411,2081
26494,24413,2081
26496,24414,2082
26497,24415,2082
26498,24416,2082
26499,24417,2082
26500,24418,2082
26502,24419,2083
26503,24420,2083
26505,24421,2084
26506,24422,2084
26508,24423,2085
26510,24425,2085
26512,24426,2086
26513,24427,2086
26514,24428,2086
26515,24429,2086
26516,24430,2086
26518,24431,2087
26519,24432,2087
26521,24433,2088
26522,24434,2088
26524,24435,2089
26526,24437,2089
26528,24438,2090
26529,24439,2090
26530,24440,2090
26531,24441,2090
26532,24442,2090
26534,24443,2091
26535,24444,2091
26537,24445,2092
26538,24446,2092
26540,24447,2093
26542,24449,2093
26544,24451,2093
26545,24452,2093
26546,24453,2093
26547,24454,2093
26548,24455,2093
26550,24457,2093
26551,24458,2093
26553,24460,2093
26554,24461,2093
26556,24463,2093
26558,24465,2093
26560,24467,2093
26561,24468,2093
26562,24469,2093
26563,24470,2093
26564,24471,2093
26566,24473,2093
26567,24474,2093
26569,24476,2093
26571,24478,2093
26573,24480,2093
26574,24481,2093
26576,24483,2093
26578,24485,2093
26580,24487,2093
26581,24488,2093
26582,24488,2094
26583,24489,2094
26584,24490,2094
26585,24491,2094
26587,24492,2095
26588,24493,2095
26589,24494,2095
26591,24495,2096
26593,24497,2096
26594,24498,2096
26596,24500,2096
26597,24501,2096
26598,24502,2096
26600,24504,2096
26601,24505,2096
26602,24506,2096
26604,24508,2096
26605,24509,2096
26606,24510,2096
26608,24512,2096
26610,24514,2096
26611,24515,2096
26613,24517,2096
26614,24518,2096
26615,24519,2096
26617,24521,2096
26618,24522,2096
26619,24523,2096
26620,24524,2096
26621,24525,2096
26623,24527,2096
26624,24528,2096
26625,24529,2096
26626,24530,2096
26627,24531,2096
26629,24533,2096
26630,24534,2096
26631,24535,2096
26632,24536,2096
26634,24538,2096
26635,24539,2096
26636,24540,2096
26637,24541,2096
26638,24542,2096
26640,24544,2096
26641,24545,2096
26643,24547,2096
26644,24548,2096
26646,24550,2096
26647,24551,2096
26649,24553,2096
26650,24554,2096
26652,24556,2096
26653,24557,2096
26655,24559,2096
26656,24560,2096
26658,24561,2097
26660,24563,2097
26661,24564,2097
26662,24565,2097
26663,24566,2097
26665,24568,2097
26666,24569,2097
26668,24571,2097
26669,24572,2097
26671,24574,2097
26673,24575,2098
26674,24576,2098
26675,24577,2098
26677,24579,2098
26678,24580,2098
26680,24582,2098
26681,24583,2098
26682,24584,2098
26683,24585,2098
26684,24586,2098
26686,24588,2098
26687,24589,2098
26688,24590,2098
26689,24591,2098
26690,24591,2099
26692,24593,2099
26693,24594,2099
26694,24595,2099
26695,24596,2099
26697,24598,2099
26698,24599,2099
26700,24601,2099
26701,24602,2099
26703,24604,2099
26704,24605,2099
26705,24606,2099
26706,24607,2099
26707,24608,2099
26709,24609,2100
26710,24610,2100
26711,24611,2100
26712,24611,2101
26713,24612,2101
26715,24614,2101
26716,24615,2101
26717,24616,2101
26718,24617,2101
26719,24617,2102
26720,24618,2102
26721,24619,2102
26722,24619,2103
26723,24620,2103
26725,24622,2103
26726,24623,2103
26727,24624,2103
26728,24625,2103
26729,24625,2104
26730,24626,2104
26731,24627,2104
26732,24627,2105
26733,24628,2105
26735,24630,2105
26736,24631,2105
26737,24632,2105
26738,24633,2105
26740,24633,2107
26741,24634,2107
26742,24635,2107
26743,24635,2108
26744,24636,2108
26746,24638,2108
26747,24639,2108
26748,24640,2108
26749,24641,2108
26751,24642,2109
26752,24643,2109
26753,24644,2109
26754,24644,2110
26755,24645,2110
26757,24647,2110
26758,24648,2110
26759,24649,2110
26760,24650,2110
26761,24650,2111
26762,24651,2111
26763,24652,2111
26764,24652,2112
26765,24653,2112
26767,24655,2112
26768,24656,2112
26769,24657,2112
26770,24658,2112
26771,24659,2112
26773,24661,2112
26774,24662,2112
26775,24663,2112
26776,24664,2112
26777,24665,2112
26778,24666,2112
26779,24667,2112
26780,24668,2112
26782,24670,2112
26783,24671,2112
26784,24672,2112
26785,24673,2112
26786,24674,2112
26788,24676,2112
26789,24677,2112
26791,24679,2112
26792,24680,2112
26793,24681,2112
26795,24682,2113
26796,24683,2113
26797,24684,2113
26798,24685,2113
26799,24685,2114
26800,24686,2114
26802,24688,2114
26803,24689,2114
26804,24690,2114
26805,24691,2114
26807,24692,2115
26808,24693,2115
26809,24694,2115
26810,24694,2116
26811,24695,2116
26813,24697,2116
26814,24698,2116
26815,24699,2116
26816,24700,2116
26817,24701,2116
26818,24702,2116
26819,24703,2116
26820,24703,2117
26821,24704,2117
26823,24706,2117
26824,24707,2117
26825,24708,2117
26826,24709,2117
26827,24709,2118
26828,24710,2118
26829,24711,2118
26830,24711,2119
26831,24712,2119
26833,24714,2119
26834,24715,2119
26835,24716,2119
26836,24717,2119
26838,24719,2119
26839,24720,2119
26840,24721,2119
26841,24721,2120
26842,24722,2120
26844,24724,2120
26845,24725,2120
26846,24726,2120
26847,24727,2120
26849,24729,2120
26850,24730,2120
26851,24731,2120
26852,24731,2121
26853,24732,2121
26855,24734,2121
26856,24735,2121
26857,24736,2121
26858,24737,2121
26859,24738,2121
26860,24739,2121
26861,24740,2121
26862,24740,2122
26863,24741,2122
26865,24743,2122
26866,24744,2122
26867,24745,2122
26868,24746,2122
26869,24746,2123
26870,24747,2123
26871,24748,2123
26872,24748,2124
26873,24749,2124
26875,24751,2124
26876,24752,2124
26877,24753,2124
26878,24754,2124
26880,24755,2125
26881,24756,2125
26882,24757,2125
26883,24757,2126
26884,24758,2126
26886,24760,2126
26887,24761,2126
26888,24762,2126
26889,24763,2126
26891,24764,2127
26892,24765,2127
26893,24766,2127
26894,24766,2128
26895,24767,2128
26897,24769,2128
26898,24770,2128
26899,24771,2128
26900,24772,2128
26901,24773,2128
26902,24774,2128
26903,24775,2128
26904,24775,2129
26905,24776,2129
26907,24778,2129
26908,24779,2129
26909,24780,2129
26910,24781,2129
26912,24783,2129
26913,24784,2129
26914,24785,2129
26915,24785,2130
26916,24786,2130
26918,24788,2130
26919,24789,2130
26920,24790,2130
26921,24791,2130
26922,24792,2130
26924,24794,2130
26925,24795,2130
26926,24796,2130
26927,24797,2130
26929,24799,2130
26930,24800,2130
26932,24800,2132
26933,24801,2132
26934,24802,2132
26935,24802,2133
26936,24803,2133
26938,24805,2133
26939,24806,2133
26940,24807,2133
26941,24808,2133
26942,24809,2133
26944,24811,2133
26945,24812,2133
26946,24813,2133
26947,24814,2133
26949,24816,2133
26950,24817,2133
26951,24818,2133
26952,24819,2133
26953,24820,2133
26954,24820,2134
26955,24821,2134
26957,24823,2134
26958,24824,2134
26959,24825,2134
26960,24826,2134
26961,24826,2135
26962,24827,2135
26963,24828,2135
26964,24828,2136
26965,24829,2136
26967,24831,2136
26968,24832,2136
26969,24833,2136
26970,24834,2136
26971,24835,2136
26973,24837,2136
26974,24838,2136
26975,24839,2136
26976,24840,2136
26978,24842,2136
26979,24843,2136
26981,24844,2137
26982,24845,2137
26983,24846,2137
26984,24846,2138
26985,24847,2138
26987,24849,2138
26988,24850,2138
26989,24851,2138
26990,24852,2138
26991,24853,2138
26993,24855,2138
26994,24856,2138
26995,24857,2138
26996,24858,2138
26998,24860,2138
26999,24861,2138
27000,24862,2138
27001,24863,2138
27002,24864,2138
27003,24864,2139
27004,24865,2139
27006,24867,2139
27007,24868,2139
27008,24869,2139
27009,24870,2139
27010,24871,2139
27012,24873,2139
27013,24874,2139
27014,24875,2139
27015,24876,2139
27017,24878,2139
27018,24879,2139
27020,24879,2141
27021,24880,2141
27022,24881,2141
27023,24881,2142
27024,24882,2142
27026,24884,2142
27027,24885,2142
27028,24886,2142
27029,24887,2142
27030,24888,2142
27032,24890,2142
27033,24891,2142
27034,24892,2142
27035,24893,2142
27037,24895,2142
27038,24896,2142
27039,24896,2143
27040,24897,2143
27041,24898,2143
27042,24898,2144
27043,24899,2144
27045,24901,2144
27046,24902,2144
27047,24903,2144
27048,24904,2144
27049,24905,2144
27051,24907,2144
27052,24908,2144
27053,24909,2144
27055,24910,2145
27056,24911,2145
27058,24913,2145
27060,24915,2145
27061,24916,2145
27062,24917,2145
27064,24918,2146
27065,24919,2146
27067,24921,2146
27068,24922,2146
27070,24924,2146
27071,24925,2146
27073,24926,2147
27074,24927,2147
27075,24928,2147
27076,24929,2147
27077,24930,2147
27079,24932,2147
27081,24933,2148
27082,24934,2148
27084,24936,2148
27085,24937,2148
27086,24938,2148
27088,24940,2148
27090,24941,2149
27091,24942,2149
27093,24943,2150
27094,24944,2150
27095,24945,2150
27097,24947,2150
27099,24949,2150
27100,24950,2150
27102,24951,2151
27103,24952,2151
27104,24953,2151
27106,24955,2151
27108,24957,2151
27109,24958,2151
27111,24959,2152
27112,24960,2152
27113,24961,2152
27115,24963,2152
27117,24965,2152
27118,24966,2152
27119,24967,2152
27120,24968,2152
27122,24970,2152
27123,24971,2152
27125,24973,2152
27126,24974,2152
27128,24976,2152
27130,24977,2153
27131,24978,2153
27132,24979,2153
27134,24981,2153
27136,24983,2153
27138,24984,2154
27139,24985,2154
27140,24986,2154
27141,24987,2154
27143,24989,2154
27144,24990,2154
27145,24991,2154
27147,24992,2155
27148,24993,2155
27150,24994,2156
27151,24995,2156
27152,24996,2156
27153,24997,2156
27154,24998,2156
27155,24999,2156
27156,25000,2156
27158,25002,2156
27159,25003,2156
27160,25004,2156
27162,25006,2156
27164,25006,2158
27165,25007,2158
27166,25008,2158
27167,25009,2158
27169,25011,2158
27171,25013,2158
27173,25015,2158
27174,25016,2158
27175,25017,2158
27176,25018,2158
27177,25019,2158
27179,25021,2158
27180,25022,2158
27181,25023,2158
27182,25024,2158
27183,25025,2158
27185,25027,2158
27186,25028,2158
27187,25029,2158
27188,25030,2158
27190,25032,2158
27191,25033,2158
27193,25035,2158
27194,25036,2158
27196,25038,2158
27197,25039,2158
27199,25041,2158
27200,25042,2158
27201,25043,2158
27202,25044,2158
27204,25045,2159
27206,25047,2159
27207,25048,2159
27208,25049,2159
27210,25051,2159
27211,25052,2159
27212,25053,2159
27213,25054,2159
27214,25055,2159
27216,25057,2159
27218,25059,2159
27219,25060,2159
27221,25062,2159
27222,25063,2159
27223,25064,2159
27224,25065,2159
27226,25067,2159
27227,25068,2159
27228,25069,2159
27229,25070,2159
27231,25072,2159
27233,25074,2159
27234,25075,2159
27235,25076,2159
27237,25077,2160
27239,25079,2160
27240,25080,2160
27241,25081,2160
27243,25083,2160
27244,25084,2160
27246,25086,2160
27247,25087,2160
27248,25088,2160
27250,25090,2160
27252,25092,2160
27253,25093,2160
27254,25093,2161
27255,25094,2161
27257,25095,2162
27258,25096,2162
27259,25096,2163
27260,25097,2163
27262,25099,2163
27264,25101,2163
27265,25102,2163
27266,25103,2163
27267,25104,2163
27268,25105,2163
27270,25107,2163
27271,25108,2163
27272,25109,2163
27273,25110,2163
27274,25111,2163
27275,25112,2163
27277,25114,2163
27279,25115,2164
27280,25116,2164
27281,25117,2164
27283,25119,2164
27284,25120,2164
27285,25121,2164
27286,25122,2164
27288,25124,2164
27289,25125,2164
27291,25127,2164
27292,25128,2164
27294,25130,2164
27295,25131,2164
27297,25133,2164
27298,25133,2165
27299,25134,2165
27301,25136,2165
27302,25137,2165
27303,25138,2165
27305,25140,2165
27307,25142,2165
27308,25143,2165
27310,25145,2165
27312,25147,2165
27314,25148,2166
27315,25149,2166
27316,25150,2166
27317,25151,2166
27319,25153,2166
27321,25155,2166
27322,25156,2166
27324,25158,2166
27325,25159,2166
27326,25160,2166
27327,25161,2166
27329,25163,2166
27330,25164,2166
27332,25166,2166
27333,25167,2166
27335,25169,2166
27336,25170,2166
27337,25171,2166
27339,25173,2166
27340,25174,2166
27342,25176,2166
27343,25177,2166
27345,25179,2166
27346,25180,2166
27347,25181,2166
27348,25182,2166
27349,25183,2166
27350,25184,2166
27351,25185,2166
27353,25187,2166
27354,25188,2166
27355,25189,2166
27356,25190,2166
27357,25191,2166
27358,25192,2166
27360,25194,2166
27361,25195,2166
27362,25196,2166
27364,25197,2167
27365,25198,2167
27366,25199,2167
27367,25200,2167
27368,25201,2167
27370,25203,2167
27371,25204,2167
27372,25205,2167
27373,25206,2167
27375,25208,2167
27377,25210,2167
27378,25211,2167
27379,25212,2167
27380,25213,2167
27381,25214,2167
27383,25216,2167
27385,25218,2167
27386,25219,2167
27387,25220,2167
27389,25222,2167
27390,25223,2167
27391,25224,2167
27393,25226,2167
27394,25227,2167
27396,25229,2167
27397,25230,2167
27399,25232,2167
27401,25234,2167
27403,25236,2167
27404,25237,2167
27405,25238,2167
27407,25240,2167
27408,25241,2167
27410,25243,2167
27412,25245,2167
27413,25246,2167
27414,25247,2167
27415,25248,2167
27416,25249,2167
27418,25251,2167
27419,25252,2167
27420,25253,2167
27422,25255,2167
27423,25256,2167
27424,25257,2167
27425,25258,2167
27426,25259,2167
27428,25261,2167
27429,25262,2167
27431,25264,2167
27432,25265,2167
27434,25267,2167
27435,25268,2167
27437,25270,2167
27438,25271,2167
27440,25273,2167
27442,25275,2167
27444,25277,2167
27445,25278,2167
27447,25280,2167
27448,25281,2167
27450,25283,2167
27451,25284,2167
27452,25285,2167
27454,25287,2167
27455,25288,2167
27457,25290,2167
27458,25291,2167
27460,25293,2167
27462,25295,2167
27464,25297,2167
27465,25298,2167
27467,25300,2167
27468,25301,2167
27469,25302,2167
27470,25303,2167
27471,25304,2167
27472,25305,2167
27474,25307,2167
27475,25308,2167
27476,25309,2167
27477,25310,2167
27478,25311,2167
27479,25312,2167
27480,25313,2167
27481,25314,2167
27482,25315,2167
27484,25317,2167
27485,25318,2167
27486,25319,2167
27487,25320,2167
27488,25321,2167
27489,25322,2167
27491,25324,2167
27492,25325,2167
27493,25326,2167
27494,25327,2167
27495,25328,2167
27496,25329,2167
27498,25331,2167
27499,25332,2167
27500,25333,2167
27501,25334,2167
27502,25335,2167
27503,25336,2167
27504,25337,2167
27505,25338,2167
27506,25339,2167
27507,25340,2167
27508,25341,2167
27509,25342,2167
27511,25343,2168
27513,25345,2168
27514,25346,2168
27515,25347,2168
27517,25348,2169
27518,25349,2169
27519,25350,2169
27520,25351,2169
27522,25352,2170
27523,25353,2170
27524,25354,2170
27525,25355,2170
27526,25356,2170
27527,25357,2170
27529,25358,2171
27530,25359,2171
27531,25360,2171
27532,25361,2171
27534,25362,2172
27536,25364,2172
27537,25365,2172
27538,25366,2172
27539,25367,2172
27540,25368,2172
27542,25369,2173
27543,25370,2173
27544,25371,2173
27545,25372,2173
27547,25373,2174
27548,25374,2174
27549,25375,2174
27550,25376,2174
27551,25377,2174
27552,25377,2175
27554,25379,2175
27556,25381,2175
27557,25382,2175
27558,25383,2175
27559,25384,2175
27561,25386,2175
27562,25387,2175
27563,25388,2175
27565,25389,2176
27566,25390,2176
27568,25392,2176
27570,25394,2176
27571,25395,2176
27572,25396,2176
27573,25397,2176
27575,25399,2176
27576,25400,2176
27577,25401,2176
27579,25403,2176
27580,25404,2176
27582,25406,2176
27584,25408,2176
27585,25409,2176
27586,25410,2176
27587,25411,2176
27589,25413,2176
27590,25414,2176
27591,25415,2176
27593,25417,2176
27594,25418,2176
27596,25420,2176
27598,25422,2176
27599,25423,2176
27600,25424,2176
27601,25425,2176
27603,25427,2176
27604,25428,2176
27605,25429,2176
27607,25431,2176
27608,25432,2176
27610,25434,2176
27612,25436,2176
27613,25437,2176
27614,25438,2176
27615,25439,2176
27617,25441,2176
27618,25442,2176
27619,25443,2176
27621,25445,2176
27622,25446,2176
27624,25448,2176
27626,25450,2176
27627,25451,2176
27628,25452,2176
27629,25453,2176
27631,25455,2176
27632,25456,2176
27633,25457,2176
27635,25459,2176
27636,25460,2176
27638,25462,2176
27640,25464,2176
27641,25465,2176
27642,25466,2176
27643,25467,2176
27645,25469,2176
27646,25470,2176
27647,25471,2176
27649,25473,2176
27650,25474,2176
27652,25476,2176
27654,25478,2176
27655,25479,2176
27656,25480,2176
27657,25481,2176
27659,25483,2176
27660,25484,2176
27661,25485,2176
27663,25487,2176
27664,25488,2176
27666,25490,2176
27668,25492,2176
27669,25493,2176
27670,25494,2176
27671,25495,2176
27673,25497,2176
27674,25498,2176
27675,25499,2176
27677,25501,2176
27678,25502,2176
27680,25504,2176
27682,25506,2176
27683,25507,2176
27684,25508,2176
27685,25509,2176
27687,25511,2176
27688,25512,2176
27689,25513,2176
27691,25515,2176
27692,25516,2176
27694,25518,2176
27696,25520,2176
27697,25521,2176
27698,25522,2176
27699,25523,2176
27701,25525,2176
27702,25526,2176
27703,25527,2176
27705,25529,2176
27706,25530,2176
27708,25532,2176
27710,25534,2176
27711,25535,2176
27712,25536,2176
27713,25537,2176
27715,25539,2176
27716,25540,2176
27717,25541,2176
27719,25543,2176
27720,25544,2176
27722,25546,2176
27724,25548,2176
27725,25549,2176
27726,25550,2176
27727,25551,2176
27729,25553,2176
27730,25554,2176
27731,25555,2176
27733,25557,2176
27734,25558,2176
27736,25560,2176
27738,25562,2176
27739,25563,2176
27740,25564,2176
27741,25565,2176
27743,25567,2176
27744,25568,2176
27745,25569,2176
27747,25571,2176
27748,25572,2176
27750,25574,2176
27752,25576,2176
27753,25577,2176
27754,25578,2176
27755,25579,2176
27757,25581,2176
27758,25582,2176
27759,25583,2176
27761,25585,2176
27762,25586,2176
27764,25588,2176
27766,25590,2176
27767,25591,2176
27768,25592,2176
27769,25593,2176
27771,25595,2176
27772,25596,2176
27773,25597,2176
27775,25599,2176
27776,25600,2176
27778,25602,2176
27780,25604,2176
27781,25605,2176
27782,25606,2176
27783,25607,2176
27785,25609,2176
27786,25610,2176
27787,25611,2176
27789,25613,2176
27790,25614,2176
27792,25616,2176
27794,25618,2176
27795,25619,2176
27796,25620,2176
27797,25621,2176
27799,25623,2176
27800,25624,2176
27801,25625,2176
27803,25627,2176
27804,25628,2176
27806,25630,2176
27808,25632,2176
27809,25633,2176
27810,25634,2176
27811,25635,2176
27813,25637,2176
27814,25638,2176
27815,25639,2176
27817,25641,2176
27818,25642,2176
27820,25644,2176
27822,25646,2176
27823,25647,2176
27824,25648,2176
27825,25649,2176
27827,25651,2176
27828,25652,2176
27829,25653,2176
27831,25655,2176
27832,25656,2176
27834,25658,2176
27836,25660,2176
27837,25661,2176
27838,25662,2176
27839,25663,2176
27841,25665,2176
27842,25666,2176
27843,25667,2176
27845,25669,2176
27846,25670,2176
27848,25672,2176
27850,25674,2176
27851,25675,2176
27852,25676,2176
27853,25677,2176
27855,25679,2176
27856,25680,2176
27857,25681,2176
27859,25683,2176
27860,25684,2176
27862,25686,2176
27864,25688,2176
27865,25689,2176
27866,25690,2176
27867,25690,2177
27868,25691,2177
27869,25692,2177
27870,25693,2177
27871,25693,2178
27872,25694,2178
27873,25695,2178
27874,25696,2178
27875,25697,2178
27877,25698,2179
27878,25698,2180
27880,25700,2180
27882,25701,2181
27883,25702,2181
27884,25703,2181
27885,25704,2181
27886,25705,2181
27887,25706,2181
27888,25706,2182
27889,25707,2182
27891,25708,2183
27892,25709,2183
27894,25711,2183
27895,25712,2183
27897,25714,2183
27899,25716,2183
27900,25717,2183
27901,25718,2183
27903,25720,2183
27904,25721,2183
27905,25722,2183
27907,25724,2183
27909,25725,2184
27910,25726,2184
27911,25727,2184
27912,25728,2184
27914,25730,2184
27915,25731,2184
27916,25732,2184
27917,25733,2184
27919,25734,2185
27920,25735,2185
27921,25736,2185
27923,25738,2185
27925,25739,2186
27927,25741,2186
27928,25742,2186
27929,25743,2186
27931,25744,2187
27932,25745,2187
27933,25746,2187
27934,25747,2187
27936,25748,2188
27937,25749,2188
27938,25750,2188
27940,25751,2189
27941,25752,2189
27942,25753,2189
27943,25754,2189
27944,25755,2189
27946,25756,2190
27947,25757,2190
27949,25759,2190
27951,25760,2191
27952,25761,2191
27953,25762,2191
27955,25764,2191
27956,25765,2191
27958,25767,2191
27960,25769,2191
27961,25770,2191
27962,25770,2192
27963,25770,2193
27964,25771,2193
27966,25772,2194
27967,25773,2194
27968,25774,2194
27969,25775,2194
27971,25777,2194
27972,25778,2194
27973,25779,2194
27974,25780,2194
27975,25781,2194
27977,25782,2195
27978,25783,2195
27979,25784,2195
27980,25785,2195
27982,25786,2196
27983,25787,2196
27984,25788,2196
27985,25789,2196
27986,25790,2196
27987,25791,2196
27988,25792,2196
27989,25793,2196
27990,25794,2196
27991,25795,2196
27993,25797,2196
27994,25798,2196
27995,25799,2196
27996,25800,2196
27997,25801,2196
27998,25802,2196
27999,25803,2196
28001,25805,2196
28003,25807,2196
28004,25808,2196
28005,25809,2196
28006,25810,2196
28008,25812,2196
28009,25813,2196
28010,25814,2196
28011,25815,2196
28013,25817,2196
28014,25818,2196
28015,25819,2196
28016,25820,2196
28017,25821,2196
28018,25822,2196
28020,25824,2196
28021,25825,2196
28022,25826,2196
28023,25827,2196
28025,25829,2196
28026,25830,2196
28027,25831,2196
28028,25832,2196
28029,25833,2196
28030,25834,2196
28031,25835,2196
28032,25836,2196
28033,25837,2196
28034,25838,2196
28035,25839,2196
28037,25840,2197
28038,25841,2197
28039,25842,2197
28040,25843,2197
28042,25844,2198
28043,25845,2198
28044,25846,2198
28045,25847,2198
28046,25848,2198
28048,25849,2199
28049,25850,2199
28050,25851,2199
28051,25852,2199
28052,25853,2199
28053,25854,2199
28054,25855,2199
28055,25856,2199
28056,25857,2199
28057,25858,2199
28058,25859,2199
28059,25860,2199
28060,25861,2199
28061,25862,2199
28062,25863,2199
28063,25864,2199
28065,25865,2200
28067,25867,2200
28068,25868,2200
28069,25869,2200
28070,25870,2200
28071,25871,2200
28072,25872,2200
28073,25873,2200
28074,25874,2200
28075,25875,2200
28076,25876,2200
28078,25877,2201
28079,25878,2201
28080,25879,2201
28081,25880,2201
28082,25881,2201
28083,25882,2201
28084,25883,2201
28085,25884,2201
28086,25885,2201
28087,25886,2201
28088,25887,2201
28089,25888,2201
28090,25889,2201
28091,25890,2201
28092,25891,2201
28093,25892,2201
28094,25893,2201
28096,25895,2201
28097,25896,2201
28098,25897,2201
28099,25898,2201
28100,25899,2201
28101,25900,2201
28102,25901,2201
28103,25902,2201
28105,25904,2201
28107,25905,2202
28108,25906,2202
28109,25907,2202
28110,25908,2202
28111,25909,2202
28112,25910,2202
28114,25912,2202
28115,25913,2202
28117,25915,2202
28119,25917,2202
28120,25918,2202
28121,25919,2202
28122,25920,2202
28123,25921,2202
28124,25922,2202
28125,25923,2202
28126,25924,2202
28128,25926,2202
28129,25927,2202
28130,25928,2202
28131,25929,2202
28133,25931,2202
28135,25933,2202
28136,25934,2202
28137,25935,2202
28139,25937,2202
28140,25938,2202
28141,25939,2202
28143,25941,2202
28145,25942,2203
28146,25943,2203
28147,25944,2203
28148,25945,2203
28150,25947,2203
28151,25948,2203
28152,25949,2203
28153,25950,2203
28155,25952,2203
28156,25953,2203
28157,25954,2203
28159,25956,2203
28161,25958,2203
28163,25960,2203
28164,25961,2203
28165,25962,2203
28167,25964,2203
28168,25965,2203
28169,25966,2203
28170,25967,2203
28172,25969,2203
28173,25970,2203
28174,25971,2203
28176,25973,2203
28177,25974,2203
28178,25975,2203
28179,25976,2203
28180,25977,2203
28182,25979,2203
28183,25980,2203
28185,25982,2203
28187,25984,2203
28188,25985,2203
28189,25986,2203
28191,25988,2203
28192,25989,2203
28194,25991,2203
28196,25993,2203
28197,25994,2203
28198,25995,2203
28200,25997,2203
28202,25999,2203
28203,26000,2203
28204,26001,2203
28206,26003,2203
28207,26004,2203
28209,26006,2203
28211,26008,2203
28212,26009,2203
28213,26010,2203
28215,26012,2203
28216,26013,2203
28218,26015,2203
28219,26016,2203
28220,26017,2203
28222,26019,2203
28224,26021,2203
28225,26022,2203
28226,26023,2203
28227,26024,2203
28228,26025,2203
28229,26026,2203
28231,26028,2203
28232,26029,2203
28233,26030,2203
28234,26031,2203
28236,26033,2203
28237,26034,2203
28238,26035,2203
28240,26037,2203
28241,26038,2203
28242,26039,2203
28244,26041,2203
28246,26043,2203
28247,26044,2203
28248,26045,2203
28249,26046,2203
28250,26047,2203
28251,26048,2203
28252,26049,2203
28253,26050,2203
28254,26051,2203
28256,26053,2203
28257,26054,2203
28258,26055,2203
28260,26057,2203
28261,26058,2203
28263,26058,2205
28264,26059,2205
28265,26060,2205
28267,26062,2205
28268,26063,2205
28269,26064,2205
28270,26065,2205
28272,26067,2205
28273,26068,2205
28274,26069,2205
28276,26070,2206
28278,26072,2206
28279,26073,2206
28280,26074,2206
28281,26075,2206
28283,26077,2206
28284,26078,2206
28286,26079,2207
28287,26080,2207
28288,26081,2207
28290,26083,2207
28291,26084,2207
28292,26085,2207
28293,26086,2207
28295,26088,2207
28297,26089,2208
28298,26090,2208
28299,26091,2208
28300,26092,2208
28302,26094,2208
28303,26095,2208
28304,26096,2208
28305,26097,2208
28307,26099,2208
28308,26100,2208
28309,26101,2208
28310,26102,2208
28311,26103,2208
28312,26104,2208
28314,26106,2208
28315,26107,2208
28316,26108,2208
28317,26109,2208
28318,26110,2208
28320,26112,2208
28321,26113,2208
28322,26114,2208
28323,26115,2208
28325,26117,2208
28326,26118,2208
28327,26119,2208
28329,26121,2208
28330,26122,2208
28331,26123,2208
28332,26124,2208
28333,26125,2208
28335,26127,2208
28337,26129,2208
28338,26130,2208
28339,26131,2208
28340,26132,2208
28341,26133,2208
28342,26134,2208
28344,26136,2208
28345,26137,2208
28346,26138,2208
28347,26139,2208
28348,26140,2208
28349,26141,2208
28351,26143,2208
28352,26144,2208
28353,26145,2208
28354,26146,2208
28355,26147,2208
28356,26148,2208
28358,26150,2208
28359,26151,2208
28360,26152,2208
28361,26153,2208
28362,26154,2208
28363,26155,2208
28365,26157,2208
28366,26158,2208
28367,26159,2208
28368,26160,2208
28369,26161,2208
28370,26162,2208
28371,26163,2208
28372,26164,2208
28373,26165,2208
28374,26166,2208
28375,26167,2208
28376,26168,2208
28378,26170,2208
28379,26171,2208
28380,26172,2208
28381,26173,2208
28382,26174,2208
28384,26176,2208
28385,26177,2208
28386,26178,2208
28388,26180,2208
28389,26181,2208
28390,26182,2208
28391,26183,2208
28393,26185,2208
28394,26186,2208
28396,26188,2208
28397,26189,2208
28399,26191,2208
28400,26192,2208
28402,26194,2208
28404,26196,2208
28406,26198,2208
28407,26199,2208
28409,26201,2208
28410,26202,2208
28412,26204,2208
28413,26205,2208
28414,26206,2208
28415,26207,2208
28417,26209,2208
28418,26210,2208
28419,26211,2208
28420,26212,2208
28422,26214,2208
28423,26215,2208
28424,26216,2208
28425,26217,2208
28427,26219,2208
28428,26220,2208
28430,26222,2208
28431,26223,2208
28432,26224,2208
28433,26225,2208
28434,26226,2208
28435,26227,2208
28436,26228,2208
28438,26230,2208
28439,26231,2208
28440,26232,2208
28441,26233,2208
28442,26234,2208
28443,26235,2208
28444,26236,2208
28445,26237,2208
28447,26239,2208
28448,26240,2208
28449,26241,2208
28450,26242,2208
28452,26244,2208
28454,26246,2208
28455,26247,2208
28456,26248,2208
28457,26249,2208
28458,26250,2208
28459,26251,2208
28461,26253,2208
28462,26254,2208
28463,26255,2208
28464,26256,2208
28465,26257,2208
28467,26259,2208
28469,26261,2208
28470,26262,2208
28472,26264,2208
28473,26265,2208
28475,26267,2208
28476,26268,2208
28478,26270,2208
28479,26271,2208
28481,26273,2208
28482,26274,2208
28484,26276,2208
28485,26277,2208
28487,26279,2208
28489,26281,2208
28490,26282,2208
28491,26283,2208
28492,26284,2208
28493,26285,2208
28494,26286,2208
28496,26288,2208
28497,26289,2208
28498,26290,2208
28499,26291,2208
28501,26293,2208
28502,26294,2208
28503,26295,2208
28505,26297,2208
28506,26298,2208
28507,26299,2208
28508,26300,2208
28509,26301,2208
28510,26302,2208
28512,26304,2208
28513,26305,2208
28515,26307,2208
28516,26308,2208
28517,26309,2208
28518,26310,2208
28519,26311,2208
28520,26312,2208
28522,26314,2208
28523,26315,2208
28524,26316,2208
28525,26317,2208
28526,26318,2208
28528,26320,2208
28529,26321,2208
28531,26323,2208
28532,26324,2208
28534,26326,2208
28535,26327,2208
28536,26328,2208
28537,26329,2208
28539,26331,2208
28540,26332,2208
28541,26333,2208
28543,26335,2208
28544,26336,2208
28545,26337,2208
28546,26338,2208
28547,26339,2208
28548,26340,2208
28550,26342,2208
28551,26343,2208
28552,26344,2208
28553,26345,2208
28555,26347,2208
28556,26348,2208
28557,26349,2208
28558,26350,2208
28559,26351,2208
28560,26352,2208
28561,26353,2208
28563,26355,2208
28564,26356,2208
28565,26357,2208
28566,26358,2208
28568,26360,2208
28569,26361,2208
28570,26362,2208
28571,26363,2208
28572,26364,2208
28573,26364,2209
28574,26365,2209
28576,26367,2209
28577,26368,2209
28579,26370,2209
28581,26371,2210
28582,26372,2210
28583,26373,2210
28584,26374,2210
28586,26375,2211
28587,26376,2211
28588,26377,2211
28589,26378,2211
28591,26379,2212
28592,26380,2212
28593,26381,2212
28595,26383,2212
28596,26384,2212
28597,26385,2212
28598,26386,2212
28600,26388,2212
28601,26389,2212
28602,26390,2212
28603,26391,2212
28604,26392,2212
28606,26393,2213
28607,26394,2213
28608,26395,2213
28610,26397,2213
28611,26398,2213
28612,26399,2213
28613,26400,2213
28615,26402,2213
28616,26403,2213
28617,26404,2213
28618,26405,2213
28619,26406,2213
28620,26407,2213
28621,26408,2213
28623,26410,2213
28625,26412,2213
28626,26413,2213
28627,26414,2213
28628,26415,2213
28629,26416,2213
28630,26417,2213
28632,26419,2213
28633,26420,2213
28634,26421,2213
28635,26422,2213
28637,26424,2213
28638,26425,2213
28639,26426,2213
28640,26427,2213
28641,26428,2213
28642,26429,2213
28643,26430,2213
28645,26432,2213
28646,26433,2213
28647,26434,2213
28648,26435,2213
28650,26437,2213
28651,26438,2213
28652,26439,2213
28653,26440,2213
28654,26441,2213
28655,26442,2213
28656,26443,2213
28658,26445,2213
28659,26446,2213
28661,26448,2213
28663,26450,2213
28664,26451,2213
28665,26452,2213
28666,26453,2213
28668,26455,2213
28669,26456,2213
28670,26457,2213
28671,26458,2213
28673,26460,2213
28674,26461,2213
28675,26462,2213
28677,26464,2213
28678,26465,2213
28679,26466,2213
28680,26467,2213
28682,26469,2213
28683,26470,2213
28684,26471,2213
28685,26472,2213
28686,26473,2213
28688,26475,2213
28689,26476,2213
28690,26477,2213
28692,26479,2213
28693,26480,2213
28694,26481,2213
28695,26482,2213
28697,26484,2213
28698,26485,2213
28699,26486,2213
28700,26487,2213
28701,26488,2213
28702,26489,2213
28703,26490,2213
28705,26492,2213
28706,26493,2213
28708,26495,2213
28709,26496,2213
28711,26498,2213
28712,26499,2213
28714,26501,2213
28715,26502,2213
28716,26503,2213
28717,26504,2213
28719,26506,2213
28721,26508,2213
28722,26509,2213
28723,26510,2213
28724,26511,2213
28725,26512,2213
28726,26513,2213
28727,26514,2213
28729,26516,2213
28730,26517,2213
28731,26518,2213
28732,26519,2213
28733,26520,2213
28734,26521,2213
28736,26523,2213
28737,26524,2213
28738,26525,2213
28739,26526,2213
28740,26527,2213
28742,26529,2213
28743,26530,2213
28745,26532,2213
28746,26533,2213
28748,26535,2213
28749,26536,2213
28750,26537,2213
28751,26538,2213
28753,26540,2213
28754,26541,2213
28755,26542,2213
28757,26544,2213
28758,26545,2213
28759,26546,2213
28760,26547,2213
28761,26548,2213
28762,26549,2213
28764,26551,2213
28765,26552,2213
28766,26553,2213
28767,26554,2213
28769,26556,2213
28770,26557,2213
28771,26558,2213
28772,26559,2213
28773,26560,2213
28774,26561,2213
28775,26562,2213
28777,26564,2213
28778,26565,2213
28779,26566,2213
28780,26567,2213
28782,26569,2213
28783,26570,2213
28784,26571,2213
28785,26572,2213
28786,26573,2213
28787,26574,2213
28788,26575,2213
28790,26577,2213
28791,26578,2213
28793,26580,2213
28795,26582,2213
28796,26583,2213
28797,26584,2213
28798,26585,2213
28800,26587,2213
28801,26588,2213
28802,26589,2213
28803,26590,2213
28805,26592,2213
28806,26593,2213
28807,26594,2213
28809,26596,2213
28810,26597,2213
28811,26598,2213
28812,26599,2213
28814,26601,2213
28815,26602,2213
28816,26603,2213
28817,26604,2213
28818,26605,2213
28820,26607,2213
28821,26608,2213
28822,26609,2213
28824,26611,2213
28825,26612,2213
28826,26613,2213
28827,26614,2213
28829,26616,2213
28830,26617,2213
28831,26618,2213
28832,26619,2213
28833,26620,2213
28834,26621,2213
28835,26622,2213
28837,26624,2213
28839,26626,2213
28840,26627,2213
28841,26628,2213
28842,26629,2213
28843,26630,2213
28844,26631,2213
28846,26633,2213
28847,26634,2213
28848,26635,2213
28849,26636,2213
28851,26638,2213
28852,26639,2213
28853,26640,2213
28854,26641,2213
28855,26642,2213
28856,26643,2213
28857,26644,2213
28859,26646,2213
28860,26647,2213
28861,26648,2213
28862,26649,2213
28864,26651,2213
28865,26652,2213
28866,26653,2213
28867,26654,2213
28868,26655,2213
28869,26656,2213
28870,26657,2213
28872,26659,2213
28873,26660,2213
28875,26662,2213
28877,26664,2213
28878,26665,2213
28879,26666,2213
28880,26667,2213
28882,26669,2213
28883,26670,2213
28884,26671,2213
28885,26672,2213
28887,26674,2213
28888,26675,2213
28889,26676,2213
28891,26678,2213
28892,26679,2213
28893,26680,2213
28894,26681,2213
28896,26683,2213
28897,26684,2213
28898,26685,2213
28899,26686,2213
28900,26687,2213
28902,26689,2213
28903,26690,2213
28904,26691,2213
28906,26693,2213
28907,26694,2213
28908,26695,2213
28909,26696,2213
28911,26698,2213
28912,26699,2213
28913,26700,2213
28914,26701,2213
28915,26702,2213
28916,26703,2213
28918,26705,2213
28920,26707,2213
28921,26708,2213
28922,26709,2213
28923,26710,2213
28924,26711,2213
28925,26712,2213
28927,26714,2213
28928,26715,2213
28929,26716,2213
28930,26717,2213
28932,26719,2213
28933,26720,2213
28935,26721,2214
28937,26723,2214
28938,26724,2214
28939,26725,2214
28940,26726,2214
28941,26727,2214
28943,26729,2214
28944,26730,2214
28945,26731,2214
28946,26732,2214
28948,26734,2214
28949,26735,2214
28950,26736,2214
28952,26738,2214
28953,26739,2214
28954,26740,2214
28955,26741,2214
28957,26743,2214
28958,26744,2214
28959,26745,2214
28960,26746,2214
28961,26747,2214
28962,26748,2214
28963,26749,2214
28965,26751,2214
28966,26752,2214
28967,26753,2214
28968,26754,2214
28970,26756,2214
28971,26757,2214
28972,26758,2214
28973,26759,2214
28974,26760,2214
28975,26760,2215
28976,26761,2215
28978,26762,2216
28979,26763,2216
28981,26765,2216
28983,26766,2217
28984,26767,2217
28985,26768,2217
28986,26769,2217
28988,26770,2218
28989,26771,2218
28990,26772,2218
28991,26773,2218
28993,26774,2219
28994,26775,2219
28996,26776,2220
28997,26777,2220
28998,26778,2220
29000,26779,2221
29001,26780,2221
29003,26781,2222
29004,26782,2222
29006,26783,2223
29007,26784,2223
29008,26785,2223
29009,26786,2223
29011,26788,2223
29013,26789,2224
29015,26790,2225
29016,26791,2225
29017,26792,2225
29019,26793,2226
29020,26794,2226
29021,26795,2226
29022,26796,2226
29024,26797,2227
29025,26798,2227
29026,26799,2227
29028,26800,2228
29029,26801,2228
29030,26802,2228
29031,26803,2228
29033,26805,2228
29034,26806,2228
29035,26807,2228
29036,26808,2228
29038,26810,2228
29039,26811,2228
29040,26812,2228
29041,26813,2228
29042,26814,2228
29043,26815,2228
29044,26816,2228
29045,26817,2228
29047,26819,2228
29048,26820,2228
29049,26821,2228
29050,26822,2228
29052,26823,2229
29053,26824,2229
29054,26825,2229
29056,26827,2229
29057,26828,2229
29059,26830,2229
29060,26831,2229
29062,26833,2229
29063,26834,2229
29065,26836,2229
29066,26837,2229
29067,26838,2229
29068,26839,2229
29069,26840,2229
29071,26842,2229
29072,26843,2229
29074,26845,2229
29075,26846,2229
29077,26848,2229
29079,26850,2229
29081,26852,2229
29082,26853,2229
29084,26855,2229
29085,26856,2229
29087,26858,2229
29088,26859,2229
29090,26861,2229
29091,26862,2229
29093,26864,2229
29094,26865,2229
29095,26866,2229
29096,26867,2229
29097,26868,2229
29098,26869,2229
29099,26870,2229
29100,26871,2229
29101,26872,2229
29103,26874,2229
29104,26875,2229
29105,26876,2229
29106,26877,2229
29107,26878,2229
29108,26879,2229
29110,26881,2229
29111,26882,2229
29112,26883,2229
29113,26884,2229
29114,26885,2229
29115,26886,2229
29117,26888,2229
29118,26889,2229
29119,26890,2229
29120,26891,2229
29121,26892,2229
29122,26893,2229
29123,26894,2229
29124,26895,2229
29125,26896,2229
29126,26897,2229
29127,26898,2229
29128,26899,2229
29130,26901,2229
29132,26903,2229
29133,26904,2229
29134,26905,2229
29136,26907,2229
29137,26908,2229
29138,26909,2229
29139,26910,2229
29141,26912,2229
29142,26913,2229
29143,26914,2229
29144,26915,2229
29145,26916,2229
29146,26917,2229
29148,26919,2229
29149,26920,2229
29150,26921,2229
29151,26922,2229
29153,26924,2229
29154,26925,2229
29155,26926,2229
29156,26927,2229
29157,26928,2229
29158,26929,2229
29160,26931,2229
29161,26932,2229
29162,26933,2229
29163,26934,2229
29165,26936,2229
29166,26937,2229
29167,26938,2229
29168,26939,2229
29169,26940,2229
29171,26942,2229
29172,26943,2229
29173,26944,2229
29174,26945,2229
29175,26946,2229
29177,26948,2229
29178,26949,2229
29179,26950,2229
29180,26951,2229
29181,26952,2229
29183,26954,2229
29184,26955,2229
29185,26956,2229
29187,26958,2229
29188,26959,2229
29190,26961,2229
29191,26962,2229
29192,26963,2229
29193,26964,2229
29194,26965,2229
29196,26967,2229
29197,26968,2229
29198,26969,2229
29200,26971,2229
29201,26972,2229
29203,26974,2229
29204,26975,2229
29205,26976,2229
29206,26977,2229
29207,26978,2229
29209,26980,2229
29210,26981,2229
29211,26982,2229
29213,26984,2229
29214,26985,2229
29216,26987,2229
29217,26988,2229
29218,26989,2229
29219,26990,2229
29220,26991,2229
29222,26993,2229
29223,26994,2229
29224,26995,2229
29226,26997,2229
29227,26998,2229
29229,27000,2229
29230,27001,2229
29231,27002,2229
29232,27003,2229
29233,27004,2229
29235,27006,2229
29236,27007,2229
29237,27008,2229
29239,27010,2229
29240,27011,2229
29242,27013,2229
29243,27014,2229
29244,27015,2229
29245,27016,2229
29246,27017,2229
29248,27019,2229
29249,27020,2229
29250,27021,2229
29252,27023,2229
29253,27024,2229
29255,27026,2229
29256,27027,2229
29257,27028,2229
29258,27029,2229
29259,27030,2229
29261,27032,2229
29262,27033,2229
29263,27034,2229
29265,27036,2229
29266,27037,2229
29268,27039,2229
29269,27040,2229
29270,27041,2229
29271,27042,2229
29272,27043,2229
29274,27045,2229
29275,27046,2229
29276,27047,2229
29278,27049,2229
29279,27050,2229
29281,27052,2229
29282,27053,2229
29283,27054,2229
29284,27055,2229
29285,27056,2229
29287,27058,2229
29288,27059,2229
29289,27060,2229
29291,27062,2229
29292,27063,2229
29294,27065,2229
29295,27066,2229
29296,27067,2229
29297,27068,2229
29298,27069,2229
29300,27071,2229
29301,27072,2229
29302,27073,2229
29304,27075,2229
29305,27076,2229
29307,27078,2229
29308,27079,2229
29309,27080,2229
29310,27081,2229
29311,27082,2229
29313,27084,2229
29314,27085,2229
29315,27086,2229
29317,27088,2229
29318,27089,2229
29320,27091,2229
29321,27092,2229
29322,27093,2229
29323,27094,2229
29324,27095,2229
29326,27097,2229
29327,27098,2229
29328,27099,2229
29330,27101,2229
29331,27102,2229
29333,27104,2229
29334,27105,2229
29335,27106,2229
29336,27107,2229
29337,27108,2229
29339,27110,2229
29340,27111,2229
29341,27112,2229
29343,27114,2229
29344,27115,2229
29346,27117,2229
29347,27118,2229
29348,27119,2229
29349,27120,2229
29350,27121,2229
29352,27123,2229
29353,27124,2229
29354,27125,2229
29356,27127,2229
29357,27128,2229
29359,27130,2229
29360,27131,2229
29361,27132,2229
29362,27133,2229
29363,27134,2229
29365,27136,2229
29366,27137,2229
29367,27138,2229
29369,27140,2229
29370,27141,2229
29372,27143,2229
29373,27144,2229
29374,27145,2229
29375,27146,2229
29376,27147,2229
29378,27149,2229
29379,27150,2229
29380,27151,2229
29382,27153,2229
29383,27154,2229
29385,27156,2229
29386,27157,2229
29387,27158,2229
29388,27159,2229
29389,27160,2229
29391,27162,2229
29392,27163,2229
29393,27164,2229
29395,27166,2229
29396,27167,2229
29398,27169,2229
29399,27170,2229
29400,27171,2229
29401,27172,2229
29402,27173,2229
29404,27175,2229
29405,27176,2229
29406,27177,2229
29408,27179,2229
29409,27180,2229
29411,27182,2229
29412,27183,2229
29413,27184,2229
29414,27185,2229
29415,27186,2229
29417,27188,2229
29418,27189,2229
29419,27190,2229
29421,27192,2229
29422,27193,2229
29424,27195,2229
29425,27196,2229
29426,27197,2229
29427,27198,2229
29428,27199,2229
29430,27201,2229
29431,27202,2229
29432,27203,2229
29434,27205,2229
29435,27206,2229
29437,27208,2229
29438,27209,2229
29439,27210,2229
29440,27211,2229
29441,27212,2229
29443,27214,2229
29444,27215,2229
29445,27216,2229
29447,27218,2229
29448,27219,2229
29450,27221,2229
29451,27222,2229
29452,27223,2229
29453,27224,2229
29454,27225,2229
29456,27227,2229
29457,27228,2229
29458,27229,2229
29460,27231,2229
29461,27232,2229
29463,27234,2229
29464,27235,2229
29465,27236,2229
29466,27237,2229
29467,27238,2229
29469,27240,2229
29470,27241,2229
29471,27242,2229
29473,27244,2229
29474,27245,2229
29476,27247,2229
29477,27248,2229
29478,27249,2229
29479,27250,2229
29480,27251,2229
29482,27253,2229
29483,27254,2229
29484,27255,2229
29486,27257,2229
29487,27258,2229
29489,27260,2229
29490,27261,2229
29491,27262,2229
29492,27263,2229
29493,27264,2229
29494,27265,2229
29495,27266,2229
29496,27267,2229
29498,27269,2229
29499,27270,2229
29500,27271,2229
29501,27272,2229
29503,27274,2229
29504,27275,2229
29505,27276,2229
29506,27277,2229
29507,27278,2229
29508,27279,2229
29509,27280,2229
29510,27281,2229
29511,27282,2229
29512,27283,2229
29514,27285,2229
29515,27286,2229
29516,27287,2229
29517,27288,2229
29518,27289,2229
29519,27290,2229
29520,27291,2229
29522,27293,2229
29524,27295,2229
29525,27296,2229
29526,27297,2229
29527,27298,2229
29529,27300,2229
29530,27301,2229
29531,27302,2229
29532,27303,2229
29534,27305,2229
29535,27306,2229
29536,27307,2229
29537,27308,2229
29538,27309,2229
29539,27310,2229
29541,27312,2229
29542,27313,2229
29543,27314,2229
29544,27315,2229
29546,27317,2229
29547,27318,2229
29548,27319,2229
29549,27320,2229
29550,27321,2229
29551,27322,2229
29552,27323,2229
29553,27324,2229
29554,27325,2229
29555,27326,2229
29556,27327,2229
29558,27329,2229
29559,27330,2229
29560,27331,2229
29561,27332,2229
29563,27334,2229
29564,27335,2229
29565,27336,2229
29566,27337,2229
29568,27338,2230
29570,27340,2230
29571,27341,2230
29572,27342,2230
29573,27343,2230
29574,27344,2230
29575,27345,2230
29576,27346,2230
29577,27347,2230
29578,27348,2230
29579,27349,2230
29580,27350,2230
29581,27351,2230
29582,27352,2230
29583,27353,2230
29584,27354,2230
29586,27356,2230
29587,27357,2230
29588,27358,2230
29589,27359,2230
29590,27360,2230
29591,27361,2230
29592,27362,2230
29593,27363,2230
29595,27364,2231
29597,27366,2231
29598,27367,2231
29599,27368,2231
29600,27369,2231
29601,27370,2231
29602,27371,2231
29603,27372,2231
29604,27373,2231
29605,27374,2231
29606,27375,2231
29608,27377,2231
29609,27378,2231
29610,27379,2231
29611,27380,2231
29612,27381,2231
29613,27382,2231
29614,27383,2231
29615,27384,2231
29616,27385,2231
29617,27386,2231
29618,27387,2231
29619,27388,2231
29620,27389,2231
29621,27390,2231
29622,27391,2231
29624,27393,2231
29625,27394,2231
29627,27396,2231
29628,27397,2231
29629,27398,2231
29630,27399,2231
29631,27400,2231
29632,27401,2231
29634,27402,2232
29636,27404,2232
29637,27405,2232
29638,27406,2232
29639,27407,2232
29640,27408,2232
29641,27409,2232
29642,27410,2232
29643,27411,2232
29645,27413,2232
29647,27414,2233
29648,27415,2233
29649,27416,2233
29650,27417,2233
29651,27418,2233
29652,27419,2233
29654,27421,2233
29655,27422,2233
29656,27423,2233
29658,27425,2233
29659,27426,2233
29660,27427,2233
29661,27428,2233
29662,27429,2233
29663,27430,2233
29664,27431,2233
29665,27432,2233
29667,27434,2233
29668,27435,2233
29669,27436,2233
29670,27437,2233
29672,27439,2233
29673,27439,2234
29674,27440,2234
29675,27441,2234
29677,27443,2234
29678,27444,2234
29679,27445,2234
29681,27447,2234
29682,27447,2235
29683,27448,2235
29684,27449,2235
29685,27450,2235
29687,27452,2235
29688,27453,2235
29689,27454,2235
29690,27455,2235
29692,27457,2235
29694,27459,2235
29695,27459,2236
29696,27460,2236
29697,27461,2236
29699,27461,2238
29700,27462,2238
29702,27464,2238
29704,27465,2239
29705,27466,2239
29706,27467,2239
29708,27469,2239
29709,27470,2239
29710,27471,2239
29711,27472,2239
29712,27473,2239
29713,27474,2239
29714,27475,2239
29715,27476,2239
29716,27477,2239
29717,27478,2239
29719,27480,2239
29720,27481,2239
29721,27482,2239
29723,27484,2239
29724,27485,2239
29725,27486,2239
29727,27488,2239
29729,27489,2240
29730,27490,2240
29731,27491,2240
29733,27491,2242
29734,27492,2242
29735,27493,2242
29736,27494,2242
29737,27495,2242
29739,27497,2242
29740,27498,2242
29742,27499,2243
29743,27500,2243
29744,27501,2243
29745,27502,2243
29746,27503,2243
29748,27504,2244
29749,27505,2244
29750,27506,2244
29751,27507,2244
29753,27509,2244
29755,27510,2245
29756,27510,2246
29757,27511,2246
29758,27512,2246
29760,27513,2247
29761,27514,2247
29762,27515,2247
29763,27516,2247
29764,27517,2247
29765,27518,2247
29766,27519,2247
29767,27520,2247
29768,27521,2247
29770,27523,2247
29771,27524,2247
29772,27525,2247
29773,27526,2247
29774,27527,2247
29775,27528,2247
29776,27529,2247
29778,27531,2247
29780,27533,2247
29781,27534,2247
29782,27535,2247
29783,27536,2247
29785,27538,2247
29786,27539,2247
29787,27540,2247
29788,27541,2247
29790,27543,2247
29791,27544,2247
29792,27545,2247
29793,27546,2247
29794,27547,2247
29795,27548,2247
29797,27550,2247
29798,27551,2247
29799,27552,2247
29800,27553,2247
29802,27555,2247
29803,27556,2247
29804,27557,2247
29805,27558,2247
29806,27559,2247
29807,27560,2247
29808,27561,2247
29809,27562,2247
29810,27563,2247
29811,27564,2247
29812,27565,2247
29813,27566,2247
29815,27567,2248
29816,27568,2248
29817,27569,2248
29819,27570,2249
29821,27572,2249
29822,27573,2249
29823,27574,2249
29824,27575,2249
29825,27576,2249
29826,27577,2249
29828,27578,2250
29829,27579,2250
29830,27580,2250
29832,27581,2251
29833,27582,2251
29834,27583,2251
29835,27584,2251
29836,27585,2251
29837,27586,2251
29838,27587,2251
29840,27588,2252
29842,27588,2254
29843,27589,2254
29844,27590,2254
29845,27591,2254
29846,27592,2254
29848,27593,2255
29849,27594,2255
29850,27595,2255
29851,27596,2255
29853,27598,2255
29854,27599,2255
29856,27600,2256
29857,27601,2256
29859,27603,2256
29860,27604,2256
29862,27606,2256
29863,27607,2256
29864,27608,2256
29866,27610,2256
29867,27611,2256
29868,27612,2256
29870,27614,2256
29871,27615,2256
29872,27616,2256
29873,27617,2256
29875,27619,2256
29876,27620,2256
29878,27622,2256
29879,27623,2256
29880,27624,2256
29881,27625,2256
29883,27627,2256
29885,27628,2257
29886,27629,2257
29887,27630,2257
29888,27631,2257
29889,27632,2257
29891,27634,2257
29892,27635,2257
29893,27636,2257
29894,27637,2257
29895,27638,2257
29896,27639,2257
29898,27641,2257
29899,27642,2257
29900,27643,2257
29901,27644,2257
29903,27646,2257
29904,27647,2257
29905,27648,2257
29906,27649,2257
29907,27650,2257
29908,27651,2257
29910,27653,2257
29911,27654,2257
29912,27655,2257
29913,27656,2257
29914,27657,2257
29915,27658,2257
29917,27660,2257
29918,27661,2257
29919,27662,2257
29920,27663,2257
29921,27664,2257
29923,27665,2258
29924,27666,2258
29925,27667,2258
29926,27668,2258
29928,27670,2258
29930,27671,2259
29931,27672,2259
29933,27674,2259
29934,27675,2259
29936,27676,2260
29938,27676,2262
29939,27677,2262
29940,27678,2262
29941,27679,2262
29942,27680,2262
29944,27681,2263
29945,27682,2263
29946,27683,2263
29947,27684,2263
29949,27685,2264
29950,27686,2264
29951,27687,2264
29952,27688,2264
29953,27689,2264
29954,27690,2264
29955,27691,2264
29956,27692,2264
29957,27693,2264
29958,27694,2264
29959,27695,2264
29960,27696,2264
29961,27697,2264
29962,27698,2264
29964,27700,2264
29965,27701,2264
29966,27702,2264
29968,27703,2265
29969,27704,2265
29970,27705,2265
29971,27706,2265
29973,27708,2265
29975,27710,2265
29976,27711,2265
29977,27712,2265
29978,27713,2265
29979,27714,2265
29981,27715,2266
29982,27716,2266
29983,27717,2266
29985,27719,2266
29987,27721,2266
29988,27722,2266
29989,27723,2266
29990,27724,2266
29991,27725,2266
29992,27726,2266
29993,27727,2266
29994,27728,2266
29996,27730,2266
29997,27731,2266
29998,27732,2266
30000,27733,2267
30001,27734,2267
30002,27735,2267
30004,27735,2269
30005,27736,2269
30007,27738,2269
30008,27739,2269
30010,27740,2270
30011,27741,2270
30012,27742,2270
30013,27743,2270
30015,27744,2271
30016,27745,2271
30017,27746,2271
30018,27747,2271
30019,27748,2271
30020,27749,2271
30021,27750,2271
30022,27751,2271
30024,27753,2271
30025,27754,2271
30026,27755,2271
30027,27756,2271
30029,27758,2271
30031,27760,2271
30032,27761,2271
30033,27762,2271
30034,27763,2271
30035,27764,2271
30037,27766,2271
30038,27767,2271
30039,27768,2271
30040,27769,2271
30041,27770,2271
30042,27771,2271
30044,27772,2272
30045,27773,2272
30046,27774,2272
30047,27775,2272
30049,27776,2273
30050,27777,2273
30051,27778,2273
30052,27779,2273
30054,27780,2274
30055,27781,2274
30056,27782,2274
30057,27783,2274
30058,27784,2274
30059,27785,2274
30061,27787,2274
30063,27788,2275
30064,27789,2275
30065,27790,2275
30066,27791,2275
30067,27792,2275
30069,27793,2276
30070,27794,2276
30071,27795,2276
30072,27796,2276
30073,27797,2276
30075,27798,2277
30076,27799,2277
30077,27800,2277
30079,27802,2277
30080,27803,2277
30081,27804,2277
30083,27805,2278
30084,27806,2278
30085,27806,2279
30086,27807,2279
30088,27808,2280
30090,27810,2280
30091,27811,2280
30092,27812,2280
30093,27813,2280
30094,27814,2280
30096,27816,2280
30098,27818,2280
30099,27819,2280
30101,27820,2281
30102,27821,2281
30104,27822,2282
30105,27823,2282
30106,27824,2282
30108,27825,2283
30109,27826,2283
30110,27827,2283
30111,27828,2283
30112,27829,2283
30113,27830,2283
30114,27831,2283
30116,27833,2283
30117,27834,2283
30118,27835,2283
30119,27836,2283
30121,27838,2283
30122,27839,2283
30123,27840,2283
30124,27841,2283
30125,27842,2283
30127,27844,2283
30128,27845,2283
30129,27846,2283
30130,27847,2283
30132,27848,2284
30133,27849,2284
30134,27849,2285
30135,27850,2285
30136,27851,2285
30137,27852,2285
30139,27853,2286
30140,27854,2286
30141,27855,2286
30142,27856,2286
30143,27857,2286
30145,27858,2287
30146,27859,2287
30147,27860,2287
30148,27861,2287
30149,27862,2287
30150,27863,2287
30151,27864,2287
30152,27865,2287
30154,27867,2287
30155,27868,2287
30156,27869,2287
30157,27870,2287
30159,27872,2287
30161,27874,2287
30162,27875,2287
30163,27876,2287
30164,27877,2287
30165,27878,2287
30166,27879,2287
30167,27880,2287
30168,27881,2287
30169,27882,2287
30170,27883,2287
30171,27884,2287
30172,27885,2287
30174,27886,2288
30175,27887,2288
30176,27888,2288
30177,27889,2288
30178,27890,2288
30180,27892,2288
30181,27893,2288
30182,27894,2288
30183,27895,2288
30184,27896,2288
30185,27897,2288
30186,27898,2288
30188,27900,2288
30189,27901,2288
30190,27902,2288
30191,27903,2288
30192,27904,2288
30194,27906,2288
30195,27907,2288
30196,27908,2288
30197,27909,2288
30198,27910,2288
30200,27912,2288
30201,27913,2288
30202,27914,2288
30204,27916,2288
30205,27917,2288
30206,27918,2288
30208,27920,2288
30209,27921,2288
30210,27922,2288
30211,27923,2288
30213,27925,2288
30214,27926,2288
30215,27927,2288
30216,27928,2288
30218,27930,2288
30219,27931,2288
30220,27932,2288
30221,27933,2288
30222,27934,2288
30223,27935,2288
30225,27937,2288
30226,27938,2288
30227,27939,2288
30228,27940,2288
30229,27941,2288
30231,27943,2288
30232,27944,2288
30233,27945,2288
30234,27946,2288
30235,27947,2288
30236,27948,2288
30237,27949,2288
30238,27950,2288
30240,27952,2288
30241,27953,2288
30242,27954,2288
30243,27955,2288
30245,27957,2288
30247,27959,2288
30248,27960,2288
30249,27961,2288
30250,27962,2288
30251,27963,2288
30253,27964,2289
30254,27965,2289
30255,27966,2289
30256,27967,2289
30258,27969,2289
30259,27970,2289
30260,27971,2289
30261,27972,2289
30262,27973,2289
30264,27975,2289
30265,27976,2289
30266,27977,2289
30267,27978,2289
30268,27979,2289
30270,27981,2289
30271,27982,2289
30272,27983,2289
30273,27984,2289
30274,27985,2289
30275,27986,2289
30277,27987,2290
30279,27989,2290
30280,27990,2290
30281,27991,2290
30282,27992,2290
30283,27993,2290
30285,27995,2290
30286,27996,2290
30287,27997,2290
30288,27998,2290
30289,27999,2290
30290,28000,2290
30291,28001,2290
30293,28001,2292
30295,28003,2292
30296,28004,2292
30297,28005,2292
30298,28006,2292
30300,28007,2293
30301,28008,2293
30302,28009,2293
30303,28010,2293
30305,28011,2294
30306,28012,2294
30307,28013,2294
30308,28014,2294
30310,28015,2295
30311,28016,2295
30312,28017,2295
30313,28018,2295
30314,28018,2296
30316,28020,2296
30318,28021,2297
30319,28022,2297
30321,28023,2298
30322,28024,2298
30323,28025,2298
30324,28026,2298
30325,28027,2298
30326,28028,2298
30328,28030,2298
30330,28031,2299
30332,28033,2299
30333,28034,2299
30335,28036,2299
30336,28037,2299
30338,28039,2299
30339,28040,2299
30341,28042,2299
30342,28043,2299
30344,28045,2299
30345,28046,2299
30347,28048,2299
30348,28049,2299
30349,28050,2299
30351,28051,2300
30352,28052,2300
30353,28053,2300
30354,28054,2300
30356,28055,2301
30358,28057,2301
30359,28058,2301
30360,28059,2301
30361,28060,2301
30363,28062,2301
30365,28063,2302
30366,28064,2302
30367,28065,2302
30368,28066,2302
30369,28067,2302
30371,28068,2303
30372,28069,2303
30373,28070,2303
30374,28071,2303
30375,28072,2303
30376,28073,2303
30378,28074,2304
30379,28075,2304
30381,28077,2304
30382,28078,2304
30384,28080,2304
30385,28081,2304
30386,28082,2304
30387,28083,2304
30389,28085,2304
30390,28086,2304
30392,28088,2304
30393,28089,2304
30394,28090,2304
30395,28091,2304
30396,28092,2304
30397,28093,2304
30399,28095,2304
30400,28096,2304
30402,28098,2304
30403,28099,2304
30405,28101,2304
30406,28102,2304
30407,28103,2304
30408,28104,2304
30410,28106,2304
30411,28107,2304
30412,28108,2304
30413,28109,2304
30415,28111,2304
30417,28112,2305
30418,28113,2305
30419,28114,2305
30420,28115,2305
30421,28116,2305
30422,28117,2305
30424,28118,2306
30425,28119,2306
30426,28120,2306
30427,28121,2306
30428,28122,2306
30429,28123,2306
30431,28124,2307
30432,28125,2307
30433,28126,2307
30434,28127,2307
30436,28128,2308
30437,28129,2308
30438,28130,2308
30439,28131,2308
30441,28132,2309
30442,28133,2309
30443,28134,2309
30445,28136,2309
30446,28137,2309
30447,28138,2309
30448,28139,2309
30450,28140,2310
30451,28141,2310
30452,28142,2310
30453,28143,2310
30454,28144,2310
30455,28145,2310
30457,28145,2312
30458,28146,2312
30460,28148,2312
30461,28149,2312
30462,28150,2312
30463,28151,2312
30465,28152,2313
30467,28154,2313
30468,28155,2313
30469,28156,2313
30471,28157,2314
30472,28158,2314
30473,28159,2314
30475,28160,2315
30477,28162,2315
30478,28163,2315
30479,28164,2315
30480,28165,2315
30482,28167,2315
30483,28168,2315
30485,28169,2316
30486,28169,2317
30488,28170,2318
30489,28171,2318
30490,28172,2318
30492,28173,2319
30494,28174,2320
30495,28175,2320
30496,28176,2320
30497,28177,2320
30499,28177,2322
30500,28178,2322
30501,28179,2322
30502,28179,2323
30503,28180,2323
30505,28181,2324
30506,28182,2324
30507,28183,2324
30509,28184,2325
30510,28185,2325
30511,28186,2325
30512,28187,2325
30513,28188,2325
30515,28189,2326
30516,28190,2326
30517,28191,2326
30518,28192,2326
30520,28194,2326
30521,28194,2327
30523,28196,2327
30524,28197,2327
30526,28199,2327
30527,28200,2327
30528,28201,2327
30530,28203,2327
30531,28204,2327
30533,28206,2327
30534,28207,2327
30535,28208,2327
30537,28210,2327
30539,28211,2328
30541,28213,2328
30542,28214,2328
30543,28215,2328
30544,28216,2328
30545,28217,2328
30547,28219,2328
30548,28220,2328
30549,28221,2328
30551,28223,2328
30553,28224,2329
30555,28225,2330
30556,28226,2330
30557,28227,2330
30558,28228,2330
30560,28229,2331
30562,28230,2332
30563,28231,2332
30564,28232,2332
30565,28233,2332
30566,28234,2332
30568,28236,2332
30569,28236,2333
30571,28238,2333
30572,28239,2333
30573,28240,2333
30574,28241,2333
30575,28242,2333
30576,28243,2333
30578,28244,2334
30579,28245,2334
30581,28247,2334
30582,28247,2335
30584,28249,2335
30585,28250,2335
30587,28252,2335
30588,28253,2335
30590,28255,2335
30591,28256,2335
30592,28257,2335
30593,28258,2335
30594,28259,2335
30595,28260,2335
30597,28261,2336
30598,28262,2336
30599,28263,2336
30600,28264,2336
30601,28265,2336
30602,28265,2337
30604,28266,2338
30605,28267,2338
30606,28268,2338
30607,28269,2338
30608,28270,2338
30609,28271,2338
30611,28272,2339
30612,28273,2339
30613,28273,2340
30614,28274,2340
30615,28275,2340
30616,28276,2340
30617,28277,2340
30618,28278,2340
30620,28279,2341
30621,28280,2341
30622,28281,2341
30623,28282,2341
30624,28283,2341
30625,28284,2341
30626,28285,2341
30627,28286,2341
30628,28287,2341
30629,28288,2341
30630,28289,2341
30631,28290,2341
30633,28291,2342
30634,28292,2342
30635,28293,2342
30636,28294,2342
30637,28295,2342
30638,28296,2342
30640,28298,2342
30642,28299,2343
30644,28301,2343
30645,28302,2343
30647,28304,2343
30648,28305,2343
30649,28306,2343
30651,28307,2344
30653,28309,2344
30654,28310,2344
30655,28311,2344
30657,28313,2344
30659,28314,2345
30660,28315,2345
30661,28316,2345
30662,28317,2345
30664,28319,2345
30665,28320,2345
30666,28320,2346
30668,28321,2347
30670,28323,2347
30671,28324,2347
30672,28325,2347
30674,28326,2348
30675,28327,2348
30676,28328,2348
30677,28329,2348
30679,28330,2349
30681,28331,2350
30682,28332,2350
30683,28333,2350
30685,28335,2350
30687,28336,2351
30688,28337,2351
30689,28338,2351
30690,28339,2351
30691,28340,2351
30692,28341,2351
30693,28341,2352
30694,28342,2352
30696,28343,2353
30698,28345,2353
30699,28346,2353
30701,28348,2353
30702,28349,2353
30704,28351,2353
30705,28352,2353
30706,28353,2353
30707,28354,2353
30709,28356,2353
30710,28357,2353
30711,28358,2353
30713,28360,2353
30714,28361,2353
30715,28362,2353
30716,28363,2353
30717,28364,2353
30718,28365,2353
30720,28367,2353
30721,28368,2353
30722,28369,2353
30723,28370,2353
30725,28372,2353
30726,28373,2353
30727,28374,2353
30728,28375,2353
30729,28376,2353
30730,28377,2353
30731,28378,2353
30733,28380,2353
30734,28381,2353
30735,28382,2353
30736,28383,2353
30738,28385,2353
30739,28386,2353
30740,28387,2353
30741,28388,2353
30742,28389,2353
30743,28390,2353
30744,28391,2353
30746,28393,2353
30747,28394,2353
30749,28395,2354
30751,28397,2354
30752,28398,2354
30753,28399,2354
30754,28400,2354
30756,28402,2354
30757,28403,2354
30758,28404,2354
30759,28405,2354
30761,28407,2354
30762,28408,2354
30763,28409,2354
30765,28411,2354
30766,28412,2354
30767,28413,2354
30768,28414,2354
30770,28416,2354
30771,28417,2354
30772,28418,2354
30773,28419,2354
30774,28420,2354
30775,28421,2354
30776,28422,2354
30777,28423,2354
30779,28425,2354
30780,28426,2354
30781,28427,2354
30782,28428,2354
30784,28430,2354
30785,28431,2354
30786,28432,2354
30787,28433,2354
30788,28434,2354
30789,28435,2354
30790,28436,2354
30792,28438,2354
30794,28440,2354
30795,28441,2354
30796,28442,2354
30797,28443,2354
30798,28444,2354
30799,28445,2354
30801,28447,2354
30802,28448,2354
30803,28449,2354
30804,28450,2354
30806,28452,2354
30807,28453,2354
30808,28454,2354
30809,28455,2354
30810,28456,2354
30811,28457,2354
30812,28458,2354
30814,28460,2354
30815,28461,2354
30816,28462,2354
30817,28463,2354
30819,28465,2354
30820,28466,2354
30821,28467,2354
30822,28468,2354
30823,28469,2354
30824,28470,2354
30825,28471,2354
30827,28473,2354
30828,28474,2354
30830,28476,2354
30832,28478,2354
30833,28479,2354
30834,28480,2354
30835,28481,2354
30837,28483,2354
30838,28484,2354
30839,28485,2354
30840,28486,2354
30842,28488,2354
30843,28489,2354
30844,28490,2354
30846,28492,2354
30847,28493,2354
30848,28494,2354
30849,28495,2354
30851,28497,2354
30852,28498,2354
30853,28499,2354
30854,28500,2354
30855,28501,2354
30856,28502,2354
30857,28503,2354
30858,28504,2354
30860,28506,2354
30861,28507,2354
30862,28508,2354
30863,28509,2354
30865,28511,2354
30866,28512,2354
30867,28513,2354
30868,28514,2354
30869,28515,2354
30870,28516,2354
30871,28517,2354
30873,28519,2354
30874,28520,2354
30876,28522,2354
30877,28523,2354
30879,28525,2354
30880,28526,2354
30881,28527,2354
30882,28527,2355
30883,28528,2355
30884,28529,2355
30886,28531,2355
30887,28532,2355
30888,28533,2355
30890,28535,2355
30892,28537,2355
30893,28538,2355
30895,28540,2355
30896,28541,2355
30898,28543,2355
30899,28544,2355
30900,28545,2355
30901,28546,2355
30903,28548,2355
30905,28550,2355
30906,28551,2355
30908,28553,2355
30909,28554,2355
30910,28555,2355
30911,28556,2355
30912,28557,2355
30913,28558,2355
30915,28560,2355
30916,28561,2355
30917,28562,2355
30918,28563,2355
30920,28565,2355
30921,28566,2355
30922,28567,2355
30924,28569,2355
30925,28570,2355
30926,28571,2355
30928,28573,2355
30929,28574,2355
30931,28576,2355
30932,28577,2355
30933,28578,2355
30934,28579,2355
30936,28581,2355
30937,28582,2355
30938,28583,2355
30939,28584,2355
30940,28585,2355
30941,28586,2355
30942,28587,2355
30943,28588,2355
30944,28589,2355
30946,28591,2355
30947,28592,2355
30948,28593,2355
30949,28594,2355
30951,28596,2355
30953,28598,2355
30954,28599,2355
30955,28600,2355
30956,28601,2355
30958,28603,2355
30959,28604,2355
30961,28606,2355
30963,28608,2355
30964,28609,2355
30965,28610,2355
30966,28611,2355
30967,28612,2355
30968,28613,2355
30970,28615,2355
30971,28616,2355
30972,28617,2355
30973,28618,2355
30975,28619,2356
30976,28620,2356
30977,28621,2356
30979,28623,2356
30980,28624,2356
30981,28625,2356
30983,28627,2356
30984,28628,2356
30986,28630,2356
30987,28631,2356
30988,28632,2356
30989,28633,2356
30991,28635,2356
30992,28636,2356
30993,28637,2356
30994,28638,2356
30995,28639,2356
30996,28640,2356
30997,28641,2356
30998,28642,2356
30999,28643,2356
31001,28645,2356
31002,28646,2356
31003,28647,2356
31004,28648,2356
31005,28649,2356
31006,28650,2356
31007,28651,2356
31008,28652,2356
31009,28653,2356
31010,28654,2356
31011,28655,2356
31013,28657,2356
31014,28658,2356
31016,28660,2356
31017,28661,2356
31019,28663,2356
31020,28664,2356
31021,28665,2356
31022,28666,2356
31024,28668,2356
31025,28669,2356
31027,28671,2356
31028,28672,2356
31029,28673,2356
31031,28675,2356
31033,28677,2356
31034,28678,2356
31036,28680,2356
31037,28681,2356
31039,28683,2356
31040,28684,2356
31041,28685,2356
31042,28686,2356
31044,28688,2356
31046,28690,2356
31047,28691,2356
31049,28693,2356
31050,28694,2356
31051,28695,2356
31052,28696,2356
31053,28697,2356
31054,28698,2356
31056,28700,2356
31057,28701,2356
31058,28702,2356
31059,28703,2356
31061,28705,2356
31062,28706,2356
31063,28707,2356
31065,28709,2356
31066,28710,2356
31067,28711,2356
31069,28713,2356
31070,28714,2356
31072,28716,2356
31073,28717,2356
31074,28718,2356
31075,28719,2356
31077,28721,2356
31078,28722,2356
31079,28723,2356
31080,28724,2356
31081,28725,2356
31082,28726,2356
31083,28727,2356
31084,28728,2356
31085,28729,2356
31087,28731,2356
31088,28732,2356
31089,28733,2356
31090,28734,2356
31092,28736,2356
31094,28738,2356
31095,28739,2356
31096,28740,2356
31097,28741,2356
31099,28743,2356
31100,28744,2356
31102,28746,2356
31104,28748,2356
31105,28749,2356
31106,28750,2356
31107,28751,2356
31108,28752,2356
31109,28753,2356
31111,28755,2356
31112,28756,2356
31113,28757,2356
31114,28758,2356
31116,28760,2356
31117,28761,2356
31118,28762,2356
31120,28764,2356
31121,28765,2356
31122,28766,2356
31124,28768,2356
31125,28769,2356
31127,28771,2356
31128,28772,2356
31129,28773,2356
31130,28774,2356
31132,28776,2356
31133,28777,2356
31134,28778,2356
31135,28779,2356
31136,28780,2356
31137,28781,2356
31138,28782,2356
31139,28783,2356
31140,28784,2356
31142,28786,2356
31143,28787,2356
31144,28788,2356
31145,28789,2356
31147,28791,2356
31148,28792,2356
31149,28793,2356
31151,28795,2356
31152,28796,2356
31154,28798,2356
31155,28799,2356
31157,28801,2356
31158,28802,2356
31159,28803,2356
31160,28804,2356
31161,28805,2356
31163,28807,2356
31164,28808,2356
31166,28809,2357
31167,28810,2357
31169,28812,2357
31170,28813,2357
31171,28814,2357
31173,28815,2358
31174,28816,2358
31175,28817,2358
31176,28818,2358
31177,28819,2358
31178,28820,2358
31179,28820,2359
31180,28820,2360
31181,28821,2360
31182,28822,2360
31184,28823,2361
31185,28824,2361
31186,28825,2361
31188,28827,2361
31189,28828,2361
31191,28830,2361
31192,28831,2361
31193,28832,2361
31194,28833,2361
31196,28835,2361
31198,28836,2362
31199,28837,2362
31200,28838,2362
31201,28839,2362
31202,28840,2362
31204,28841,2363
31205,28841,2364
31206,28842,2364
31207,28843,2364
31209,28844,2365
31210,28845,2365
31212,28846,2366
31213,28847,2366
31214,28848,2366
31216,28850,2366
31217,28851,2366
31219,28853,2366
31221,28854,2367
31223,28856,2367
31224,28856,2368
31226,28858,2368
31227,28859,2368
31228,28860,2368
31230,28862,2368
31231,28863,2368
31233,28865,2368
31234,28866,2368
31236,28868,2368
31237,28869,2368
31239,28871,2368
31240,28872,2368
31242,28873,2369
31243,28874,2369
31244,28875,2369
31245,28876,2369
31246,28877,2369
31248,28878,2370
31249,28879,2370
31250,28880,2370
31252,28882,2370
31253,28883,2370
31254,28884,2370
31256,28885,2371
31257,28886,2371
31258,28887,2371
31260,28889,2371
31261,28890,2371
31263,28891,2372
31265,28893,2372
31266,28894,2372
31267,28895,2372
31269,28896,2373
31271,28898,2373
31272,28899,2373
31273,28900,2373
31274,28901,2373
31275,28902,2373
31277,28903,2374
31278,28903,2375
31279,28904,2375
31280,28905,2375
31281,28905,2376
31282,28906,2376
31284,28907,2377
31285,28908,2377
31286,28909,2377
31287,28910,2377
31288,28911,2377
31290,28912,2378
31291,28912,2379
31292,28913,2379
31293,28914,2379
31295,28915,2380
31296,28916,2380
31298,28918,2380
31299,28919,2380
31300,28920,2380
31301,28921,2380
31302,28922,2380
31304,28924,2380
31305,28924,2381
31306,28925,2381
31307,28926,2381
31308,28927,2381
31309,28928,2381
31311,28930,2381
31312,28930,2382
31313,28931,2382
31314,28932,2382
31315,28933,2382
31317,28935,2382
31318,28935,2383
31319,28936,2383
31320,28937,2383
31322,28938,2384
31323,28939,2384
31325,28941,2384
31326,28942,2384
31327,28943,2384
31328,28944,2384
31329,28945,2384
31331,28947,2384
31332,28947,2385
31333,28948,2385
31334,28949,2385
31335,28949,2386
31336,28950,2386
31338,28952,2386
31339,28953,2386
31340,28954,2386
31341,28955,2386
31342,28956,2386
31344,28958,2386
31345,28958,2387
31346,28959,2387
31347,28960,2387
31348,28960,2388
31349,28961,2388
31351,28963,2388
31353,28964,2389
31354,28965,2389
31355,28966,2389
31356,28967,2389
31358,28969,2389
31359,28969,2390
31360,28970,2390
31361,28971,2390
31362,28972,2390
31363,28973,2390
31365,28975,2390
31366,28975,2391
31367,28976,2391
31368,28977,2391
31369,28978,2391
31371,28980,2391
31372,28980,2392
31373,28981,2392
31374,28982,2392
31376,28983,2393
31377,28984,2393
31379,28986,2393
31380,28987,2393
31381,28988,2393
31382,28989,2393
31383,28990,2393
31385,28992,2393
31386,28992,2394
31387,28993,2394
31388,28994,2394
31389,28994,2395
31390,28995,2395
31392,28997,2395
31393,28998,2395
31394,28999,2395
31395,29000,2395
31396,29001,2395
31398,29003,2395
31399,29003,2396
31400,29004,2396
31401,29005,2396
31402,29005,2397
31403,29006,2397
31405,29008,2397
31407,29009,2398
31408,29010,2398
31409,29011,2398
31410,29012,2398
31412,29014,2398
31413,29014,2399
31414,29015,2399
31415,29016,2399
31416,29017,2399
31417,29018,2399
31418,29018,2400
31420,29019,2401
31421,29020,2401
31422,29021,2401
31423,29022,2401
31424,29023,2401
31426,29024,2402
31427,29025,2402
31428,29026,2402
31429,29027,2402
31430,29028,2402
31431,29029,2402
31432,29030,2402
31434,29032,2402
31435,29033,2402
31436,29034,2402
31437,29035,2402
31439,29037,2402
31440,29038,2402
31441,29039,2402
31442,29040,2402
31443,29041,2402
31444,29042,2402
31445,29043,2402
31447,29045,2402
31448,29046,2402
31449,29047,2402
31450,29048,2402
31452,29050,2402
31453,29051,2402
31454,29052,2402
31455,29053,2402
31456,29054,2402
31457,29054,2403
31458,29055,2403
31460,29055,2405
31461,29056,2405
31463,29056,2407
31465,29057,2408
31466,29058,2408
31467,29059,2408
31468,29060,2408
31470,29061,2409
31471,29062,2409
31472,29063,2409
31473,29064,2409
31475,29065,2410
31476,29066,2410
31478,29067,2411
31479,29068,2411
31480,29069,2411
31482,29070,2412
31483,29071,2412
31485,29072,2413
31486,29073,2413
31488,29074,2414
31489,29075,2414
31490,29076,2414
31491,29077,2414
31493,29078,2415
31495,29079,2416
31497,29080,2417
31498,29081,2417
31499,29082,2417
31501,29083,2418
31502,29084,2418
31503,29085,2418
31504,29086,2418
31506,29087,2419
31507,29088,2419
31508,29089,2419
31510,29090,2420
31511,29091,2420
31512,29092,2420
31513,29093,2420
31515,29095,2420
31516,29096,2420
31517,29097,2420
31518,29098,2420
31520,29100,2420
31521,29101,2420
31522,29102,2420
31523,29103,2420
31524,29104,2420
31525,29105,2420
31526,29106,2420
31527,29107,2420
31528,29108,2420
31529,29109,2420
31530,29110,2420
31531,29111,2420
31532,29112,2420
31533,29113,2420
31535,29114,2421
31537,29116,2421
31538,29117,2421
31540,29119,2421
31541,29120,2421
31543,29122,2421
31544,29123,2421
31546,29125,2421
31547,29126,2421
31549,29128,2421
31550,29129,2421
31552,29131,2421
31553,29132,2421
31554,29133,2421
31555,29134,2421
31556,29135,2421
31558,29137,2421
31559,29138,2421
31561,29140,2421
31562,29141,2421
31564,29142,2422
31565,29143,2422
31566,29144,2422
31568,29145,2423
31569,29146,2423
31570,29147,2423
31571,29148,2423
31572,29149,2423
31573,29150,2423
31574,29151,2423
31575,29152,2423
31577,29154,2423
31578,29155,2423
31579,29156,2423
31581,29157,2424
31582,29158,2424
31584,29160,2424
31585,29161,2424
31586,29162,2424
31587,29163,2424
31589,29165,2424
31591,29167,2424
31592,29168,2424
31593,29169,2424
31594,29170,2424
31595,29171,2424
31597,29173,2424
31598,29174,2424
31599,29175,2424
31600,29176,2424
31602,29177,2425
31603,29178,2425
31605,29180,2425
31606,29181,2425
31607,29182,2425
31609,29184,2425
31610,29185,2425
31612,29187,2425
31614,29189,2425
31616,29191,2425
31617,29192,2425
31619,29194,2425
31620,29195,2425
31621,29196,2425
31623,29198,2425
31624,29199,2425
31626,29201,2425
31627,29202,2425
31629,29204,2425
31630,29205,2425
31632,29207,2425
31633,29208,2425
31635,29210,2425
31636,29211,2425
31637,29212,2425
31638,29213,2425
31639,29214,2425
31641,29216,2425
31642,29217,2425
31643,29218,2425
31645,29220,2425
31646,29221,2425
31647,29222,2425
31649,29224,2425
31650,29225,2425
31651,29226,2425
31653,29228,2425
31654,29229,2425
31656,29231,2425
31658,29232,2426
31659,29233,2426
31660,29234,2426
31662,29236,2426
31664,29238,2426
31665,29239,2426
31666,29240,2426
31667,29241,2426
31668,29242,2426
31670,29244,2426
31671,29245,2426
31672,29246,2426
31673,29247,2426
31674,29248,2426
31675,29249,2426
31677,29251,2426
31678,29252,2426
31679,29253,2426
31680,29254,2426
31681,29255,2426
31683,29257,2426
31684,29258,2426
31685,29259,2426
31686,29260,2426
31688,29262,2426
31689,29263,2426
31690,29264,2426
31691,29265,2426
31692,29266,2426
31693,29267,2426
31694,29268,2426
31695,29269,2426
31697,29271,2426
31698,29272,2426
31699,29273,2426
31700,29274,2426
31701,29275,2426
31702,29276,2426
31703,29277,2426
31705,29279,2426
31706,29280,2426
31707,29281,2426
31708,29282,2426
31709,29283,2426
31710,29284,2426
31712,29286,2426
31714,29288,2426
31716,29290,2426
31717,29291,2426
31718,29292,2426
31719,29293,2426
31721,29295,2426
31722,29296,2426
31723,29297,2426
31724,29298,2426
31726,29300,2426
31727,29301,2426
31728,29302,2426
31729,29303,2426
31730,29304,2426
31731,29305,2426
31732,29306,2426
31733,29307,2426
31734,29308,2426
31735,29309,2426
31736,29310,2426
31737,29311,2426
31738,29312,2426
31739,29313,2426
31740,29314,2426
31742,29316,2426
31744,29318,2426
31745,29319,2426
31747,29321,2426
31748,29322,2426
31750,29324,2426
31751,29325,2426
31753,29327,2426
31754,29328,2426
31756,29330,2426
31757,29331,2426
31759,29333,2426
31760,29334,2426
31761,29335,2426
31762,29336,2426
31763,29337,2426
31765,29339,2426
31766,29340,2426
31768,29342,2426
31769,29343,2426
31771,29345,2426
31772,29346,2426
31773,29347,2426
31775,29348,2427
31776,29349,2427
31777,29350,2427
31778,29351,2427
31779,29352,2427
31780,29353,2427
31781,29354,2427
31782,29355,2427
31784,29357,2427
31785,29358,2427
31786,29359,2427
31788,29361,2427
31789,29362,2427
31791,29364,2427
31792,29365,2427
31793,29366,2427
31794,29367,2427
31796,29369,2427
31798,29371,2427
31799,29372,2427
31800,29373,2427
31801,29374,2427
31802,29375,2427
31804,29377,2427
31805,29378,2427
31806,29379,2427
31807,29380,2427
31809,29382,2427
31810,29383,2427
31812,29385,2427
31813,29386,2427
31814,29387,2427
31816,29389,2427
31817,29390,2427
31819,29392,2427
31821,29394,2427
31823,29396,2427
31824,29397,2427
31826,29399,2427
31827,29400,2427
31828,29401,2427
31830,29403,2427
31831,29404,2427
31833,29406,2427
31834,29407,2427
31836,29409,2427
31837,29410,2427
31839,29412,2427
31840,29413,2427
31842,29415,2427
31843,29416,2427
31844,29417,2427
31845,29418,2427
31846,29419,2427
31848,29421,2427
31849,29422,2427
31850,29423,2427
31852,29425,2427
31853,29426,2427
31854,29427,2427
31856,29429,2427
31857,29430,2427
31858,29431,2427
31860,29433,2427
31861,29434,2427
31863,29436,2427
31865,29438,2427
31866,29439,2427
31867,29440,2427
31869,29442,2427
31871,29444,2427
31872,29445,2427
31873,29446,2427
31874,29447,2427
31875,29448,2427
31877,29450,2427
31878,29451,2427
31879,29452,2427
31880,29453,2427
31881,29454,2427
31882,29455,2427
31884,29457,2427
31885,29458,2427
31886,29459,2427
31887,29460,2427
31888,29461,2427
31890,29463,2427
31891,29464,2427
31892,29465,2427
31893,29466,2427
31895,29468,2427
31896,29469,2427
31898,29471,2427
31899,29472,2427
31900,29473,2427
31901,29474,2427
31902,29475,2427
31904,29477,2427
31905,29478,2427
31906,29479,2427
31907,29480,2427
31908,29481,2427
31909,29482,2427
31911,29484,2427
31912,29485,2427
31913,29486,2427
31914,29487,2427
31915,29488,2427
31917,29490,2427
31918,29491,2427
31919,29492,2427
31920,29493,2427
31922,29495,2427
31923,29496,2427
31925,29498,2427
31926,29499,2427
31927,29500,2427
31928,29501,2427
31929,29502,2427
31931,29504,2427
31932,29505,2427
31933,29506,2427
31934,29507,2427
31935,29508,2427
31936,29509,2427
31938,29511,2427
31939,29512,2427
31940,29513,2427
31941,29514,2427
31942,29515,2427
31944,29517,2427
31945,29518,2427
31946,29519,2427
31947,29520,2427
31948,29521,2427
31949,29522,2427
31951,29524,2427
31953,29526,2427
31954,29527,2427
31955,29528,2427
31956,29529,2427
31958,29531,2427
31959,29532,2427
31960,29533,2427
31961,29534,2427
31962,29535,2427
31963,29536,2427
31965,29538,2427
31966,29539,2427
31967,29540,2427
31968,29541,2427
31969,29542,2427
31971,29544,2427
31972,29545,2427
31973,29546,2427
31974,29547,2427
31976,29549,2427
31977,29550,2427
31978,29551,2427
31979,29552,2427
31980,29553,2427
31981,29554,2427
31982,29555,2427
31983,29556,2427
31985,29558,2427
31986,29559,2427
31987,29560,2427
31988,29561,2427
31989,29562,2427
31990,29563,2427
31991,29564,2427
31993,29566,2427
31994,29567,2427
31995,29568,2427
31996,29569,2427
31997,29570,2427
31998,29571,2427
31999,29571,2428
32001,29573,2428
32003,29574,2429
32004,29575,2429
32006,29576,2430
32007,29577,2430
32009,29579,2430
32010,29580,2430
32011,29581,2430
32012,29582,2430
32014,29584,2430
32015,29585,2430
32016,29586,2430
32017,29587,2430
32018,29588,2430
32019,29589,2430
32020,29590,2430
32021,29591,2430
32022,29592,2430
32023,29593,2430
32024,29594,2430
32025,29595,2430
32026,29596,2430
32027,29597,2430
32028,29598,2430
32030,29600,2430
32032,29602,2430
32033,29603,2430
32035,29605,2430
32036,29606,2430
32038,29608,2430
32039,29609,2430
32041,29611,2430
32042,29612,2430
32044,29614,2430
32045,29615,2430
32047,29617,2430
32048,29618,2430
32049,29619,2430
32050,29620,2430
32051,29621,2430
32053,29623,2430
32054,29624,2430
32056,29626,2430
32057,29627,2430
32059,29629,2430
32060,29630,2430
32061,29631,2430
32063,29632,2431
32064,29633,2431
32065,29634,2431
32067,29635,2432
32069,29637,2432
32070,29638,2432
32071,29639,2432
32072,29640,2432
32074,29642,2432
32076,29643,2433
32077,29644,2433
32079,29644,2435
32081,29646,2435
32082,29647,2435
32083,29647,2436
32084,29648,2436
32085,29649,2436
32087,29649,2438
32088,29650,2438
32089,29651,2438
32090,29652,2438
32092,29654,2438
32093,29655,2438
32095,29657,2438
32096,29658,2438
32097,29659,2438
32098,29660,2438
32099,29661,2438
32101,29663,2438
32102,29664,2438
32103,29665,2438
32104,29666,2438
32105,29667,2438
32106,29668,2438
32107,29669,2438
32108,29670,2438
32109,29671,2438
32110,29672,2438
32112,29674,2438
32113,29675,2438
32115,29677,2438
32116,29678,2438
32118,29680,2438
32119,29681,2438
32120,29682,2438
32122,29684,2438
32124,29686,2438
32125,29687,2438
32126,29688,2438
32127,29689,2438
32129,29691,2438
32130,29692,2438
32131,29693,2438
32132,29694,2438
32134,29696,2438
32135,29697,2438
32136,29698,2438
32137,29699,2438
32138,29700,2438
32139,29701,2438
32141,29703,2438
32142,29704,2438
32143,29705,2438
32144,29706,2438
32146,29708,2438
32147,29709,2438
32148,29710,2438
32149,29711,2438
32150,29712,2438
32152,29714,2438
32153,29715,2438
32155,29717,2438
32156,29718,2438
32158,29720,2438
32160,29721,2439
32161,29722,2439
32163,29724,2439
32164,29725,2439
32166,29726,2440
32167,29727,2440
32168,29728,2440
32170,29730,2440
32172,29731,2441
32173,29732,2441
32174,29733,2441
32175,29734,2441
32176,29735,2441
32178,29736,2442
32180,29737,2443
32181,29738,2443
32182,29739,2443
32183,29740,2443
32184,29741,2443
32186,29743,2443
32188,29744,2444
32190,29746,2444
32191,29747,2444
32192,29748,2444
32193,29749,2444
32194,29750,2444
32196,29751,2445
32197,29752,2445
32198,29753,2445
32199,29754,2445
32200,29755,2445
32202,29756,2446
32203,29757,2446
32204,29758,2446
32205,29759,2446
32206,29760,2446
32208,29761,2447
32209,29762,2447
32210,29763,2447
32211,29764,2447
32212,29765,2447
32214,29766,2448
32215,29766,2449
32216,29767,2449
32217,29768,2449
32218,29769,2449
32219,29770,2449
32220,29771,2449
32221,29772,2449
32223,29773,2450
32225,29774,2451
32226,29775,2451
32227,29776,2451
32228,29777,2451
32230,29778,2452
32231,29779,2452
32233,29781,2452
32234,29782,2452
32235,29783,2452
32236,29784,2452
32237,29785,2452
32238,29786,2452
32239,29787,2452
32240,29788,2452
32242,29790,2452
32243,29791,2452
32244,29792,2452
32245,29793,2452
32246,29794,2452
32248,29796,2452
32249,29797,2452
32250,29798,2452
32251,29799,2452
32252,29800,2452
32254,29802,2452
32256,29803,2453
32257,29804,2453
32258,29805,2453
32259,29806,2453
32260,29807,2453
32261,29808,2453
32262,29809,2453
32263,29810,2453
32265,29812,2453
32266,29813,2453
32267,29814,2453
32268,29815,2453
32269,29816,2453
32270,29817,2453
32272,29819,2453
32273,29820,2453
32274,29821,2453
32275,29822,2453
32276,29823,2453
32277,29824,2453
32278,29825,2453
32279,29826,2453
32281,29828,2453
32282,29829,2453
32283,29830,2453
32284,29831,2453
32285,29832,2453
32287,29834,2453
32288,29835,2453
32289,29836,2453
32290,29837,2453
32291,29838,2453
32293,29840,2453
32294,29840,2454
32295,29841,2454
32296,29842,2454
32297,29843,2454
32298,29844,2454
32299,29845,2454
32300,29846,2454
32302,29847,2455
32304,29849,2455
32305,29850,2455
32306,29851,2455
32307,29852,2455
32309,29854,2455
32310,29855,2455
32312,29857,2455
32313,29858,2455
32314,29859,2455
32316,29860,2456
32318,29862,2456
32319,29863,2456
32320,29864,2456
32322,29865,2457
32324,29867,2457
32325,29868,2457
32326,29869,2457
32327,29869,2458
32328,29870,2458
32329,29871,2458
32330,29872,2458
32331,29873,2458
32332,29874,2458
32334,29875,2459
32335,29876,2459
32336,29877,2459
32337,29878,2459
32338,29879,2459
32339,29880,2459
32340,29881,2459
32341,29882,2459
32342,29883,2459
32343,29884,2459
32344,29885,2459
32345,29886,2459
32346,29887,2459
32347,29888,2459
32349,29889,2460
32350,29890,2460
32351,29891,2460
32352,29892,2460
32353,29893,2460
32355,29895,2460
32356,29896,2460
32357,29897,2460
32358,29898,2460
32359,29899,2460
32360,29900,2460
32362,29902,2460
32363,29903,2460
32364,29904,2460
32366,29906,2460
32367,29907,2460
32368,29908,2460
32369,29909,2460
32370,29910,2460
32372,29912,2460
32373,29913,2460
32374,29914,2460
32375,29915,2460
32376,29916,2460
32377,29917,2460
32378,29918,2460
32379,29919,2460
32380,29920,2460
32381,29921,2460
32382,29922,2460
32383,29923,2460
32385,29925,2460
32386,29926,2460
32387,29927,2460
32388,29928,2460
32390,29929,2461
32391,29930,2461
32393,29932,2461
32395,29934,2461
32397,29936,2461
32398,29937,2461
32400,29939,2461
32401,29940,2461
32403,29941,2462
32405,29943,2462
32407,29945,2462
32408,29946,2462
32409,29947,2462
32411,29949,2462
32413,29951,2462
32414,29952,2462
32415,29953,2462
32417,29954,2463
32419,29956,2463
32420,29957,2463
32421,29958,2463
32423,29959,2464
32425,29960,2465
32426,29961,2465
32427,29962,2465
32428,29963,2465
32429,29964,2465
32430,29965,2465
32431,29966,2465
32432,29967,2465
32433,29968,2465
32434,29969,2465
32435,29970,2465
32436,29971,2465
32437,29972,2465
32438,29973,2465
32439,29974,2465
32440,29975,2465
32442,29977,2465
32443,29978,2465
32444,29979,2465
32446,29981,2465
32447,29982,2465
32448,29983,2465
32449,29984,2465
32450,29985,2465
32452,29987,2465
32453,29988,2465
32454,29989,2465
32455,29990,2465
32456,29991,2465
32457,29992,2465
32459,29994,2465
32460,29995,2465
32461,29996,2465
32463,29998,2465
32464,29999,2465
32465,30000,2465
32466,30001,2465
32467,30002,2465
32469,30004,2465
32470,30005,2465
32471,30006,2465
32472,30007,2465
32473,30008,2465
32474,30009,2465
32475,30010,2465
32476,30011,2465
32477,30012,2465
32478,30013,2465
32479,30014,2465
32480,30015,2465
32482,30017,2465
32483,30018,2465
32485,30020,2465
32486,30021,2465
32488,30023,2465
32489,30024,2465
32491,30026,2465
32493,30028,2465
32495,30030,2465
32496,30031,2465
32498,30033,2465
32499,30034,2465
32501,30036,2465
32503,30038,2465
32505,30040,2465
32506,30041,2465
32507,30042,2465
32509,30044,2465
32511,30046,2465
32512,30047,2465
32514,30049,2465
32515,30050,2465
32516,30051,2465
32517,30052,2465
32518,30052,2466
32520,30054,2466
32522,30056,2466
32523,30057,2466
32524,30058,2466
32526,30060,2466
32527,30061,2466
32528,30062,2466
32529,30063,2466
32531,30065,2466
32532,30066,2466
32533,30067,2466
32534,30068,2466
32536,30070,2466
32538,30072,2466
32539,30073,2466
32540,30074,2466
32541,30075,2466
32542,30076,2466
32543,30077,2466
32544,30078,2466
32545,30079,2466
32547,30081,2466
32549,30083,2466
32550,30084,2466
32552,30086,2466
32553,30087,2466
32555,30089,2466
32556,30090,2466
32557,30091,2466
32558,30092,2466
32560,30094,2466
32561,30095,2466
32562,30096,2466
32564,30098,2466
32565,30099,2466
32566,30100,2466
32567,30101,2466
32568,30102,2466
32569,30103,2466
32571,30105,2466
32572,30106,2466
32573,30107,2466
32574,30108,2466
32576,30110,2466
32577,30111,2466
32578,30112,2466
32579,30113,2466
32580,30114,2466
32581,30115,2466
32582,30116,2466
32584,30118,2466
32585,30119,2466
32586,30120,2466
32587,30121,2466
32589,30123,2466
32590,30124,2466
32591,30125,2466
32592,30126,2466
32593,30127,2466
32594,30128,2466
32595,30129,2466
32597,30131,2466
32598,30132,2466
32600,30134,2466
32602,30136,2466
32603,30137,2466
32604,30138,2466
32605,30139,2466
32607,30141,2466
32608,30142,2466
32609,30143,2466
32610,30144,2466
32612,30146,2466
32613,30147,2466
32614,30148,2466
32616,30150,2466
32617,30151,2466
32618,30152,2466
32619,30153,2466
32621,30155,2466
32622,30156,2466
32623,30157,2466
32624,30158,2466
32625,30159,2466
32627,30161,2466
32628,30162,2466
32629,30163,2466
32631,30165,2466
32632,30166,2466
32633,30167,2466
32634,30168,2466
32636,30170,2466
32637,30171,2466
32638,30172,2466
32639,30173,2466
32640,30174,2466
32641,30175,2466
32642,30176,2466
32644,30178,2466
32646,30180,2466
32647,30181,2466
32648,30182,2466
32649,30183,2466
32650,30184,2466
32651,30185,2466
32653,30187,2466
32654,30188,2466
32655,30189,2466
32656,30190,2466
32658,30192,2466
32659,30193,2466
32660,30194,2466
32661,30195,2466
32662,30196,2466
32663,30197,2466
32664,30198,2466
32666,30200,2466
32667,30201,2466
32668,30202,2466
32669,30203,2466
32671,30205,2466
32672,30206,2466
32673,30207,2466
32674,30208,2466
32675,30209,2466
32676,30210,2466
32677,30211,2466
32679,30213,2466
32680,30214,2466
32682,30216,2466
32684,30218,2466
32685,30219,2466
32686,30220,2466
32687,30221,2466
32689,30223,2466
32690,30224,2466
32691,30225,2466
32692,30226,2466
32694,30228,2466
32695,30229,2466
32696,30230,2466
32698,30232,2466
32699,30233,2466
32700,30234,2466
32701,30235,2466
32703,30237,2466
32704,30238,2466
32705,30239,2466
32706,30240,2466
32707,30241,2466
32709,30243,2466
32710,30244,2466
32711,30245,2466
32713,30247,2466
32714,30248,2466
32715,30249,2466
32716,30250,2466
32718,30252,2466
32719,30253,2466
32720,30254,2466
32721,30255,2466
32722,30256,2466
32723,30257,2466
32724,30258,2466
32726,30260,2466
32727,30261,2466
32729,30263,2466
32730,30264,2466
32732,30266,2466
32733,30267,2466
32734,30268,2466
32735,30269,2466
32736,30270,2466
32737,30271,2466
32739,30273,2466
32740,30274,2466
32741,30275,2466
32743,30277,2466
32745,30279,2466
32746,30280,2466
32748,30282,2466
32749,30283,2466
32751,30285,2466
32752,30286,2466
32753,30287,2466
32754,30288,2466
32756,30290,2466
32758,30292,2466
32759,30293,2466
32761,30295,2466
32762,30296,2466
32763,30297,2466
32764,30298,2466
32765,30299,2466
32766,30300,2466
32768,30302,2466
32769,30303,2466
32770,30304,2466
32771,30305,2466
32773,30307,2466
32774,30308,2466
32775,30309,2466
32777,30311,2466
32778,30312,2466
32779,30313,2466
32781,30315,2466
32782,30316,2466
32784,30318,2466
32785,30319,2466
32786,30320,2466
32787,30321,2466
32789,30323,2466
32790,30324,2466
32791,30325,2466
32792,30326,2466
32793,30327,2466
32794,30328,2466
32796,30329,2467
32797,30330,2467
32798,30331,2467
32800,30333,2467
32801,30334,2467
32802,30335,2467
32803,30336,2467
32805,30338,2467
32807,30339,2468
32808,30340,2468
32809,30341,2468
32810,30342,2468
32812,30344,2468
32813,30345,2468
32815,30347,2468
32817,30349,2468
32818,30350,2468
32819,30351,2468
32820,30352,2468
32821,30353,2468
32822,30354,2468
32824,30356,2468
32825,30357,2468
32826,30358,2468
32827,30359,2468
32829,30361,2468
32830,30362,2468
32831,30363,2468
32833,30365,2468
32834,30366,2468
32835,30367,2468
32837,30369,2468
32838,30370,2468
32840,30372,2468
32841,30373,2468
32842,30374,2468
32843,30375,2468
32845,30377,2468
32846,30378,2468
32847,30379,2468
32848,30380,2468
32849,30381,2468
32850,30382,2468
32852,30384,2468
32853,30385,2468
32854,30386,2468
32856,30388,2468
32857,30389,2468
32858,30390,2468
32859,30391,2468
32860,30392,2468
32861,30393,2468
32862,30394,2468
32863,30395,2468
32864,30396,2468
32865,30397,2468
32866,30398,2468
32868,30400,2468
32869,30401,2468
32871,30403,2468
32872,30404,2468
32874,30406,2468
32875,30407,2468
32876,30408,2468
32877,30409,2468
32879,30410,2469
32880,30411,2469
32882,30413,2469
32883,30414,2469
32884,30415,2469
32886,30417,2469
32888,30419,2469
32889,30420,2469
32891,30422,2469
32892,30423,2469
32894,30425,2469
32895,30426,2469
32896,30427,2469
32897,30428,2469
32899,30430,2469
32901,30432,2469
32902,30433,2469
32904,30435,2469
32905,30436,2469
32906,30437,2469
32907,30438,2469
32908,30439,2469
32909,30440,2469
32911,30442,2469
32912,30443,2469
32913,30444,2469
32914,30445,2469
32916,30447,2469
32917,30448,2469
32918,30449,2469
32920,30451,2469
32921,30452,2469
32922,30453,2469
32924,30455,2469
32925,30456,2469
32927,30458,2469
32928,30459,2469
32929,30460,2469
32930,30461,2469
32932,30463,2469
32933,30464,2469
32934,30465,2469
32935,30466,2469
32936,30467,2469
32937,30468,2469
32939,30470,2469
32940,30471,2469
32941,30472,2469
32943,30474,2469
32944,30475,2469
32945,30476,2469
32946,30477,2469
32948,30479,2469
32950,30481,2469
32951,30482,2469
32952,30483,2469
32953,30484,2469
32955,30485,2470
32956,30486,2470
32958,30488,2470
32960,30490,2470
32961,30491,2470
32962,30492,2470
32963,30493,2470
32964,30494,2470
32965,30495,2470
32967,30497,2470
32968,30498,2470
32969,30499,2470
32970,30500,2470
32972,30502,2470
32973,30503,2470
32974,30504,2470
32976,30506,2470
32977,30507,2470
32978,30508,2470
32980,30510,2470
32981,30511,2470
32983,30513,2470
32984,30514,2470
32985,30515,2470
32986,30516,2470
32988,30518,2470
32989,30519,2470
32990,30520,2470
32991,30521,2470
32992,30522,2470
32993,30523,2470
32994,30524,2470
32995,30525,2470
32996,30526,2470
32998,30528,2470
32999,30529,2470
33000,30530,2470
33001,30531,2470
33002,30532,2470
33003,30533,2470
33004,30534,2470
33005,30535,2470
33006,30536,2470
33007,30537,2470
33008,30538,2470
33010,30540,2470
33011,30541,2470
33013,30543,2470
33014,30544,2470
33016,30546,2470
33017,30547,2470
33018,30548,2470
33019,30549,2470
33021,30551,2470
33022,30552,2470
33024,30554,2470
33025,30555,2470
33026,30556,2470
33028,30558,2470
33030,30560,2470
33031,30561,2470
33033,30563,2470
33034,30564,2470
33036,30566,2470
33037,30567,2470
33038,30568,2470
33039,30569,2470
33041,30571,2470
33042,30572,2470
33043,30573,2470
33045,30575,2470
33046,30576,2470
33047,30577,2470
33048,30578,2470
33049,30579,2470
33050,30580,2470
33052,30582,2470
33053,30583,2470
33054,30584,2470
33055,30585,2470
33057,30587,2470
33058,30588,2470
33059,30589,2470
33060,30590,2470
33061,30591,2470
33062,30592,2470
33063,30593,2470
33065,30595,2470
33066,30596,2470
33067,30597,2470
33068,30598,2470
33070,30600,2470
33071,30601,2470
33072,30602,2470
33073,30603,2470
33074,30604,2470
33075,30605,2470
33076,30606,2470
33078,30607,2471
33079,30608,2471
33081,30610,2471
33083,30612,2471
33084,30613,2471
33085,30614,2471
33086,30615,2471
33088,30617,2471
33089,30618,2471
33090,30619,2471
33091,30620,2471
33093,30622,2471
33094,30623,2471
33095,30624,2471
33097,30626,2471
33098,30627,2471
33099,30628,2471
33100,30629,2471
33102,30631,2471
33103,30632,2471
33104,30633,2471
33105,30634,2471
33106,30635,2471
33108,30637,2471
33109,30638,2471
33110,30639,2471
33112,30641,2471
33113,30642,2471
33114,30643,2471
33115,30644,2471
33117,30646,2471
33118,30647,2471
33119,30648,2471
33120,30649,2471
33121,30650,2471
33122,30651,2471
33123,30652,2471
33125,30654,2471
33127,30656,2471
33128,30657,2471
33129,30658,2471
33130,30659,2471
33131,30660,2471
33132,30661,2471
33134,30663,2471
33135,30664,2471
33136,30665,2471
33137,30666,2471
33139,30668,2471
33140,30669,2471
33141,30670,2471
33142,30671,2471
33143,30672,2471
33144,30673,2471
33145,30674,2471
33147,30676,2471
33148,30677,2471
33149,30678,2471
33150,30679,2471
33152,30681,2471
33153,30682,2471
33154,30683,2471
33155,30684,2471
33156,30685,2471
33157,30686,2471
33158,30687,2471
33160,30689,2471
33161,30690,2471
33163,30692,2471
33165,30694,2471
33166,30695,2471
33167,30696,2471
33168,30697,2471
33170,30699,2471
33171,30700,2471
33172,30701,2471
33173,30702,2471
33175,30704,2471
33176,30705,2471
33177,30706,2471
33179,30708,2471
33180,30709,2471
33181,30710,2471
33182,30711,2471
33184,30713,2471
33185,30714,2471
33186,30715,2471
33187,30716,2471
33188,30717,2471
33190,30719,2471
33191,30720,2471
33192,30721,2471
33194,30723,2471
33195,30724,2471
33196,30725,2471
33197,30726,2471
33199,30728,2471
33200,30729,2471
33201,30730,2471
33202,30731,2471
33203,30732,2471
33204,30733,2471
33206,30735,2471
33208,30737,2471
33209,30738,2471
33210,30739,2471
33211,30740,2471
33212,30741,2471
33213,30742,2471
33215,30744,2471
33216,30745,2471
33217,30746,2471
33218,30747,2471
33220,30749,2471
33221,30750,2471
33223,30752,2471
33225,30754,2471
33226,30755,2471
33227,30756,2471
33228,30757,2471
33229,30758,2471
33231,30760,2471
33232,30761,2471
33233,30762,2471
33234,30763,2471
33236,30765,2471
33237,30766,2471
33238,30767,2471
33240,30769,2471
33241,30770,2471
33242,30771,2471
33243,30772,2471
33245,30774,2471
33246,30775,2471
33247,30776,2471
33248,30777,2471
33249,30778,2471
33250,30779,2471
33251,30780,2471
33253,30782,2471
33254,30783,2471
33255,30784,2471
33256,30785,2471
33258,30787,2471
33259,30788,2471
33260,30789,2471
33261,30790,2471
33262,30791,2471
33263,30792,2471
33264,30793,2471
33266,30795,2471
33267,30796,2471
33269,30798,2471
33271,30800,2471
33272,30801,2471
33273,30802,2471
33274,30803,2471
33276,30805,2471
33277,30806,2471
33278,30807,2471
33279,30808,2471
33281,30810,2471
33282,30811,2471
33284,30813,2471
33285,30814,2471
33286,30815,2471
33288,30817,2471
33289,30818,2471
33291,30820,2471
33292,30821,2471
33294,30823,2471
33295,30824,2471
33296,30825,2471
33297,30826,2471
33299,30828,2471
33301,30830,2471
33303,30832,2471
33304,30833,2471
33305,30834,2471
33307,30836,2471
33308,30837,2471
33309,30838,2471
33310,30839,2471
33312,30841,2471
33313,30842,2471
33314,30843,2471
33316,30845,2471
33317,30846,2471
33318,30847,2471
33319,30848,2471
33321,30850,2471
33322,30851,2471
33323,30852,2471
33324,30853,2471
33326,30855,2471
33327,30856,2471
33328,30857,2471
33329,30858,2471
33330,30859,2471
33331,30860,2471
33332,30861,2471
33333,30862,2471
33335,30864,2471
33336,30865,2471
33337,30866,2471
33338,30867,2471
33340,30869,2471
33341,30870,2471
33342,30871,2471
33344,30873,2471
33345,30874,2471
33347,30876,2471
33348,30877,2471
33350,30879,2471
33351,30880,2471
33352,30881,2471
33353,30882,2471
33354,30883,2471
33356,30885,2471
33357,30886,2471
33359,30888,2471
33360,30889,2471
33362,30891,2471
33363,30892,2471
33364,30893,2471
33366,30895,2471
33367,30896,2471
33368,30897,2471
33369,30898,2471
33370,30899,2471
33371,30900,2471
33372,30901,2471
33373,30901,2472
33374,30902,2472
33376,30903,2473
33378,30905,2473
33379,30906,2473
33380,30907,2473
33381,30908,2473
33382,30909,2473
33384,30911,2473
33385,30912,2473
33386,30913,2473
33387,30914,2473
33388,30915,2473
33390,30917,2473
33391,30918,2473
33392,30919,2473
33393,30920,2473
33394,30921,2473
33395,30922,2473
33396,30923,2473
33398,30925,2473
33399,30926,2473
33401,30928,2473
33403,30930,2473
33405,30932,2473
33406,30933,2473
33408,30935,2473
33409,30936,2473
33410,30937,2473
33412,30939,2473
33413,30940,2473
33415,30942,2473
33416,30943,2473
33418,30945,2473
33419,30946,2473
33421,30948,2473
33422,30949,2473
33424,30951,2473
33425,30952,2473
33426,30953,2473
33427,30954,2473
33428,30955,2473
33430,30957,2473
33431,30958,2473
33432,30959,2473
33433,30960,2473
33434,30961,2473
33435,30962,2473
33437,30964,2473
33438,30965,2473
33439,30966,2473
33441,30968,2473
33442,30969,2473
33444,30971,2473
33445,30971,2474
33446,30972,2474
33447,30973,2474
33449,30975,2474
33451,30975,2476
33452,30976,2476
33453,30977,2476
33454,30978,2476
33456,30980,2476
33458,30982,2476
33459,30982,2477
33460,30983,2477
33461,30984,2477
33462,30985,2477
33463,30986,2477
33465,30988,2477
33466,30988,2478
33467,30989,2478
33468,30990,2478
33469,30991,2478
33471,30993,2478
33472,30994,2478
33473,30995,2478
33474,30996,2478
33475,30996,2479
33476,30997,2479
33478,30999,2479
33480,31000,2480
33481,31001,2480
33482,31002,2480
33483,31003,2480
33485,31005,2480
33486,31006,2480
33487,31007,2480
33488,31008,2480
33489,31008,2481
33490,31009,2481
33491,31010,2481
33492,31011,2481
33493,31012,2481
33494,31013,2481
33496,31014,2482
33497,31015,2482
33499,31017,2482
33500,31018,2482
33501,31019,2482
33502,31020,2482
33503,31021,2482
33504,31022,2482
33505,31023,2482
33507,31025,2482
33508,31026,2482
33509,31027,2482
33510,31028,2482
33511,31029,2482
33512,31030,2482
33514,31032,2482
33516,31034,2482
33518,31035,2483
33519,31036,2483
33520,31037,2483
33521,31038,2483
33523,31040,2483
33524,31041,2483
33525,31042,2483
33526,31043,2483
33528,31045,2483
33529,31046,2483
33530,31047,2483
33531,31048,2483
33532,31049,2483
33533,31050,2483
33535,31051,2484
33536,31052,2484
33537,31053,2484
33538,31054,2484
33539,31055,2484
33540,31056,2484
33541,31057,2484
33542,31058,2484
33543,31059,2484
33545,31061,2484
33547,31063,2484
33548,31064,2484
33550,31066,2484
33551,31067,2484
33553,31069,2484
33554,31070,2484
33556,31072,2484
33557,31073,2484
33559,31075,2484
33560,31076,2484
33562,31078,2484
33563,31079,2484
33564,31080,2484
33565,31081,2484
33566,31082,2484
33568,31084,2484
33569,31085,2484
33571,31087,2484
33572,31088,2484
33574,31090,2484
33575,31091,2484
33576,31092,2484
33578,31093,2485
33579,31094,2485
33580,31095,2485
33581,31096,2485
33582,31097,2485
33583,31098,2485
33584,31099,2485
33586,31101,2485
33588,31103,2485
33589,31104,2485
33590,31105,2485
33591,31106,2485
33592,31107,2485
33594,31109,2485
33595,31110,2485
33596,31111,2485
33597,31112,2485
33598,31113,2485
33600,31115,2485
33601,31116,2485
33602,31117,2485
33603,31118,2485
33604,31119,2485
33605,31120,2485
33606,31121,2485
33608,31123,2485
33609,31124,2485
33611,31126,2485
33613,31128,2485
33615,31130,2485
33616,31131,2485
33618,31133,2485
33619,31134,2485
33620,31135,2485
33622,31137,2485
33623,31138,2485
33625,31140,2485
33626,31141,2485
33628,31143,2485
33629,31144,2485
33631,31146,2485
33632,31147,2485
33634,31149,2485
33635,31150,2485
33636,31151,2485
33637,31152,2485
33638,31153,2485
33640,31155,2485
33641,31156,2485
33642,31157,2485
33643,31158,2485
33644,31159,2485
33645,31160,2485
33647,31162,2485
33648,31163,2485
33649,31164,2485
33651,31166,2485
33652,31167,2485
33654,31169,2485
33655,31170,2485
33656,31171,2485
33657,31172,2485
33659,31174,2485
33661,31175,2486
33662,31176,2486
33663,31177,2486
33664,31178,2486
33666,31180,2486
33668,31182,2486
33669,31183,2486
33670,31184,2486
33671,31185,2486
33672,31186,2486
33673,31187,2486
33675,31189,2486
33676,31190,2486
33677,31191,2486
33678,31192,2486
33679,31193,2486
33681,31195,2486
33682,31196,2486
33683,31197,2486
33684,31198,2486
33685,31199,2486
33686,31200,2486
33688,31202,2486
33690,31204,2486
33691,31205,2486
33692,31206,2486
33693,31207,2486
33695,31209,2486
33696,31210,2486
33697,31211,2486
33698,31212,2486
33699,31213,2486
33700,31214,2486
33702,31216,2486
33703,31217,2486
33704,31218,2486
33705,31219,2486
33706,31220,2486
33708,31222,2486
33709,31223,2486
33710,31224,2486
33711,31225,2486
33712,31225,2487
33713,31226,2487
33715,31228,2487
33717,31229,2488
33718,31230,2488
33719,31231,2488
33720,31232,2488
33722,31234,2488
33723,31234,2489
33724,31235,2489
33725,31236,2489
33726,31237,2489
33727,31238,2489
33728,31239,2489
33730,31240,2490
33731,31241,2490
33732,31242,2490
33733,31243,2490
33734,31244,2490
33736,31246,2490
33737,31247,2490
33738,31248,2490
33739,31249,2490
33740,31250,2490
33741,31251,2490
33742,31252,2490
33744,31254,2490
33745,31255,2490
33746,31256,2490
33747,31257,2490
33749,31257,2492
33750,31258,2492
33751,31258,2493
33753,31260,2493
33754,31261,2493
33755,31262,2493
33757,31263,2494
33758,31264,2494
33760,31266,2494
33761,31267,2494
33762,31268,2494
33763,31269,2494
33765,31271,2494
33766,31272,2494
33767,31273,2494
33768,31274,2494
33769,31275,2494
33770,31276,2494
33771,31277,2494
33772,31278,2494
33773,31279,2494
33774,31280,2494
33775,31281,2494
33776,31282,2494
33777,31283,2494
33778,31284,2494
33779,31285,2494
33781,31287,2494
33783,31289,2494
33784,31290,2494
33786,31292,2494
33787,31293,2494
33789,31295,2494
33790,31296,2494
33792,31298,2494
33793,31299,2494
33795,31301,2494
33796,31302,2494
33798,31304,2494
33799,31305,2494
33800,31306,2494
33801,31307,2494
33802,31308,2494
33804,31310,2494
33805,31311,2494
33807,31313,2494
33808,31314,2494
33810,31316,2494
33811,31317,2494
33812,31318,2494
33814,31319,2495
33815,31320,2495
33816,31321,2495
33818,31323,2495
33820,31325,2495
33821,31326,2495
33822,31327,2495
33823,31328,2495
33825,31330,2495
33827,31332,2495
33828,31333,2495
33830,31334,2496
33832,31336,2496
33833,31337,2496
33835,31338,2497
33837,31340,2497
33838,31341,2497
33840,31343,2497
33841,31344,2497
33842,31345,2497
33843,31346,2497
33844,31346,2498
33845,31347,2498
33846,31348,2498
33847,31349,2498
33849,31351,2498
33850,31352,2498
33851,31353,2498
33852,31354,2498
33853,31355,2498
33854,31356,2498
33855,31357,2498
33856,31358,2498
33857,31359,2498
33858,31360,2498
33860,31362,2498
33861,31363,2498
33862,31364,2498
33863,31365,2498
33864,31366,2498
33865,31367,2498
33866,31368,2498
33867,31369,2498
33868,31370,2498
33869,31371,2498
33871,31373,2498
33872,31374,2498
33873,31375,2498
33874,31376,2498
33875,31377,2498
33876,31378,2498
33877,31379,2498
33878,31380,2498
33879,31381,2498
33880,31382,2498
33882,31384,2498
33883,31385,2498
33884,31386,2498
33885,31387,2498
33886,31388,2498
33887,31389,2498
33888,31390,2498
33889,31391,2498
33890,31392,2498
33891,31393,2498
33893,31395,2498
33894,31396,2498
33895,31397,2498
33896,31398,2498
33897,31399,2498
33898,31400,2498
33899,31401,2498
33900,31402,2498
33901,31403,2498
33902,31404,2498
33904,31406,2498
33905,31407,2498
33907,31409,2498
33908,31410,2498
33909,31411,2498
33910,31412,2498
33911,31413,2498
33912,31414,2498
33913,31415,2498
33914,31416,2498
33916,31418,2498
33917,31419,2498
33918,31420,2498
33919,31421,2498
33920,31422,2498
33921,31423,2498
33922,31424,2498
33923,31425,2498
33924,31426,2498
33925,31427,2498
33927,31429,2498
33928,31430,2498
33929,31431,2498
33930,31432,2498
33931,31433,2498
33932,31434,2498
33933,31435,2498
33934,31436,2498
33935,31437,2498
33936,31438,2498
33938,31440,2498
33939,31441,2498
33940,31442,2498
33941,31443,2498
33942,31444,2498
33943,31445,2498
33944,31446,2498
33945,31447,2498
33946,31448,2498
33947,31449,2498
33949,31451,2498
33950,31452,2498
33952,31454,2498
33953,31455,2498
33954,31456,2498
33955,31457,2498
33956,31458,2498
33957,31459,2498
33958,31460,2498
33959,31461,2498
33961,31463,2498
33962,31464,2498
33963,31465,2498
33964,31466,2498
33965,31467,2498
33966,31468,2498
33967,31469,2498
33968,31469,2499
33969,31470,2499
33970,31471,2499
33972,31473,2499
33973,31474,2499
33974,31474,2500
33975,31475,2500
33976,31476,2500
33977,31477,2500
33978,31478,2500
33979,31478,2501
33980,31479,2501
33981,31480,2501
33983,31482,2501
33984,31483,2501
33985,31483,2502
33986,31484,2502
33987,31485,2502
33988,31486,2502
33989,31487,2502
33990,31487,2503
33991,31488,2503
33992,31489,2503
33994,31491,2503
33995,31492,2503
33997,31493,2504
33998,31494,2504
33999,31495,2504
34000,31496,2504
34001,31497,2504
34002,31497,2505
34003,31498,2505
34004,31499,2505
34006,31501,2505
34007,31502,2505
34008,31502,2506
34009,31503,2506
34010,31504,2506
34011,31505,2506
34012,31506,2506
34013,31506,2507
34014,31507,2507
34015,31508,2507
34017,31510,2507
34018,31511,2507
34019,31511,2508
34020,31512,2508
34021,31513,2508
34022,31514,2508
34023,31515,2508
34024,31515,2509
34025,31516,2509
34026,31517,2509
34028,31519,2509
34029,31520,2509
34030,31520,2510
34031,31521,2510
34032,31522,2510
34033,31523,2510
34034,31524,2510
34035,31524,2511
34036,31525,2511
34037,31526,2511
34039,31528,2511
34040,31529,2511
34042,31530,2512
34043,31531,2512
34044,31532,2512
34045,31533,2512
34046,31534,2512
34047,31534,2513
34048,31535,2513
34049,31536,2513
34051,31538,2513
34052,31539,2513
34053,31539,2514
34054,31540,2514
34055,31541,2514
34056,31542,2514
34057,31543,2514
34058,31543,2515
34059,31544,2515
34060,31545,2515
34062,31547,2515
34063,31548,2515
34064,31548,2516
34065,31549,2516
34066,31550,2516
34067,31551,2516
34068,31552,2516
34069,31552,2517
34070,31553,2517
34071,31554,2517
34073,31556,2517
34074,31557,2517
34075,31557,2518
34076,31558,2518
34077,31559,2518
34078,31560,2518
34079,31561,2518
34080,31561,2519
34081,31562,2519
34082,31563,2519
34084,31565,2519
34085,31566,2519
34087,31567,2520
34088,31568,2520
34089,31569,2520
34090,31570,2520
34091,31571,2520
34092,31571,2521
34093,31572,2521
34094,31573,2521
34096,31575,2521
34097,31576,2521
34098,31576,2522
34099,31577,2522
34100,31578,2522
34101,31579,2522
34102,31580,2522
34103,31580,2523
34104,31581,2523
34105,31582,2523
34107,31584,2523
34108,31585,2523
34109,31585,2524
34110,31586,2524
34111,31587,2524
34112,31588,2524
34113,31589,2524
34114,31589,2525
34115,31590,2525
34116,31591,2525
34118,31593,2525
34119,31594,2525
34120,31594,2526
34121,31595,2526
34122,31596,2526
34123,31597,2526
34124,31598,2526
34125,31599,2526
34127,31601,2526
34128,31602,2526
34129,31603,2526
34130,31604,2526
34132,31606,2526
34133,31607,2526
34135,31609,2526
34136,31610,2526
34137,31611,2526
34138,31612,2526
34139,31613,2526
34141,31615,2526
34142,31616,2526
34143,31617,2526
34144,31618,2526
34145,31619,2526
34146,31620,2526
34147,31621,2526
34148,31622,2526
34149,31623,2526
34150,31624,2526
34152,31626,2526
34153,31627,2526
34155,31629,2526
34156,31630,2526
34158,31632,2526
34159,31633,2526
34160,31634,2526
34162,31636,2526
34164,31638,2526
34165,31639,2526
34166,31640,2526
34167,31641,2526
34169,31643,2526
34170,31644,2526
34171,31645,2526
34172,31646,2526
34174,31648,2526
34175,31649,2526
34176,31650,2526
34177,31651,2526
34178,31652,2526
34179,31653,2526
34181,31655,2526
34182,31656,2526
34183,31657,2526
34184,31658,2526
34186,31660,2526
34187,31661,2526
34188,31662,2526
34189,31663,2526
34190,31664,2526
34192,31666,2526
34193,31667,2526
34195,31669,2526
34196,31670,2526
34198,31672,2526
34200,31674,2526
34201,31675,2526
34202,31676,2526
34203,31677,2526
34205,31679,2526
34207,31681,2526
34208,31682,2526
34210,31684,2526
34212,31686,2526
34213,31687,2526
34214,31688,2526
34216,31689,2527
34217,31690,2527
34219,31692,2527
34220,31693,2527
34221,31694,2527
34222,31695,2527
34224,31697,2527
34225,31698,2527
34226,31699,2527
34228,31701,2527
34230,31703,2527
34231,31704,2527
34232,31705,2527
34233,31706,2527
34234,31707,2527
34236,31709,2527
34237,31710,2527
34238,31711,2527
34239,31712,2527
34240,31713,2527
34242,31715,2527
34243,31716,2527
34244,31717,2527
34245,31718,2527
34246,31719,2527
34248,31721,2527
34249,31722,2527
34250,31723,2527
34251,31724,2527
34252,31725,2527
34254,31727,2527
34255,31727,2528
34256,31728,2528
34257,31729,2528
34258,31730,2528
34259,31731,2528
34260,31732,2528
34261,31733,2528
34263,31734,2529
34265,31736,2529
34266,31737,2529
34267,31738,2529
34268,31739,2529
34270,31740,2530
34271,31741,2530
34273,31743,2530
34274,31744,2530
34275,31745,2530
34276,31746,2530
34277,31747,2530
34278,31748,2530
34279,31749,2530
34280,31750,2530
34282,31752,2530
34283,31753,2530
34284,31754,2530
34285,31755,2530
34286,31756,2530
34288,31758,2530
34289,31759,2530
34290,31760,2530
34291,31761,2530
34292,31762,2530
34294,31764,2530
34296,31765,2531
34297,31766,2531
34298,31767,2531
34299,31768,2531
34300,31769,2531
34301,31770,2531
34302,31771,2531
34303,31772,2531
34305,31774,2531
34306,31775,2531
34307,31776,2531
34308,31777,2531
34309,31778,2531
34310,31779,2531
34312,31781,2531
34313,31782,2531
34314,31783,2531
34316,31785,2531
34318,31787,2531
34319,31788,2531
34320,31789,2531
34322,31791,2531
34324,31793,2531
34325,31794,2531
34326,31795,2531
34327,31796,2531
34329,31798,2531
34330,31799,2531
34332,31801,2531
34334,31802,2532
34335,31803,2532
34336,31804,2532
34337,31805,2532
34338,31806,2532
34340,31807,2533
34342,31808,2534
34343,31809,2534
34344,31810,2534
34345,31811,2534
34346,31812,2534
34347,31813,2534
34348,31814,2534
34350,31816,2534
34351,31817,2534
34352,31818,2534
34353,31819,2534
34354,31820,2534
34355,31821,2534
34357,31822,2535
34358,31823,2535
34359,31824,2535
34361,31825,2536
34362,31826,2536
34363,31827,2536
34364,31828,2536
34366,31830,2536
34367,31830,2537
34368,31831,2537
34369,31832,2537
34370,31833,2537
34371,31833,2538
34373,31835,2538
34374,31836,2538
34375,31837,2538
34376,31838,2538
34377,31839,2538
34378,31840,2538
34379,31841,2538
34381,31843,2538
34382,31844,2538
34384,31846,2538
34385,31847,2538
34386,31848,2538
34387,31849,2538
34388,31850,2538
34389,31851,2538
34390,31852,2538
34392,31854,2538
34393,31855,2538
34394,31856,2538
34395,31857,2538
34397,31859,2538
34398,31859,2539
34399,31860,2539
34401,31862,2539
34402,31863,2539
34404,31864,2540
34406,31866,2540
34407,31867,2540
34408,31868,2540
34409,31869,2540
34410,31870,2540
34411,31871,2540
34412,31872,2540
34414,31874,2540
34415,31875,2540
34416,31876,2540
34417,31877,2540
34418,31878,2540
34419,31879,2540
34421,31880,2541
34422,31881,2541
34423,31882,2541
34425,31884,2541
34426,31885,2541
34427,31886,2541
34428,31887,2541
34430,31889,2541
34431,31890,2541
34432,31891,2541
34433,31892,2541
34434,31893,2541
34435,31893,2542
34437,31895,2542
34438,31896,2542
34439,31897,2542
34440,31898,2542
34441,31899,2542
34442,31900,2542
34443,31901,2542
34445,31903,2542
34446,31904,2542
34447,31905,2542
34448,31906,2542
34449,31907,2542
34450,31908,2542
34451,31909,2542
34452,31910,2542
34454,31912,2542
34456,31914,2542
34457,31915,2542
34458,31916,2542
34459,31917,2542
34461,31919,2542
34462,31919,2543
34463,31920,2543
34465,31922,2543
34466,31923,2543
34468,31924,2544
34470,31926,2544
34471,31927,2544
34472,31928,2544
34473,31929,2544
34474,31930,2544
34475,31931,2544
34476,31932,2544
34478,31934,2544
34479,31935,2544
34480,31936,2544
34481,31937,2544
34482,31938,2544
34483,31939,2544
34484,31940,2544
34485,31941,2544
34486,31942,2544
34488,31944,2544
34489,31945,2544
34490,31946,2544
34491,31947,2544
34493,31949,2544
34494,31950,2544
34495,31951,2544
34496,31952,2544
34497,31953,2544
34498,31953,2545
34500,31955,2545
34502,31956,2546
34503,31957,2546
34504,31958,2546
34505,31959,2546
34506,31960,2546
34507,31961,2546
34509,31963,2546
34510,31964,2546
34512,31966,2546
34513,31967,2546
34514,31968,2546
34515,31969,2546
34516,31970,2546
34517,31971,2546
34518,31972,2546
34520,31974,2546
34521,31975,2546
34522,31976,2546
34523,31977,2546
34525,31979,2546
34526,31979,2547
34527,31980,2547
34529,31982,2547
34530,31983,2547
34532,31984,2548
34534,31986,2548
34535,31987,2548
34536,31988,2548
34537,31989,2548
34538,31990,2548
34539,31991,2548
34540,31992,2548
34542,31994,2548
34543,31995,2548
34544,31996,2548
34545,31997,2548
34546,31998,2548
34547,31999,2548
34549,32000,2549
34550,32001,2549
34551,32002,2549
34553,32004,2549
34554,32005,2549
34555,32006,2549
34556,32007,2549
34558,32009,2549
34559,32010,2549
34560,32011,2549
34561,32012,2549
34562,32013,2549
34563,32013,2550
34565,32015,2550
34566,32016,2550
34567,32017,2550
34568,32018,2550
34569,32019,2550
34570,32020,2550
34571,32021,2550
34573,32023,2550
34574,32024,2550
34575,32025,2550
34576,32026,2550
34577,32027,2550
34578,32028,2550
34579,32029,2550
34580,32030,2550
34582,32032,2550
34584,32034,2550
34585,32035,2550
34586,32036,2550
34587,32037,2550
34589,32039,2550
34590,32039,2551
34591,32040,2551
34593,32042,2551
34594,32043,2551
34596,32044,2552
34598,32046,2552
34599,32047,2552
34600,32048,2552
34601,32049,2552
34602,32050,2552
34603,32051,2552
34604,32052,2552
34606,32054,2552
34607,32055,2552
34608,32056,2552
34609,32057,2552
34610,32058,2552
34611,32059,2552
34612,32060,2552
34613,32061,2552
34614,32062,2552
34616,32064,2552
34617,32065,2552
34618,32066,2552
34619,32067,2552
34621,32069,2552
34622,32070,2552
34623,32071,2552
34624,32072,2552
34625,32073,2552
34626,32073,2553
34628,32075,2553
34630,32076,2554
34631,32077,2554
34632,32078,2554
34633,32079,2554
34634,32080,2554
34635,32081,2554
34637,32083,2554
34638,32084,2554
34640,32086,2554
34641,32087,2554
34642,32088,2554
34643,32089,2554
34644,32090,2554
34645,32091,2554
34646,32092,2554
34648,32094,2554
34649,32095,2554
34650,32096,2554
34651,32097,2554
34653,32099,2554
34654,32099,2555
34655,32100,2555
34657,32102,2555
34658,32103,2555
34660,32104,2556
34662,32106,2556
34663,32107,2556
34664,32108,2556
34665,32109,2556
34666,32110,2556
34667,32111,2556
34668,32112,2556
34670,32114,2556
34671,32115,2556
34672,32116,2556
34673,32117,2556
34674,32118,2556
34675,32119,2556
34677,32120,2557
34678,32121,2557
34679,32122,2557
34681,32124,2557
34682,32125,2557
34683,32126,2557
34684,32127,2557
34686,32129,2557
34687,32130,2557
34688,32131,2557
34689,32132,2557
34690,32133,2557
34691,32133,2558
34693,32135,2558
34694,32136,2558
34695,32137,2558
34696,32138,2558
34697,32139,2558
34698,32140,2558
34699,32141,2558
34701,32143,2558
34702,32144,2558
34703,32145,2558
34704,32146,2558
34705,32147,2558
34706,32148,2558
34707,32149,2558
34708,32150,2558
34710,32151,2559
34712,32153,2559
34713,32154,2559
34714,32155,2559
34715,32156,2559
34717,32158,2559
34718,32158,2560
34719,32159,2560
34721,32161,2560
34722,32162,2560
34724,32163,2561
34726,32165,2561
34727,32166,2561
34728,32167,2561
34729,32168,2561
34730,32169,2561
34731,32170,2561
34732,32171,2561
34734,32173,2561
34735,32174,2561
34736,32175,2561
34737,32176,2561
34738,32177,2561
34739,32178,2561
34740,32179,2561
34741,32180,2561
34742,32181,2561
34744,32183,2561
34745,32184,2561
34746,32185,2561
34747,32186,2561
34749,32188,2561
34750,32189,2561
34751,32190,2561
34752,32191,2561
34753,32192,2561
34754,32192,2562
34756,32194,2562
34758,32195,2563
34759,32196,2563
34760,32197,2563
34761,32198,2563
34762,32199,2563
34763,32200,2563
34765,32202,2563
34766,32203,2563
34768,32205,2563
34769,32206,2563
34770,32207,2563
34771,32208,2563
34772,32209,2563
34773,32210,2563
34774,32211,2563
34776,32213,2563
34777,32214,2563
34778,32215,2563
34779,32216,2563
34781,32218,2563
34782,32218,2564
34783,32219,2564
34785,32221,2564
34786,32222,2564
34788,32223,2565
34790,32225,2565
34791,32226,2565
34792,32227,2565
34793,32228,2565
34794,32229,2565
34795,32230,2565
34796,32231,2565
34798,32233,2565
34799,32234,2565
34800,32235,2565
34801,32236,2565
34802,32237,2565
34803,32238,2565
34805,32239,2566
34806,32240,2566
34807,32241,2566
34809,32243,2566
34810,32244,2566
34811,32245,2566
34812,32246,2566
34814,32248,2566
34815,32249,2566
34816,32250,2566
34817,32251,2566
34818,32252,2566
34819,32252,2567
34821,32254,2567
34822,32255,2567
34823,32256,2567
34824,32257,2567
34825,32258,2567
34826,32259,2567
34827,32260,2567
34829,32262,2567
34830,32263,2567
34831,32264,2567
34832,32265,2567
34833,32266,2567
34834,32267,2567
34835,32268,2567
34836,32269,2567
34838,32270,2568
34840,32272,2568
34841,32273,2568
34842,32274,2568
34843,32275,2568
34845,32277,2568
34846,32277,2569
34847,32278,2569
34849,32280,2569
34850,32281,2569
34852,32282,2570
34854,32284,2570
34855,32285,2570
34856,32286,2570
34857,32287,2570
34858,32288,2570
34859,32289,2570
34860,32290,2570
34862,32292,2570
34863,32293,2570
34864,32294,2570
34865,32295,2570
34866,32296,2570
34867,32297,2570
34868,32298,2570
34869,32299,2570
34870,32300,2570
34872,32302,2570
34873,32303,2570
34874,32304,2570
34875,32305,2570
34877,32307,2570
34878,32308,2570
34879,32309,2570
34880,32310,2570
34881,32311,2570
34882,32311,2571
34884,32313,2571
34886,32314,2572
34887,32315,2572
34888,32316,2572
34889,32317,2572
34890,32318,2572
34891,32319,2572
34893,32321,2572
34894,32322,2572
34896,32324,2572
34897,32325,2572
34898,32326,2572
34899,32327,2572
34900,32328,2572
34901,32329,2572
34902,32330,2572
34904,32332,2572
34905,32333,2572
34906,32334,2572
34907,32335,2572
34909,32337,2572
34910,32337,2573
34911,32338,2573
34913,32340,2573
34914,32341,2573
34916,32342,2574
34918,32344,2574
34919,32345,2574
34920,32346,2574
34921,32347,2574
34922,32348,2574
34923,32349,2574
34924,32350,2574
34926,32352,2574
34927,32353,2574
34928,32354,2574
34929,32355,2574
34930,32356,2574
34931,32357,2574
34933,32358,2575
34934,32359,2575
34935,32360,2575
34937,32362,2575
34938,32363,2575
34939,32364,2575
34940,32365,2575
34942,32367,2575
34943,32368,2575
34944,32369,2575
34945,32370,2575
34946,32371,2575
34947,32371,2576
34949,32373,2576
34950,32374,2576
34951,32375,2576
34952,32376,2576
34953,32377,2576
34954,32378,2576
34955,32379,2576
34957,32381,2576
34958,32382,2576
34959,32383,2576
34960,32384,2576
34961,32385,2576
34962,32386,2576
34963,32387,2576
34964,32388,2576
34966,32389,2577
34968,32391,2577
34969,32392,2577
34970,32393,2577
34971,32394,2577
34973,32396,2577
34974,32396,2578
34975,32397,2578
34977,32399,2578
34978,32400,2578
34980,32401,2579
34982,32403,2579
34983,32404,2579
34984,32405,2579
34985,32406,2579
34986,32407,2579
34987,32408,2579
34988,32409,2579
34990,32411,2579
34991,32412,2579
34992,32413,2579
34993,32414,2579
34994,32415,2579
34995,32416,2579
34996,32417,2579
34997,32418,2579
34998,32419,2579
35000,32421,2579
35001,32422,2579
35002,32423,2579
35003,32424,2579
35005,32426,2579
35006,32427,2579
35007,32428,2579
35008,32429,2579
35009,32430,2579
35010,32430,2580
35012,32432,2580
35014,32433,2581
35015,32434,2581
35016,32435,2581
35017,32436,2581
35018,32437,2581
35019,32438,2581
35021,32440,2581
35022,32441,2581
35024,32443,2581
35025,32444,2581
35026,32445,2581
35027,32446,2581
35028,32447,2581
35029,32448,2581
35030,32449,2581
35032,32451,2581
35033,32452,2581
35034,32453,2581
35035,32454,2581
35037,32456,2581
35038,32456,2582
35039,32457,2582
35041,32459,2582
35042,32460,2582
35044,32461,2583
35046,32463,2583
35047,32464,2583
35048,32465,2583
35049,32466,2583
35050,32467,2583
35051,32468,2583
35052,32469,2583
35054,32471,2583
35055,32472,2583
35056,32473,2583
35057,32474,2583
35058,32475,2583
35059,32476,2583
35061,32477,2584
35062,32478,2584
35063,32479,2584
35065,32481,2584
35066,32482,2584
35067,32483,2584
35068,32484,2584
35070,32486,2584
35071,32487,2584
35072,32488,2584
35073,32489,2584
35074,32490,2584
35075,32490,2585
35077,32492,2585
35078,32493,2585
35079,32494,2585
35080,32495,2585
35081,32496,2585
35082,32497,2585
35083,32498,2585
35085,32500,2585
35086,32501,2585
35087,32502,2585
35088,32503,2585
35089,32504,2585
35090,32505,2585
35091,32506,2585
35092,32507,2585
35094,32508,2586
35096,32510,2586
35097,32511,2586
35098,32512,2586
35099,32513,2586
35101,32515,2586
35102,32515,2587
35103,32516,2587
35105,32518,2587
35106,32519,2587
35108,32521,2587
35110,32523,2587
35111,32524,2587
35112,32525,2587
35113,32526,2587
35114,32527,2587
35115,32528,2587
35116,32529,2587
35117,32530,2587
35118,32531,2587
35119,32532,2587
35121,32534,2587
35122,32535,2587
35123,32536,2587
35124,32537,2587
35125,32538,2587
35126,32539,2587
35127,32540,2587
35128,32541,2587
35129,32542,2587
35130,32543,2587
35131,32544,2587
35133,32546,2587
35134,32547,2587
35135,32548,2587
35137,32550,2587
35138,32551,2587
35139,32552,2587
35140,32553,2587
35141,32554,2587
35143,32556,2587
35144,32557,2587
35145,32558,2587
35146,32559,2587
35147,32560,2587
35148,32561,2587
35150,32563,2587
35151,32564,2587
35152,32565,2587
35153,32566,2587
35154,32567,2587
35155,32568,2587
35156,32569,2587
35157,32570,2587
35159,32572,2587
35160,32573,2587
35161,32574,2587
35162,32575,2587
35163,32576,2587
35164,32577,2587
35165,32578,2587
35166,32579,2587
35167,32580,2587
35168,32581,2587
35169,32582,2587
35170,32583,2587
35172,32585,2587
35173,32586,2587
35175,32588,2587
35176,32589,2587
35177,32590,2587
35178,32591,2587
35180,32593,2587
35182,32595,2587
35184,32597,2587
35185,32598,2587
35187,32600,2587
35188,32601,2587
35189,32601,2588
35191,32603,2588
35193,32605,2588
35194,32606,2588
35195,32607,2588
35197,32609,2588
35199,32611,2588
35200,32612,2588
35201,32613,2588
35203,32615,2588
35205,32617,2588
35206,32618,2588
35208,32620,2588
35210,32622,2588
35211,32623,2588
35213,32625,2588
35214,32626,2588
35216,32628,2588
35217,32629,2588
35218,32630,2588
35219,32631,2588
35220,32632,2588
35221,32633,2588
35223,32635,2588
35224,32636,2588
35225,32637,2588
35226,32638,2588
35227,32639,2588
35228,32640,2588
35229,32641,2588
35230,32642,2588
35231,32643,2588
35232,32644,2588
35234,32646,2588
35235,32647,2588
35237,32649,2588
35238,32650,2588
35239,32651,2588
35240,32652,2588
35241,32653,2588
35242,32654,2588
35243,32655,2588
35244,32656,2588
35246,32658,2588
35247,32659,2588
35248,32660,2588
35249,32661,2588
35250,32662,2588
35251,32663,2588
35252,32664,2588
35253,32665,2588
35254,32666,2588
35255,32667,2588
35257,32669,2588
35258,32670,2588
35260,32672,2588
35261,32673,2588
35262,32674,2588
35263,32675,2588
35264,32676,2588
35265,32677,2588
35266,32678,2588
35267,32679,2588
35269,32681,2588
35270,32682,2588
35271,32683,2588
35272,32684,2588
35273,32685,2588
35274,32686,2588
35275,32687,2588
35276,32688,2588
35278,32690,2588
35279,32691,2588
35280,32692,2588
35281,32693,2588
35283,32695,2588
35284,32696,2588
35286,32698,2588
35287,32699,2588
35288,32700,2588
35289,32701,2588
35290,32702,2588
35292,32704,2588
35293,32705,2588
35294,32706,2588
35295,32707,2588
35296,32708,2588
35297,32709,2588
35298,32710,2588
35299,32711,2588
35300,32712,2588
35301,32713,2588
35303,32715,2588
35304,32716,2588
35306,32718,2588
35307,32719,2588
35309,32721,2588
35310,32722,2588
35311,32723,2588
35313,32725,2588
35315,32727,2588
35316,32728,2588
35317,32729,2588
35318,32730,2588
35320,32732,2588
35321,32733,2588
35322,32734,2588
35323,32735,2588
35325,32737,2588
35326,32738,2588
35327,32739,2588
35328,32740,2588
35329,32741,2588
35330,32742,2588
35332,32744,2588
35333,32745,2588
35334,32746,2588
35335,32747,2588
35337,32749,2588
35338,32750,2588
35339,32751,2588
35340,32752,2588
35341,32753,2588
35343,32755,2588
35344,32756,2588
35346,32758,2588
35347,32759,2588
35349,32761,2588
35351,32763,2588
35352,32764,2588
35354,32764,2590
35355,32765,2590
35357,32767,2590
35358,32768,2590
35359,32769,2590
35361,32771,2590
35363,32773,2590
35364,32774,2590
35365,32775,2590
35367,32775,2592
35368,32776,2592
35370,32778,2592
35372,32778,2594
35373,32779,2594
35375,32781,2594
35377,32783,2594
35378,32784,2594
35379,32785,2594
35380,32786,2594
35382,32788,2594
35383,32789,2594
35385,32791,2594
35387,32793,2594
35389,32795,2594
35390,32796,2594
35391,32797,2594
35392,32798,2594
35394,32800,2594
35396,32802,2594
35397,32803,2594
35398,32804,2594
35399,32805,2594
35400,32806,2594
35401,32807,2594
35402,32808,2594
35404,32810,2594
35405,32811,2594
35406,32812,2594
35407,32813,2594
35408,32814,2594
35409,32815,2594
35410,32816,2594
35411,32817,2594
35412,32818,2594
35414,32820,2594
35415,32821,2594
35416,32822,2594
35417,32823,2594
35419,32825,2594
35420,32825,2595
35421,32826,2595
35422,32827,2595
35423,32828,2595
35424,32828,2596
35426,32830,2596
35428,32831,2597
35429,32832,2597
35430,32833,2597
35431,32834,2597
35432,32835,2597
35433,32836,2597
35435,32838,2597
35436,32839,2597
35437,32840,2597
35438,32841,2597
35439,32842,2597
35440,32843,2597
35441,32844,2597
35442,32845,2597
35444,32847,2597
35446,32849,2597
35447,32850,2597
35448,32851,2597
35449,32852,2597
35451,32854,2597
35452,32854,2598
35453,32855,2598
35455,32857,2598
35456,32858,2598
35458,32859,2599
35460,32861,2599
35461,32862,2599
35462,32863,2599
35463,32864,2599
35464,32865,2599
35465,32866,2599
35466,32867,2599
35468,32869,2599
35469,32870,2599
35470,32871,2599
35471,32872,2599
35472,32873,2599
35473,32874,2599
35474,32875,2599
35475,32876,2599
35476,32877,2599
35478,32879,2599
35479,32880,2599
35480,32881,2599
35481,32882,2599
35483,32884,2599
35484,32885,2599
35485,32886,2599
35486,32887,2599
35487,32888,2599
35488,32888,2600
35490,32890,2600
35492,32891,2601
35493,32892,2601
35494,32893,2601
35495,32894,2601
35496,32895,2601
35497,32896,2601
35499,32898,2601
35500,32899,2601
35502,32901,2601
35503,32902,2601
35504,32903,2601
35505,32904,2601
35506,32905,2601
35507,32906,2601
35508,32907,2601
35510,32909,2601
35511,32910,2601
35512,32911,2601
35513,32912,2601
35515,32914,2601
35516,32914,2602
35517,32915,2602
35519,32917,2602
35520,32918,2602
35522,32919,2603
35524,32921,2603
35525,32922,2603
35526,32923,2603
35527,32924,2603
35528,32925,2603
35529,32926,2603
35530,32927,2603
35531,32928,2603
35532,32929,2603
35533,32930,2603
35535,32932,2603
35536,32933,2603
35537,32934,2603
35538,32935,2603
35539,32936,2603
35540,32937,2603
35541,32938,2603
35542,32939,2603
35543,32940,2603
35544,32941,2603
35545,32942,2603
35546,32943,2603
35547,32944,2603
35548,32945,2603
35550,32947,2603
35551,32948,2603
35552,32949,2603
35553,32950,2603
35554,32951,2603
35555,32952,2603
35556,32953,2603
35557,32954,2603
35558,32955,2603
35560,32957,2603
35562,32958,2604
35564,32960,2604
35565,32961,2604
35567,32963,2604
35568,32964,2604
35570,32966,2604
35571,32967,2604
35572,32968,2604
35573,32968,2605
35575,32970,2605
35576,32971,2605
35578,32973,2605
35580,32974,2606
35581,32975,2606
35582,32976,2606
35584,32978,2606
35585,32979,2606
35586,32980,2606
35588,32982,2606
35589,32983,2606
35591,32985,2606
35593,32986,2607
35595,32988,2607
35596,32989,2607
35598,32991,2607
35599,32992,2607
35601,32994,2607
35602,32995,2607
35604,32997,2607
35605,32998,2607
35607,33000,2607
35608,33001,2607
35609,33002,2607
35611,33003,2608
35612,33004,2608
35613,33005,2608
35614,33006,2608
35615,33007,2608
35617,33008,2609
35619,33010,2609
35620,33010,2610
35621,33011,2610
35623,33011,2612
35624,33012,2612
35626,33014,2612
35628,33015,2613
35630,33017,2613
35631,33018,2613
35633,33019,2614
35634,33020,2614
35636,33021,2615
35637,33022,2615
35638,33023,2615
35640,33024,2616
35642,33026,2616
35643,33027,2616
35645,33029,2616
35646,33030,2616
35647,33031,2616
35648,33032,2616
35649,33033,2616
35651,33035,2616
35652,33036,2616
35653,33037,2616
35654,33038,2616
35655,33039,2616
35656,33040,2616
35657,33041,2616
35658,33042,2616
35659,33043,2616
35660,33044,2616
35662,33046,2616
35663,33047,2616
35665,33049,2616
35666,33050,2616
35668,33052,2616
35669,33053,2616
35670,33054,2616
35672,33056,2616
35674,33058,2616
35675,33059,2616
35676,33060,2616
35677,33061,2616
35679,33063,2616
35680,33064,2616
35681,33065,2616
35682,33066,2616
35684,33068,2616
35685,33069,2616
35686,33070,2616
35687,33071,2616
35688,33072,2616
35689,33073,2616
35691,33075,2616
35692,33076,2616
35693,33077,2616
35694,33078,2616
35696,33080,2616
35697,33081,2616
35698,33082,2616
35699,33083,2616
35700,33084,2616
35702,33086,2616
35703,33087,2616
35705,33089,2616
35706,33090,2616
35708,33092,2616
35709,33093,2616
35710,33093,2617
35711,33094,2617
35713,33095,2618
35714,33096,2618
35715,33097,2618
35717,33098,2619
35719,33099,2620
35720,33100,2620
35721,33101,2620
35722,33102,2620
35723,33102,2621
35724,33103,2621
35725,33104,2621
35727,33105,2622
35728,33106,2622
35729,33107,2622
35730,33107,2623
35731,33108,2623
35732,33108,2624
35733,33109,2624
35735,33110,2625
35737,33112,2625
35738,33113,2625
35739,33114,2625
35741,33115,2626
35742,33116,2626
35743,33117,2626
35745,33119,2626
35747,33121,2626
35749,33123,2626
35750,33124,2626
35751,33125,2626
35753,33127,2626
35754,33128,2626
35755,33129,2626
35757,33131,2626
35758,33132,2626
35759,33133,2626
35761,33134,2627
35762,33135,2627
35764,33137,2627
35766,33139,2627
35768,33141,2627
35769,33142,2627
35770,33143,2627
35771,33144,2627
35772,33145,2627
35773,33146,2627
35774,33147,2627
35776,33149,2627
35778,33151,2627
35779,33152,2627
35780,33153,2627
35781,33154,2627
35782,33155,2627
35783,33155,2628
35785,33157,2628
35786,33157,2629
35788,33159,2629
35789,33160,2629
35791,33162,2629
35792,33163,2629
35794,33165,2629
35795,33166,2629
35797,33168,2629
35798,33169,2629
35800,33171,2629
35801,33172,2629
35803,33174,2629
35804,33175,2629
35806,33176,2630
35807,33177,2630
35808,33178,2630
35809,33179,2630
35811,33180,2631
35813,33182,2631
35814,33183,2631
35815,33184,2631
35817,33186,2631
35819,33187,2632
35820,33188,2632
35821,33189,2632
35822,33190,2632
35823,33191,2632
35825,33192,2633
35826,33193,2633
35827,33194,2633
35828,33195,2633
35829,33196,2633
35831,33197,2634
35832,33198,2634
35833,33199,2634
35835,33199,2636
35836,33200,2636
35837,33201,2636
35839,33203,2636
35840,33204,2636
35842,33205,2637
35844,33207,2637
35845,33208,2637
35846,33209,2637
35847,33210,2637
35849,33211,2638
35850,33212,2638
35851,33213,2638
35852,33214,2638
35854,33215,2639
35855,33216,2639
35856,33217,2639
35857,33218,2639
35858,33219,2639
35859,33220,2639
35861,33221,2640
35862,33222,2640
35863,33223,2640
35864,33224,2640
35866,33225,2641
35867,33226,2641
35868,33227,2641
35870,33228,2642
35871,33229,2642
35872,33230,2642
35874,33231,2643
35875,33232,2643
35876,33233,2643
35878,33234,2644
35879,33235,2644
35881,33236,2645
35882,33237,2645
35883,33238,2645
35885,33240,2645
35886,33241,2645
35888,33242,2646
35889,33243,2646
35890,33244,2646
35891,33245,2646
35893,33246,2647
35894,33247,2647
35895,33248,2647
35896,33249,2647
35898,33251,2647
35899,33252,2647
35901,33254,2647
35902,33255,2647
35904,33257,2647
35905,33258,2647
35907,33260,2647
35909,33261,2648
35911,33263,2648
35912,33264,2648
35914,33266,2648
35915,33267,2648
35917,33269,2648
35919,33270,2649
35921,33272,2649
35922,33272,2650
35924,33274,2650
35925,33275,2650
35927,33277,2650
35928,33278,2650
35930,33280,2650
35931,33281,2650
35932,33282,2650
35934,33283,2651
35935,33284,2651
35936,33285,2651
35937,33286,2651
35939,33288,2651
35940,33289,2651
35942,33290,2652
35943,33291,2652
35945,33293,2652
35946,33294,2652
35948,33296,2652
35949,33297,2652
35950,33298,2652
35952,33300,2652
35954,33302,2652
35955,33303,2652
35956,33304,2652
35957,33305,2652
35959,33307,2652
35960,33308,2652
35961,33309,2652
35962,33310,2652
35964,33312,2652
35965,33313,2652
35966,33314,2652
35967,33315,2652
35968,33316,2652
35970,33318,2652
35971,33319,2652
35973,33321,2652
35974,33322,2652
35975,33323,2652
35976,33324,2652
35978,33326,2652
35979,33327,2652
35980,33328,2652
35981,33329,2652
35983,33331,2652
35984,33332,2652
35985,33333,2652
35986,33334,2652
35988,33336,2652
35989,33337,2652
35990,33338,2652
35992,33340,2652
35993,33341,2652
35994,33342,2652
35996,33344,2652
35997,33345,2652
35998,33346,2652
36000,33348,2652
36002,33350,2652
36003,33351,2652
36004,33352,2652
36005,33353,2652
36006,33354,2652
36007,33355,2652
36008,33356,2652
36009,33357,2652
36010,33358,2652
36011,33359,2652
36012,33360,2652
36013,33361,2652
36015,33363,2652
36016,33364,2652
36017,33365,2652
36018,33366,2652
36019,33367,2652
36021,33369,2652
36022,33370,2652
36023,33371,2652
36024,33372,2652
36026,33374,2652
36027,33375,2652
36028,33376,2652
36029,33377,2652
36030,33378,2652
36031,33379,2652
36032,33380,2652
36033,33381,2652
36034,33382,2652
36036,33384,2652
36037,33385,2652
36039,33387,2652
36040,33388,2652
36042,33390,2652
36043,33391,2652
36045,33393,2652
36047,33395,2652
36048,33396,2652
36049,33397,2652
36051,33399,2652
36052,33400,2652
36054,33402,2652
36055,33403,2652
36056,33404,2652
36058,33406,2652
36060,33408,2652
36061,33409,2652
36062,33410,2652
36063,33411,2652
36065,33413,2652
36066,33414,2652
36067,33415,2652
36068,33416,2652
36069,33417,2652
36071,33419,2652
36072,33420,2652
36074,33422,2652
36075,33423,2652
36077,33425,2652
36078,33426,2652
36079,33427,2652
36081,33428,2653
36082,33429,2653
36083,33430,2653
36085,33431,2654
36086,33432,2654
36087,33433,2654
36088,33434,2654
36089,33434,2655
36091,33435,2656
36093,33435,2658
36094,33436,2658
36096,33437,2659
36097,33438,2659
36098,33439,2659
36099,33440,2659
36101,33441,2660
36102,33442,2660
36103,33443,2660
36104,33444,2660
36106,33445,2661
36107,33446,2661
36108,33447,2661
36109,33448,2661
36111,33449,2662
36112,33450,2662
36113,33451,2662
36114,33452,2662
36116,33453,2663
36117,33454,2663
36118,33455,2663
36119,33456,2663
36121,33457,2664
36122,33458,2664
36123,33459,2664
36124,33460,2664
36126,33461,2665
36127,33462,2665
36128,33463,2665
36129,33464,2665
36131,33465,2666
36132,33466,2666
36133,33467,2666
36134,33468,2666
36136,33469,2667
36137,33470,2667
36138,33471,2667
36139,33472,2667
36141,33473,2668
36142,33474,2668
36143,33475,2668
36144,33476,2668
36146,33477,2669
36147,33478,2669
36148,33479,2669
36149,33480,2669
36151,33481,2670
36152,33482,2670
36153,33483,2670
36154,33484,2670
36156,33485,2671
36157,33486,2671
36158,33487,2671
36159,33488,2671
36161,33489,2672
36162,33490,2672
36163,33491,2672
36164,33492,2672
36166,33493,2673
36167,33494,2673
36168,33495,2673
36169,33496,2673
36171,33497,2674
36172,33498,2674
36173,33499,2674
36174,33500,2674
36176,33501,2675
36177,33502,2675
36178,33503,2675
36179,33504,2675
36181,33505,2676
36182,33506,2676
36183,33507,2676
36184,33508,2676
36186,33509,2677
36187,33510,2677
36188,33511,2677
36189,33512,2677
36191,33513,2678
36192,33514,2678
36193,33515,2678
36194,33516,2678
36196,33517,2679
36197,33518,2679
36198,33519,2679
36199,33520,2679
36201,33521,2680
36202,33522,2680
36203,33523,2680
36204,33524,2680
36206,33525,2681
36207,33526,2681
36208,33527,2681
36209,33528,2681
36211,33529,2682
36212,33530,2682
36213,33531,2682
36214,33532,2682
36216,33533,2683
36217,33534,2683
36218,33535,2683
36219,33536,2683
36221,33537,2684
36222,33538,2684
36223,33539,2684
36224,33540,2684
36226,33541,2685
36227,33542,2685
36228,33543,2685
36229,33544,2685
36231,33545,2686
36232,33546,2686
36233,33547,2686
36234,33548,2686
36236,33549,2687
36237,33550,2687
36238,33551,2687
36239,33552,2687
36241,33553,2688
36242,33554,2688
36243,33555,2688
36244,33556,2688
36246,33557,2689
36247,33558,2689
36248,33559,2689
36249,33560,2689
36251,33561,2690
36252,33562,2690
36253,33563,2690
36254,33564,2690
36256,33565,2691
36257,33566,2691
36258,33567,2691
36259,33568,2691
36261,33569,2692
36262,33570,2692
36263,33571,2692
36264,33572,2692
36266,33573,2693
36267,33574,2693
36268,33575,2693
36269,33576,2693
36271,33577,2694
36272,33578,2694
36273,33579,2694
36274,33580,2694
36276,33581,2695
36277,33582,2695
36278,33583,2695
36279,33584,2695
36281,33585,2696
36282,33586,2696
36283,33587,2696
36284,33588,2696
36286,33589,2697
36287,33590,2697
36288,33591,2697
36289,33592,2697
36291,33593,2698
36292,33594,2698
36293,33595,2698
36294,33596,2698
36296,33597,2699
36297,33598,2699
36298,33599,2699
36299,33600,2699
36301,33601,2700
36302,33602,2700
36303,33603,2700
36304,33604,2700
36306,33605,2701
36307,33606,2701
36308,33607,2701
36309,33608,2701
36311,33609,2702
36312,33610,2702
36313,33611,2702
36314,33612,2702
36316,33613,2703
36317,33614,2703
36318,33615,2703
36319,33616,2703
36321,33617,2704
36322,33618,2704
36323,33619,2704
36324,33620,2704
36326,33621,2705
36327,33622,2705
36328,33623,2705
36329,33624,2705
36331,33625,2706
36332,33626,2706
36333,33627,2706
36334,33628,2706
36336,33629,2707
36337,33630,2707
36338,33631,2707
36339,33632,2707
36341,33633,2708
36342,33634,2708
36343,33635,2708
36344,33636,2708
36346,33637,2709
36347,33638,2709
36348,33639,2709
36349,33640,2709
36351,33641,2710
36352,33642,2710
36353,33643,2710
36354,33644,2710
36356,33645,2711
36357,33646,2711
36358,33647,2711
36359,33648,2711
36361,33649,2712
36362,33650,2712
36363,33651,2712
36364,33652,2712
36366,33653,2713
36367,33654,2713
36368,33655,2713
36369,33656,2713
36371,33657,2714
36372,33658,2714
36373,33659,2714
36374,33660,2714
36376,33661,2715
36377,33662,2715
36378,33663,2715
36379,33664,2715
36381,33665,2716
36382,33666,2716
36383,33667,2716
36384,33668,2716
36386,33669,2717
36387,33670,2717
36388,33671,2717
36389,33672,2717
36391,33673,2718
36392,33674,2718
36393,33675,2718
36394,33676,2718
36396,33677,2719
36397,33678,2719
36398,33679,2719
36399,33680,2719
36401,33681,2720
36402,33682,2720
36403,33683,2720
36404,33684,2720
36406,33685,2721
36407,33686,2721
36408,33687,2721
36409,33688,2721
36411,33689,2722
36412,33690,2722
36413,33691,2722
36414,33692,2722
36416,33693,2723
36417,33694,2723
36418,33695,2723
36419,33696,2723
36421,33697,2724
36422,33698,2724
36423,33699,2724
36424,33700,2724
36426,33701,2725
36427,33702,2725
36428,33703,2725
36429,33704,2725
36431,33705,2726
36432,33706,2726
36433,33707,2726
36434,33708,2726
36436,33709,2727
36437,33710,2727
36438,33711,2727
36439,33712,2727
36441,33713,2728
36442,33714,2728
36443,33715,2728
36444,33716,2728
36446,33717,2729
36447,33718,2729
36448,33719,2729
36449,33720,2729
36451,33721,2730
36452,33722,2730
36453,33723,2730
36454,33724,2730
36456,33725,2731
36457,33726,2731
36458,33727,2731
36459,33728,2731
36461,33729,2732
36462,33730,2732
36463,33731,2732
36464,33732,2732
36466,33733,2733
36467,33734,2733
36468,33735,2733
36469,33736,2733
36471,33737,2734
36472,33738,2734
36473,33739,2734
36474,33740,2734
36476,33741,2735
36477,33742,2735
36478,33743,2735
36479,33744,2735
36481,33745,2736
36482,33746,2736
36483,33747,2736
36484,33748,2736
36486,33749,2737
36487,33750,2737
36488,33751,2737
36489,33752,2737
36491,33753,2738
36492,33754,2738
36493,33755,2738
36494,33756,2738
36496,33757,2739
36497,33758,2739
36498,33759,2739
36499,33760,2739
36501,33761,2740
36502,33762,2740
36503,33763,2740
36504,33764,2740
36506,33765,2741
36507,33766,2741
36508,33767,2741
36509,33768,2741
36511,33769,2742
36512,33770,2742
36513,33771,2742
36514,33772,2742
36516,33773,2743
36517,33774,2743
36518,33775,2743
36519,33776,2743
36521,33777,2744
36522,33778,2744
36523,33779,2744
36524,33780,2744
36526,33781,2745
36527,33782,2745
36528,33783,2745
36529,33784,2745
36531,33785,2746
36532,33786,2746
36533,33787,2746
36534,33788,2746
36536,33789,2747
36537,33790,2747
36538,33791,2747
36539,33792,2747
36541,33793,2748
36542,33794,2748
36543,33795,2748
36544,33796,2748
36546,33797,2749
36547,33798,2749
36548,33799,2749
36549,33800,2749
36551,33801,2750
36552,33802,2750
36553,33803,2750
36554,33804,2750
36556,33805,2751
36557,33806,2751
36558,33807,2751
36559,33808,2751
36561,33809,2752
36562,33810,2752
36563,33811,2752
36564,33812,2752
36566,33813,2753
36567,33814,2753
36568,33815,2753
36569,33816,2753
36571,33817,2754
36572,33818,2754
36573,33819,2754
36574,33820,2754
36576,33821,2755
36577,33822,2755
36578,33823,2755
36579,33824,2755
36581,33825,2756
36582,33826,2756
36583,33827,2756
36584,33828,2756
36586,33829,2757
36587,33830,2757
36588,33831,2757
36589,33832,2757
36591,33833,2758
36592,33834,2758
36593,33835,2758
36594,33836,2758
36596,33837,2759
36597,33838,2759
36598,33839,2759
36599,33840,2759
36601,33841,2760
36602,33842,2760
36603,33843,2760
36604,33844,2760
36606,33845,2761
36607,33846,2761
36608,33847,2761
36609,33848,2761
36611,33849,2762
36612,33850,2762
36613,33851,2762
36614,33852,2762
36616,33853,2763
36617,33854,2763
36618,33855,2763
36619,33856,2763
36621,33857,2764
36622,33858,2764
36623,33859,2764
36624,33860,2764
36626,33861,2765
36627,33862,2765
36628,33863,2765
36629,33864,2765
36631,33865,2766
36632,33866,2766
36633,33867,2766
36634,33868,2766
36636,33869,2767
36637,33870,2767
36638,33871,2767
36639,33872,2767
36641,33873,2768
36642,33874,2768
36643,33875,2768
36644,33876,2768
36646,33877,2769
36647,33878,2769
36648,33879,2769
36649,33880,2769
36651,33881,2770
36652,33882,2770
36653,33883,2770
36654,33884,2770
36656,33885,2771
36657,33886,2771
36658,33887,2771
36659,33888,2771
36661,33889,2772
36662,33890,2772
36663,33891,2772
36664,33892,2772
36666,33893,2773
36667,33894,2773
36668,33895,2773
36669,33896,2773
36671,33897,2774
36672,33898,2774
36673,33899,2774
36674,33900,2774
36676,33901,2775
36677,33902,2775
36678,33903,2775
36679,33904,2775
36681,33905,2776
36682,33906,2776
36683,33907,2776
36684,33908,2776
36686,33909,2777
36687,33910,2777
36688,33911,2777
36689,33912,2777
36691,33913,2778
36692,33914,2778
36693,33915,2778
36694,33916,2778
36696,33917,2779
36697,33918,2779
36698,33919,2779
36699,33920,2779
36701,33921,2780
36702,33922,2780
36703,33923,2780
36704,33924,2780
36706,33925,2781
36707,33926,2781
36708,33927,2781
36709,33928,2781
36711,33929,2782
36712,33930,2782
36713,33931,2782
36714,33932,2782
36716,33933,2783
36717,33934,2783
36718,33935,2783
36719,33936,2783
36721,33937,2784
36722,33938,2784
36723,33939,2784
36724,33940,2784
36726,33941,2785
36727,33942,2785
36728,33943,2785
36729,33944,2785
36731,33945,2786
36732,33946,2786
36733,33947,2786
36734,33948,2786
36736,33949,2787
36737,33950,2787
36738,33951,2787
36739,33952,2787
36741,33953,2788
36742,33954,2788
36743,33955,2788
36744,33956,2788
36746,33957,2789
36747,33958,2789
36748,33959,2789
36749,33960,2789
36751,33961,2790
36752,33962,2790
36753,33963,2790
36754,33964,2790
36756,33965,2791
36757,33966,2791
36758,33967,2791
36759,33968,2791
36761,33969,2792
36762,33970,2792
36763,33971,2792
36764,33972,2792
36766,33973,2793
36767,33974,2793
36768,33975,2793
36769,33976,2793
36771,33977,2794
36772,33978,2794
36773,33979,2794
36774,33980,2794
36776,33981,2795
36777,33982,2795
36778,33983,2795
36779,33984,2795
36781,33985,2796
36782,33986,2796
36783,33987,2796
36784,33988,2796
36786,33989,2797
36787,33990,2797
36788,33991,2797
36789,33992,2797
36791,33993,2798
36792,33994,2798
36793,33995,2798
36794,33996,2798
36796,33997,2799
36797,33998,2799
36798,33999,2799
36799,34000,2799
36801,34001,2800
36802,34002,2800
36803,34003,2800
36804,34004,2800
36806,34005,2801
36807,34006,2801
36808,34007,2801
36809,34008,2801
36811,34010,2801
36812,34011,2801
36813,34012,2801
36814,34013,2801
36816,34015,2801
36817,34016,2801
36819,34017,2802
36821,34019,2802
36822,34020,2802
36823,34021,2802
36825,34022,2803
36827,34024,2803
36828,34025,2803
36830,34027,2803
36831,34028,2803
36832,34029,2803
36833,34030,2803
36834,34031,2803
36836,34033,2803
36837,34034,2803
36838,34035,2803
36839,34036,2803
36840,34037,2803
36841,34038,2803
36842,34039,2803
36843,34040,2803
36844,34041,2803
36845,34042,2803
36847,34044,2803
36848,34045,2803
36850,34047,2803
36851,34048,2803
36853,34050,2803
36854,34051,2803
36855,34052,2803
36857,34054,2803
36859,34056,2803
36860,34057,2803
36861,34058,2803
36862,34059,2803
36864,34061,2803
36865,34062,2803
36866,34063,2803
36867,34064,2803
36869,34066,2803
36870,34067,2803
36871,34068,2803
36872,34069,2803
36873,34070,2803
36874,34071,2803
36876,34073,2803
36877,34074,2803
36878,34075,2803
36879,34076,2803
36881,34078,2803
36882,34079,2803
36883,34080,2803
36884,34081,2803
36885,34082,2803
36887,34084,2803
36888,34085,2803
36890,34087,2803
36891,34088,2803
36893,34090,2803
36894,34091,2803
36895,34092,2803
36896,34093,2803
36897,34094,2803
36898,34095,2803
36900,34096,2804
36902,34097,2805
36903,34098,2805
36904,34099,2805
36906,34101,2805
36907,34102,2805
36909,34104,2805
36910,34105,2805
36912,34107,2805
36913,34108,2805
36915,34110,2805
36916,34111,2805
36917,34112,2805
36918,34113,2805
36919,34113,2806
36921,34115,2806
36923,34116,2807
36924,34117,2807
36926,34119,2807
36927,34120,2807
36928,34121,2807
36929,34122,2807
36931,34123,2808
36932,34124,2808
36933,34125,2808
36934,34126,2808
36935,34127,2808
36937,34127,2810
36938,34128,2810
36939,34129,2810
36940,34130,2810
36942,34132,2810
36943,34133,2810
36945,34135,2810
36946,34136,2810
36947,34137,2810
36949,34138,2811
36951,34140,2811
36952,34141,2811
36953,34142,2811
36955,34143,2812
36956,34144,2812
36958,34146,2812
36960,34147,2813
36961,34148,2813
36963,34149,2814
36964,34150,2814
36966,34152,2814
36968,34153,2815
36969,34154,2815
36971,34155,2816
36973,34156,2817
36974,34157,2817
36975,34158,2817
36977,34159,2818
36978,34160,2818
36979,34161,2818
36980,34162,2818
36982,34163,2819
36983,34163,2820
36984,34164,2820
36985,34165,2820
36986,34165,2821
36987,34166,2821
36988,34167,2821
36990,34168,2822
36992,34169,2823
36993,34170,2823
36994,34170,2824
36996,34171,2825
36997,34172,2825
36998,34173,2825
36999,34173,2826
37001,34174,2827
37003,34176,2827
37004,34177,2827
37006,34178,2828
37008,34179,2829
37010,34180,2830
37011,34181,2830
37012,34181,2831
37014,34182,2832
37016,34183,2833
37017,34184,2833
37018,34185,2833
37019,34185,2834
37020,34186,2834
37021,34187,2834
37023,34188,2835
37024,34189,2835
37025,34190,2835
37027,34191,2836
37028,34192,2836
37029,34193,2836
37030,34194,2836
37031,34195,2836
37033,34196,2837
37034,34196,2838
37035,34197,2838
37036,34198,2838
37037,34199,2838
37038,34200,2838
37039,34201,2838
37041,34203,2838
37043,34204,2839
37044,34205,2839
37045,34206,2839
37047,34207,2840
37048,34208,2840
37049,34209,2840
37050,34209,2841
37051,34210,2841
37053,34211,2842
37055,34213,2842
37056,34214,2842
37057,34215,2842
37059,34216,2843
37060,34217,2843
37061,34218,2843
37062,34219,2843
37064,34219,2845
37065,34220,2845
37066,34221,2845
37068,34223,2845
37069,34224,2845
37070,34225,2845
37071,34226,2845
37072,34227,2845
37073,34228,2845
37074,34229,2845
37075,34230,2845
37077,34232,2845
37079,34234,2845
37080,34235,2845
37081,34236,2845
37082,34237,2845
37083,34238,2845
37085,34240,2845
37086,34241,2845
37087,34242,2845
37088,34243,2845
37090,34244,2846
37091,34245,2846
37092,34246,2846
37093,34247,2846
37094,34248,2846
37095,34249,2846
37097,34251,2846
37098,34252,2846
37099,34253,2846
37100,34254,2846
37102,34256,2846
37103,34256,2847
37105,34258,2847
37106,34259,2847
37107,34260,2847
37108,34261,2847
37110,34263,2847
37111,34264,2847
37113,34266,2847
37114,34267,2847
37116,34269,2847
37117,34270,2847
37119,34272,2847
37121,34273,2848
37122,34274,2848
37124,34276,2848
37125,34277,2848
37127,34278,2849
37128,34279,2849
37129,34280,2849
37130,34281,2849
37131,34282,2849
37132,34283,2849
37134,34284,2850
37135,34285,2850
37137,34286,2851
37138,34287,2851
37139,34288,2851
37141,34289,2852
37142,34290,2852
37143,34291,2852
37144,34292,2852
37145,34293,2852
37147,34294,2853
37148,34295,2853
37149,34296,2853
37150,34297,2853
37152,34298,2854
37153,34298,2855
37154,34299,2855
37155,34300,2855
37156,34301,2855
37157,34302,2855
37159,34303,2856
37160,34304,2856
37161,34305,2856
37162,34306,2856
37163,34307,2856
37165,34308,2857
37167,34310,2857
37168,34311,2857
37170,34312,2858
37172,34314,2858
37173,34315,2858
37174,34316,2858
37176,34317,2859
37178,34319,2859
37179,34320,2859
37181,34322,2859
37182,34323,2859
37183,34324,2859
37184,34325,2859
37186,34326,2860
37187,34327,2860
37188,34328,2860
37190,34330,2860
37191,34331,2860
37193,34333,2860
37194,34334,2860
37196,34334,2862
37198,34335,2863
37199,34336,2863
37200,34337,2863
37201,34338,2863
37203,34339,2864
37205,34340,2865
37206,34341,2865
37207,34342,2865
37209,34343,2866
37210,34344,2866
37211,34345,2866
37212,34346,2866
37213,34347,2866
37215,34348,2867
37216,34349,2867
37218,34350,2868
37219,34351,2868
37220,34352,2868
37221,34353,2868
37223,34354,2869
37224,34355,2869
37226,34356,2870
37227,34356,2871
37228,34357,2871
37230,34358,2872
37231,34359,2872
37232,34360,2872
37233,34361,2872
37234,34362,2872
37235,34363,2872
37236,34364,2872
37238,34366,2872
37239,34367,2872
37241,34369,2872
37242,34370,2872
37244,34372,2872
37245,34373,2872
37247,34375,2872
37248,34376,2872
37250,34378,2872
37251,34379,2872
37253,34381,2872
37254,34382,2872
37255,34383,2872
37257,34385,2872
37258,34386,2872
37260,34387,2873
37261,34388,2873
37263,34390,2873
37264,34391,2873
37265,34392,2873
37267,34393,2874
37268,34394,2874
37269,34395,2874
37271,34396,2875
37272,34397,2875
37273,34398,2875
37275,34399,2876
37276,34400,2876
37277,34401,2876
37278,34402,2876
37279,34403,2876
37281,34405,2876
37282,34406,2876
37284,34408,2876
37286,34409,2877
37287,34410,2877
37288,34411,2877
37289,34412,2877
37291,34413,2878
37293,34415,2878
37294,34416,2878
37295,34417,2878
37296,34418,2878
37298,34420,2878
37300,34421,2879
37302,34422,2880
37303,34423,2880
37304,34424,2880
37305,34425,2880
37307,34426,2881
37308,34427,2881
37309,34428,2881
37311,34430,2881
37313,34431,2882
37315,34433,2882
37316,34434,2882
37317,34435,2882
37318,34436,2882
37320,34437,2883
37321,34438,2883
37322,34439,2883
37324,34440,2884
37325,34441,2884
37326,34442,2884
37327,34443,2884
37328,34444,2884
37330,34446,2884
37332,34447,2885
37333,34448,2885
37335,34450,2885
37336,34451,2885
37338,34452,2886
37340,34454,2886
37341,34455,2886
37343,34456,2887
37345,34458,2887
37346,34459,2887
37347,34460,2887
37349,34462,2887
37351,34463,2888
37352,34464,2888
37353,34465,2888
37354,34466,2888
37355,34467,2888
37356,34468,2888
37357,34469,2888
37359,34470,2889
37360,34471,2889
37361,34472,2889
37362,34473,2889
37363,34474,2889
37364,34475,2889
37365,34475,2890
37366,34476,2890
37368,34477,2891
37370,34479,2891
37371,34480,2891
37373,34482,2891
37374,34483,2891
37376,34484,2892
37377,34485,2892
37378,34486,2892
37379,34487,2892
37380,34488,2892
37382,34489,2893
37383,34490,2893
37384,34491,2893
37385,34492,2893
37386,34493,2893
37388,34494,2894
37389,34495,2894
37390,34496,2894
37391,34497,2894
37392,34498,2894
37393,34499,2894
37394,34500,2894
37395,34501,2894
37397,34502,2895
37398,34503,2895
37399,34504,2895
37401,34505,2896
37402,34505,2897
37403,34506,2897
37404,34507,2897
37405,34508,2897
37406,34508,2898
37407,34509,2898
37408,34510,2898
37409,34510,2899
37410,34511,2899
37411,34512,2899
37413,34514,2899
37414,34515,2899
37415,34516,2899
37417,34518,2899
37418,34519,2899
37419,34520,2899
37421,34522,2899
37423,34523,2900
37424,34524,2900
37425,34525,2900
37426,34526,2900
37427,34526,2901
37428,34527,2901
37429,34528,2901
37430,34529,2901
37431,34530,2901
37432,34531,2901
37433,34532,2901
37434,34533,2901
37435,34534,2901
37437,34536,2901
37438,34537,2901
37439,34538,2901
37441,34540,2901
37442,34540,2902
37443,34541,2902
37444,34542,2902
37445,34543,2902
37447,34544,2903
37448,34545,2903
37449,34546,2903
37450,34546,2904
37451,34547,2904
37452,34548,2904
37454,34550,2904
37455,34551,2904
37456,34552,2904
37458,34554,2904
37459,34555,2904
37460,34556,2904
37462,34558,2904
37464,34559,2905
37465,34560,2905
37466,34561,2905
37467,34562,2905
37468,34563,2905
37469,34564,2905
37470,34565,2905
37471,34566,2905
37472,34567,2905
37473,34568,2905
37474,34569,2905
37475,34570,2905
37476,34571,2905
37478,34573,2905
37479,34574,2905
37480,34575,2905
37482,34577,2905
37483,34577,2906
37484,34578,2906
37485,34579,2906
37486,34580,2906
37488,34581,2907
37489,34582,2907
37490,34583,2907
37491,34583,2908
37492,34584,2908
37493,34585,2908
37495,34587,2908
37496,34588,2908
37497,34589,2908
37499,34591,2908
37500,34592,2908
37501,34593,2908
37503,34595,2908
37505,34596,2909
37506,34597,2909
37507,34598,2909
37508,34599,2909
37509,34600,2909
37510,34601,2909
37511,34602,2909
37512,34603,2909
37513,34604,2909
37514,34605,2909
37515,34606,2909
37516,34607,2909
37517,34608,2909
37519,34610,2909
37520,34611,2909
37521,34612,2909
37523,34614,2909
37524,34614,2910
37525,34615,2910
37526,34616,2910
37527,34617,2910
37529,34618,2911
37530,34619,2911
37531,34620,2911
37532,34620,2912
37533,34621,2912
37534,34622,2912
37536,34624,2912
37537,34625,2912
37538,34626,2912
37540,34628,2912
37541,34629,2912
37542,34630,2912
37544,34632,2912
37546,34633,2913
37547,34634,2913
37548,34635,2913
37549,34636,2913
37550,34637,2913
37551,34638,2913
37552,34639,2913
37553,34640,2913
37554,34641,2913
37555,34642,2913
37556,34643,2913
37557,34644,2913
37558,34645,2913
37560,34647,2913
37561,34648,2913
37562,34649,2913
37564,34651,2913
37565,34651,2914
37566,34652,2914
37567,34653,2914
37568,34654,2914
37570,34655,2915
37571,34656,2915
37572,34657,2915
37573,34657,2916
37574,34658,2916
37575,34659,2916
37577,34661,2916
37578,34662,2916
37579,34663,2916
37581,34665,2916
37582,34666,2916
37583,34667,2916
37585,34669,2916
37587,34670,2917
37588,34671,2917
37589,34672,2917
37590,34673,2917
37591,34674,2917
37592,34675,2917
37593,34676,2917
37594,34677,2917
37595,34678,2917
37596,34679,2917
37597,34680,2917
37598,34681,2917
37599,34682,2917
37601,34684,2917
37602,34685,2917
37603,34686,2917
37605,34688,2917
37606,34688,2918
37607,34689,2918
37608,34690,2918
37609,34691,2918
37611,34692,2919
37612,34693,2919
37613,34694,2919
37614,34694,2920
37615,34695,2920
37616,34696,2920
37618,34698,2920
37619,34699,2920
37620,34700,2920
37622,34702,2920
37623,34703,2920
37624,34704,2920
37626,34706,2920
37628,34707,2921
37629,34708,2921
37630,34709,2921
37631,34710,2921
37632,34711,2921
37633,34712,2921
37634,34713,2921
37635,34714,2921
37636,34715,2921
37637,34716,2921
37638,34717,2921
37639,34718,2921
37640,34719,2921
37642,34721,2921
37643,34722,2921
37644,34723,2921
37646,34725,2921
37647,34725,2922
37648,34726,2922
37649,34727,2922
37650,34728,2922
37652,34729,2923
37653,34730,2923
37654,34731,2923
37655,34731,2924
37656,34732,2924
37657,34733,2924
37659,34735,2924
37660,34736,2924
37661,34737,2924
37663,34739,2924
37664,34740,2924
37665,34741,2924
37667,34743,2924
37669,34744,2925
37670,34745,2925
37671,34746,2925
37672,34747,2925
37673,34748,2925
37674,34749,2925
37675,34750,2925
37676,34751,2925
37677,34752,2925
37678,34753,2925
37679,34754,2925
37680,34755,2925
37681,34756,2925
37683,34758,2925
37684,34759,2925
37685,34760,2925
37687,34762,2925
37688,34762,2926
37689,34763,2926
37690,34764,2926
37691,34765,2926
37693,34766,2927
37694,34767,2927
37695,34768,2927
37696,34768,2928
37697,34769,2928
37698,34770,2928
37700,34772,2928
37701,34773,2928
37702,34774,2928
37704,34776,2928
37705,34777,2928
37706,34778,2928
37708,34780,2928
37710,34781,2929
37711,34782,2929
37712,34783,2929
37713,34784,2929
37714,34785,2929
37715,34786,2929
37716,34787,2929
37717,34788,2929
37718,34789,2929
37719,34790,2929
37720,34791,2929
37721,34792,2929
37722,34793,2929
37724,34795,2929
37725,34796,2929
37726,34797,2929
37728,34799,2929
37729,34799,2930
37730,34800,2930
37731,34801,2930
37732,34802,2930
37734,34803,2931
37735,34804,2931
37736,34805,2931
37737,34805,2932
37738,34806,2932
37739,34807,2932
37741,34809,2932
37742,34810,2932
37743,34811,2932
37745,34813,2932
37746,34814,2932
37747,34815,2932
37749,34817,2932
37751,34818,2933
37752,34819,2933
37753,34820,2933
37754,34821,2933
37755,34822,2933
37756,34823,2933
37757,34824,2933
37758,34825,2933
37759,34826,2933
37760,34827,2933
37761,34828,2933
37762,34829,2933
37763,34830,2933
37765,34832,2933
37766,34833,2933
37767,34834,2933
37769,34836,2933
37770,34836,2934
37771,34837,2934
37772,34838,2934
37773,34839,2934
37775,34840,2935
37776,34841,2935
37777,34842,2935
37778,34842,2936
37779,34843,2936
37780,34844,2936
37782,34846,2936
37783,34847,2936
37784,34848,2936
37786,34850,2936
37787,34851,2936
37788,34852,2936
37790,34854,2936
37792,34855,2937
37793,34856,2937
37794,34857,2937
37795,34858,2937
37796,34859,2937
37797,34860,2937
37798,34861,2937
37799,34862,2937
37800,34863,2937
37801,34864,2937
37802,34865,2937
37803,34866,2937
37804,34867,2937
37806,34869,2937
37807,34870,2937
37808,34871,2937
37810,34873,2937
37811,34873,2938
37812,34874,2938
37813,34875,2938
37814,34876,2938
37816,34877,2939
37817,34878,2939
37818,34879,2939
37819,34879,2940
37820,34880,2940
37821,34881,2940
37823,34883,2940
37824,34884,2940
37825,34885,2940
37827,34887,2940
37828,34888,2940
37829,34889,2940
37831,34891,2940
37833,34892,2941
37834,34893,2941
37835,34894,2941
37836,34895,2941
37837,34896,2941
37838,34897,2941
37839,34898,2941
37840,34899,2941
37841,34900,2941
37842,34901,2941
37843,34902,2941
37844,34903,2941
37845,34904,2941
37847,34906,2941
37848,34907,2941
37849,34908,2941
37851,34910,2941
37852,34910,2942
37853,34911,2942
37854,34912,2942
37855,34913,2942
37857,34914,2943
37858,34915,2943
37859,34916,2943
37860,34916,2944
37861,34917,2944
37862,34918,2944
37864,34920,2944
37865,34921,2944
37866,34922,2944
37868,34924,2944
37869,34925,2944
37870,34926,2944
37872,34928,2944
37874,34929,2945
37875,34930,2945
37876,34931,2945
37877,34932,2945
37878,34933,2945
37879,34934,2945
37880,34935,2945
37881,34936,2945
37882,34937,2945
37883,34938,2945
37884,34939,2945
37885,34940,2945
37886,34941,2945
37888,34943,2945
37889,34944,2945
37890,34945,2945
37892,34947,2945
37893,34947,2946
37894,34948,2946
37895,34949,2946
37896,34950,2946
37898,34951,2947
37899,34952,2947
37900,34953,2947
37901,34953,2948
37902,34954,2948
37903,34955,2948
37905,34957,2948
37906,34958,2948
37907,34959,2948
37909,34961,2948
37910,34962,2948
37911,34963,2948
37913,34965,2948
37915,34966,2949
37916,34967,2949
37917,34968,2949
37918,34969,2949
37919,34970,2949
37920,34971,2949
37921,34972,2949
37922,34973,2949
37923,34974,2949
37924,34975,2949
37925,34976,2949
37926,34977,2949
37927,34978,2949
37929,34980,2949
37930,34981,2949
37931,34982,2949
37933,34984,2949
37934,34984,2950
37935,34985,2950
37936,34986,2950
37937,34987,2950
37939,34988,2951
37940,34989,2951
37941,34990,2951
37942,34990,2952
37943,34991,2952
37944,34992,2952
37946,34994,2952
37947,34995,2952
37948,34996,2952
37950,34998,2952
37951,34999,2952
37952,35000,2952
37954,35002,2952
37956,35003,2953
37957,35004,2953
37958,35005,2953
37959,35006,2953
37960,35007,2953
37961,35008,2953
37962,35009,2953
37963,35010,2953
37964,35011,2953
37965,35012,2953
37966,35013,2953
37967,35014,2953
37968,35015,2953
37970,35017,2953
37971,35018,2953
37972,35019,2953
37974,35021,2953
37975,35021,2954
37976,35022,2954
37977,35023,2954
37978,35024,2954
37980,35025,2955
37981,35026,2955
37982,35027,2955
37983,35027,2956
37984,35028,2956
37985,35029,2956
37987,35031,2956
37988,35032,2956
37989,35033,2956
37991,35035,2956
37992,35036,2956
37993,35037,2956
37995,35039,2956
37997,35040,2957
37998,35041,2957
37999,35042,2957
38000,35043,2957
38001,35044,2957
38002,35045,2957
38003,35046,2957
38004,35047,2957
38005,35048,2957
38006,35049,2957
38007,35050,2957
38008,35051,2957
38009,35052,2957
38011,35054,2957
38012,35055,2957
38013,35056,2957
38015,35058,2957
38016,35058,2958
38017,35059,2958
38018,35060,2958
38019,35061,2958
38021,35062,2959
38022,35063,2959
38023,35064,2959
38024,35064,2960
38025,35065,2960
38026,35066,2960
38028,35068,2960
38029,35069,2960
38030,35070,2960
38032,35072,2960
38033,35073,2960
38034,35074,2960
38036,35076,2960
38038,35077,2961
38039,35078,2961
38040,35079,2961
38041,35080,2961
38042,35081,2961
38043,35082,2961
38044,35083,2961
38045,35084,2961
38046,35085,2961
38047,35086,2961
38048,35087,2961
38049,35088,2961
38050,35089,2961
38052,35091,2961
38053,35092,2961
38054,35093,2961
38056,35095,2961
38057,35095,2962
38058,35096,2962
38059,35097,2962
38060,35098,2962
38062,35099,2963
38063,35100,2963
38064,35101,2963
38065,35101,2964
38066,35102,2964
38067,35103,2964
38069,35105,2964
38070,35106,2964
38071,35107,2964
38073,35109,2964
38074,35110,2964
38075,35111,2964
38077,35113,2964
38079,35114,2965
38080,35115,2965
38081,35116,2965
38082,35117,2965
38083,35118,2965
38084,35119,2965
38085,35120,2965
38086,35121,2965
38087,35122,2965
38088,35123,2965
38089,35124,2965
38090,35125,2965
38091,35126,2965
38093,35128,2965
38094,35129,2965
38095,35130,2965
38097,35132,2965
38098,35132,2966
38099,35133,2966
38100,35134,2966
38101,35135,2966
38103,35136,2967
38104,35137,2967
38105,35138,2967
38106,35138,2968
38107,35139,2968
38108,35140,2968
38110,35142,2968
38111,35143,2968
38112,35144,2968
38114,35146,2968
38115,35147,2968
38116,35148,2968
38118,35150,2968
38120,35151,2969
38121,35152,2969
38122,35153,2969
38123,35154,2969
38124,35155,2969
38125,35156,2969
38126,35157,2969
38127,35158,2969
38128,35159,2969
38129,35160,2969
38130,35161,2969
38131,35162,2969
38132,35163,2969
38134,35165,2969
38135,35166,2969
38136,35167,2969
38138,35169,2969
38139,35169,2970
38140,35170,2970
38141,35171,2970
38142,35172,2970
38144,35173,2971
38145,35174,2971
38146,35175,2971
38147,35175,2972
38148,35176,2972
38149,35177,2972
38151,35179,2972
38152,35180,2972
38153,35181,2972
38155,35183,2972
38156,35184,2972
38157,35185,2972
38159,35187,2972
38161,35188,2973
38162,35189,2973
38163,35190,2973
38164,35191,2973
38165,35192,2973
38166,35193,2973
38167,35194,2973
38168,35195,2973
38169,35196,2973
38170,35197,2973
38171,35198,2973
38172,35199,2973
38173,35200,2973
38175,35202,2973
38176,35203,2973
38177,35204,2973
38179,35206,2973
38180,35206,2974
38181,35207,2974
38182,35208,2974
38183,35209,2974
38185,35210,2975
38186,35211,2975
38187,35212,2975
38188,35212,2976
38189,35213,2976
38190,35214,2976
38192,35216,2976
38193,35217,2976
38194,35218,2976
38196,35220,2976
38197,35221,2976
38198,35222,2976
38200,35224,2976
38202,35225,2977
38203,35226,2977
38204,35227,2977
38205,35228,2977
38206,35229,2977
38207,35230,2977
38208,35231,2977
38209,35232,2977
38210,35233,2977
38211,35234,2977
38212,35235,2977
38213,35236,2977
38214,35237,2977
38216,35239,2977
38217,35240,2977
38218,35241,2977
38220,35243,2977
38221,35243,2978
38222,35244,2978
38223,35245,2978
38224,35246,2978
38225,35246,2979
38226,35247,2979
38227,35248,2979
38228,35248,2980
38229,35249,2980
38230,35250,2980
38232,35252,2980
38233,35253,2980
38234,35254,2980
38236,35256,2980
38237,35257,2980
38238,35258,2980
38240,35260,2980
38242,35261,2981
38243,35262,2981
38244,35263,2981
38245,35264,2981
38247,35265,2982
38248,35266,2982
38249,35267,2982
38250,35268,2982
38251,35269,2982
38252,35270,2982
38253,35271,2982
38254,35272,2982
38255,35273,2982
38257,35275,2982
38258,35276,2982
38259,35277,2982
38261,35279,2982
38262,35279,2983
38263,35280,2983
38264,35281,2983
38265,35282,2983
38266,35283,2983
38267,35284,2983
38268,35285,2983
38269,35285,2984
38270,35286,2984
38271,35287,2984
38273,35289,2984
38274,35290,2984
38275,35291,2984
38277,35293,2984
38278,35294,2984
38279,35295,2984
38281,35297,2984
38283,35298,2985
38284,35299,2985
38285,35300,2985
38286,35301,2985
38288,35302,2986
38289,35303,2986
38290,35304,2986
38291,35305,2986
38292,35306,2986
38293,35307,2986
38294,35308,2986
38295,35309,2986
38296,35310,2986
38298,35312,2986
38299,35313,2986
38300,35314,2986
38302,35316,2986
38303,35316,2987
38304,35317,2987
38305,35318,2987
38306,35319,2987
38307,35320,2987
38308,35321,2987
38309,35322,2987
38310,35322,2988
38311,35323,2988
38312,35324,2988
38314,35326,2988
38315,35327,2988
38316,35328,2988
38318,35330,2988
38319,35331,2988
38320,35332,2988
38322,35334,2988
38324,35335,2989
38325,35336,2989
38326,35337,2989
38327,35338,2989
38329,35339,2990
38330,35340,2990
38331,35341,2990
38332,35342,2990
38333,35343,2990
38334,35344,2990
38335,35345,2990
38336,35346,2990
38337,35347,2990
38339,35349,2990
38340,35350,2990
38341,35351,2990
38343,35353,2990
38344,35353,2991
38345,35354,2991
38346,35355,2991
38347,35356,2991
38349,35357,2992
38350,35358,2992
38351,35359,2992
38352,35359,2993
38353,35360,2993
38354,35361,2993
38356,35363,2993
38357,35364,2993
38358,35365,2993
38360,35367,2993
38361,35368,2993
38362,35369,2993
38364,35371,2993
38366,35372,2994
38367,35373,2994
38368,35374,2994
38369,35375,2994
38370,35376,2994
38371,35377,2994
38372,35378,2994
38373,35379,2994
38374,35380,2994
38375,35381,2994
38376,35382,2994
38377,35383,2994
38378,35384,2994
38380,35386,2994
38381,35387,2994
38382,35388,2994
38384,35390,2994
38385,35390,2995
38386,35391,2995
38387,35392,2995
38388,35393,2995
38390,35394,2996
38391,35395,2996
38392,35396,2996
38393,35396,2997
38394,35397,2997
38395,35398,2997
38397,35400,2997
38398,35401,2997
38399,35402,2997
38401,35404,2997
38402,35405,2997
38403,35406,2997
38405,35408,2997
38407,35409,2998
38408,35410,2998
38409,35411,2998
38410,35412,2998
38411,35413,2998
38412,35414,2998
38413,35415,2998
38414,35416,2998
38415,35417,2998
38416,35418,2998
38417,35419,2998
38418,35420,2998
38419,35421,2998
38421,35423,2998
38422,35424,2998
38423,35425,2998
38425,35427,2998
38426,35427,2999
38427,35428,2999
38428,35429,2999
38429,35430,2999
38431,35431,3000
38432,35432,3000
38433,35433,3000
38434,35433,3001
38435,35434,3001
38436,35435,3001
38438,35437,3001
38439,35438,3001
38440,35439,3001
38442,35441,3001
38443,35442,3001
38444,35443,3001
38446,35445,3001
38448,35446,3002
38449,35447,3002
38450,35448,3002
38451,35449,3002
38452,35450,3002
38453,35451,3002
38454,35452,3002
38455,35453,3002
38456,35454,3002
38457,35455,3002
38458,35456,3002
38459,35457,3002
38460,35458,3002
38462,35460,3002
38463,35461,3002
38464,35462,3002
38466,35464,3002
38467,35464,3003
38468,35465,3003
38469,35466,3003
38470,35467,3003
38471,35467,3004
38472,35468,3004
38473,35469,3004
38474,35469,3005
38475,35470,3005
38476,35471,3005
38478,35473,3005
38479,35474,3005
38480,35475,3005
38482,35477,3005
38483,35478,3005
38484,35479,3005
38486,35481,3005
38488,35482,3006
38489,35483,3006
38490,35484,3006
38491,35485,3006
38492,35485,3007
38493,35486,3007
38494,35487,3007
38495,35488,3007
38496,35489,3007
38497,35490,3007
38498,35491,3007
38499,35492,3007
38500,35493,3007
38502,35495,3007
38503,35496,3007
38504,35497,3007
38506,35499,3007
38507,35499,3008
38508,35500,3008
38509,35501,3008
38510,35502,3008
38512,35503,3009
38513,35504,3009
38514,35505,3009
38515,35505,3010
38516,35506,3010
38517,35507,3010
38519,35509,3010
38520,35510,3010
38521,35511,3010
38523,35513,3010
38524,35514,3010
38525,35515,3010
38527,35517,3010
38529,35518,3011
38530,35519,3011
38531,35520,3011
38532,35521,3011
38534,35522,3012
38535,35523,3012
38536,35524,3012
38537,35525,3012
38538,35526,3012
38539,35527,3012
38540,35528,3012
38541,35529,3012
38542,35530,3012
38544,35532,3012
38545,35533,3012
38546,35534,3012
38548,35536,3012
38549,35536,3013
38550,35537,3013
38551,35538,3013
38552,35539,3013
38554,35540,3014
38555,35541,3014
38556,35542,3014
38557,35542,3015
38558,35543,3015
38559,35544,3015
38561,35546,3015
38562,35547,3015
38563,35548,3015
38565,35550,3015
38566,35551,3015
38567,35552,3015
38569,35554,3015
38571,35555,3016
38572,35556,3016
38573,35557,3016
38574,35558,3016
38575,35558,3017
38576,35559,3017
38577,35560,3017
38578,35561,3017
38579,35562,3017
38580,35563,3017
38581,35564,3017
38582,35565,3017
38583,35566,3017
38585,35568,3017
38586,35569,3017
38587,35570,3017
38589,35572,3017
38590,35572,3018
38591,35573,3018
38592,35574,3018
38593,35575,3018
38595,35576,3019
38596,35577,3019
38597,35578,3019
38598,35578,3020
38599,35579,3020
38600,35580,3020
38602,35582,3020
38603,35583,3020
38604,35584,3020
38606,35586,3020
38607,35587,3020
38608,35588,3020
38610,35590,3020
38612,35591,3021
38613,35592,3021
38614,35593,3021
38615,35594,3021
38616,35595,3021
38617,35596,3021
38618,35597,3021
38619,35598,3021
38620,35599,3021
38621,35600,3021
38622,35601,3021
38623,35602,3021
38624,35603,3021
38626,35605,3021
38627,35606,3021
38628,35607,3021
38630,35609,3021
38631,35609,3022
38632,35610,3022
38633,35611,3022
38634,35612,3022
38635,35612,3023
38636,35613,3023
38637,35614,3023
38638,35614,3024
38639,35615,3024
38640,35616,3024
38642,35618,3024
38643,35619,3024
38644,35620,3024
38646,35622,3024
38647,35623,3024
38648,35624,3024
38650,35626,3024
38652,35627,3025
38653,35628,3025
38654,35629,3025
38655,35630,3025
38657,35631,3026
38658,35632,3026
38659,35633,3026
38660,35634,3026
38661,35635,3026
38662,35636,3026
38663,35637,3026
38664,35638,3026
38665,35639,3026
38667,35641,3026
38668,35642,3026
38669,35643,3026
38671,35645,3026
38672,35645,3027
38673,35646,3027
38674,35647,3027
38675,35648,3027
38676,35649,3027
38677,35650,3027
38678,35651,3027
38679,35651,3028
38680,35652,3028
38681,35653,3028
38683,35655,3028
38684,35656,3028
38685,35657,3028
38687,35659,3028
38688,35660,3028
38689,35661,3028
38691,35663,3028
38693,35664,3029
38694,35665,3029
38695,35666,3029
38696,35667,3029
38697,35667,3030
38698,35668,3030
38699,35669,3030
38700,35670,3030
38701,35671,3030
38702,35672,3030
38703,35673,3030
38704,35674,3030
38705,35675,3030
38707,35677,3030
38708,35678,3030
38709,35679,3030
38711,35681,3030
38712,35681,3031
38713,35682,3031
38714,35683,3031
38715,35684,3031
38717,35685,3032
38718,35686,3032
38719,35687,3032
38720,35687,3033
38721,35688,3033
38722,35689,3033
38724,35691,3033
38725,35692,3033
38726,35693,3033
38728,35695,3033
38729,35696,3033
38730,35697,3033
38732,35699,3033
38734,35700,3034
38735,35701,3034
38736,35702,3034
38737,35703,3034
38738,35704,3034
38739,35705,3034
38740,35706,3034
38741,35707,3034
38742,35708,3034
38743,35709,3034
38744,35710,3034
38745,35711,3034
38746,35712,3034
38748,35714,3034
38749,35715,3034
38750,35716,3034
38752,35718,3034
38753,35718,3035
38754,35719,3035
38755,35720,3035
38756,35721,3035
38758,35722,3036
38759,35723,3036
38760,35724,3036
38761,35724,3037
38762,35725,3037
38763,35726,3037
38765,35728,3037
38766,35729,3037
38767,35730,3037
38769,35732,3037
38770,35733,3037
38771,35734,3037
38773,35736,3037
38775,35737,3038
38776,35738,3038
38777,35739,3038
38778,35740,3038
38779,35741,3038
38780,35742,3038
38781,35743,3038
38782,35744,3038
38783,35745,3038
38784,35746,3038
38785,35747,3038
38786,35748,3038
38787,35749,3038
38789,35751,3038
38790,35752,3038
38791,35753,3038
38793,35755,3038
38794,35755,3039
38795,35756,3039
38796,35757,3039
38797,35758,3039
38799,35759,3040
38800,35760,3040
38801,35761,3040
38802,35761,3041
38803,35762,3041
38804,35763,3041
38806,35765,3041
38807,35766,3041
38808,35767,3041
38810,35769,3041
38811,35770,3041
38812,35771,3041
38814,35773,3041
38816,35774,3042
38817,35775,3042
38818,35776,3042
38819,35777,3042
38820,35778,3042
38821,35779,3042
38822,35780,3042
38823,35781,3042
38824,35782,3042
38825,35783,3042
38826,35784,3042
38827,35785,3042
38828,35786,3042
38830,35788,3042
38831,35789,3042
38832,35790,3042
38834,35792,3042
38835,35792,3043
38836,35793,3043
38837,35794,3043
38838,35795,3043
38840,35796,3044
38841,35797,3044
38842,35798,3044
38843,35798,3045
38844,35799,3045
38845,35800,3045
38847,35802,3045
38848,35803,3045
38849,35804,3045
38851,35806,3045
38852,35807,3045
38853,35808,3045
38855,35810,3045
38857,35811,3046
38858,35812,3046
38859,35813,3046
38860,35814,3046
38861,35815,3046
38862,35816,3046
38863,35817,3046
38864,35818,3046
38865,35819,3046
38866,35820,3046
38867,35821,3046
38868,35822,3046
38869,35823,3046
38871,35825,3046
38872,35826,3046
38873,35827,3046
38875,35829,3046
38876,35829,3047
38877,35830,3047
38878,35831,3047
38879,35832,3047
38881,35833,3048
38882,35834,3048
38883,35835,3048
38884,35835,3049
38885,35836,3049
38886,35837,3049
38888,35839,3049
38889,35840,3049
38890,35841,3049
38892,35843,3049
38893,35844,3049
38894,35845,3049
38896,35847,3049
38898,35848,3050
38899,35849,3050
38900,35850,3050
38901,35851,3050
38903,35852,3051
38904,35853,3051
38905,35854,3051
38906,35855,3051
38907,35856,3051
38908,35857,3051
38909,35858,3051
38910,35859,3051
38911,35860,3051
38913,35862,3051
38914,35863,3051
38915,35864,3051
38917,35866,3051
38918,35866,3052
38919,35867,3052
38920,35868,3052
38921,35869,3052
38922,35870,3052
38923,35871,3052
38924,35872,3052
38925,35872,3053
38926,35873,3053
38927,35874,3053
38929,35876,3053
38930,35877,3053
38931,35878,3053
38933,35880,3053
38934,35881,3053
38935,35882,3053
38937,35884,3053
38939,35885,3054
38940,35886,3054
38941,35887,3054
38942,35888,3054
38944,35889,3055
38945,35890,3055
38946,35891,3055
38947,35892,3055
38948,35893,3055
38949,35894,3055
38950,35895,3055
38951,35896,3055
38952,35897,3055
38954,35899,3055
38955,35900,3055
38956,35901,3055
38958,35903,3055
38959,35903,3056
38960,35904,3056
38961,35905,3056
38962,35906,3056
38963,35907,3056
38964,35908,3056
38965,35909,3056
38966,35909,3057
38967,35910,3057
38968,35911,3057
38970,35913,3057
38971,35914,3057
38972,35915,3057
38974,35917,3057
38975,35918,3057
38976,35919,3057
38978,35921,3057
38980,35922,3058
38981,35923,3058
38982,35924,3058
38983,35925,3058
38985,35926,3059
38986,35927,3059
38987,35928,3059
38988,35929,3059
38989,35930,3059
38990,35931,3059
38991,35932,3059
38992,35933,3059
38993,35934,3059
38995,35936,3059
38996,35937,3059
38997,35938,3059
38999,35940,3059
39000,35940,3060
39001,35941,3060
39002,35942,3060
39003,35943,3060
39004,35944,3060
39005,35945,3060
39006,35946,3060
39007,35946,3061
39008,35947,3061
39009,35948,3061
39011,35950,3061
39012,35951,3061
39013,35952,3061
39015,35954,3061
39016,35955,3061
39017,35956,3061
39019,35958,3061
39021,35959,3062
39022,35960,3062
39023,35961,3062
39024,35962,3062
39026,35963,3063
39027,35964,3063
39028,35965,3063
39029,35966,3063
39030,35967,3063
39031,35968,3063
39032,35969,3063
39033,35970,3063
39034,35971,3063
39036,35973,3063
39037,35974,3063
39038,35975,3063
39040,35977,3063
39041,35977,3064
39042,35978,3064
39043,35979,3064
39044,35980,3064
39045,35981,3064
39046,35982,3064
39047,35983,3064
39048,35983,3065
39049,35984,3065
39050,35985,3065
39052,35987,3065
39053,35988,3065
39054,35989,3065
39056,35991,3065
39057,35992,3065
39058,35993,3065
39060,35995,3065
39062,35996,3066
39063,35997,3066
39064,35998,3066
39065,35999,3066
39067,36000,3067
39068,36001,3067
39069,36002,3067
39070,36003,3067
39071,36004,3067
39072,36005,3067
39073,36006,3067
39074,36007,3067
39075,36008,3067
39077,36010,3067
39078,36011,3067
39079,36012,3067
39081,36014,3067
39082,36014,3068
39083,36015,3068
39084,36016,3068
39085,36017,3068
39086,36018,3068
39087,36019,3068
39088,36020,3068
39089,36020,3069
39090,36021,3069
39091,36022,3069
39093,36024,3069
39094,36025,3069
39095,36026,3069
39097,36028,3069
39098,36029,3069
39099,36030,3069
39101,36032,3069
39103,36033,3070
39104,36034,3070
39105,36035,3070
39106,36036,3070
39108,36037,3071
39109,36038,3071
39110,36039,3071
39111,36040,3071
39112,36041,3071
39113,36042,3071
39114,36043,3071
39115,36044,3071
39116,36045,3071
39118,36047,3071
39119,36048,3071
39120,36049,3071
39122,36051,3071
39123,36051,3072
39124,36052,3072
39125,36053,3072
39126,36054,3072
39127,36055,3072
39128,36056,3072
39129,36057,3072
39130,36057,3073
39131,36058,3073
39132,36059,3073
39134,36061,3073
39135,36062,3073
39136,36063,3073
39138,36065,3073
39139,36066,3073
39140,36067,3073
39142,36069,3073
39144,36070,3074
39145,36071,3074
39146,36072,3074
39147,36073,3074
39149,36074,3075
39150,36075,3075
39151,36076,3075
39152,36077,3075
39153,36078,3075
39154,36079,3075
39155,36080,3075
39156,36081,3075
39157,36082,3075
39159,36084,3075
39160,36085,3075
39161,36086,3075
39163,36088,3075
39164,36088,3076
39165,36089,3076
39166,36090,3076
39167,36091,3076
39168,36092,3076
39169,36093,3076
39170,36094,3076
39171,36094,3077
39172,36095,3077
39173,36096,3077
39175,36098,3077
39176,36099,3077
39177,36100,3077
39179,36102,3077
39180,36103,3077
39181,36104,3077
39183,36106,3077
39185,36107,3078
39186,36108,3078
39187,36109,3078
39188,36110,3078
39190,36111,3079
39191,36112,3079
39192,36113,3079
39193,36114,3079
39194,36115,3079
39195,36116,3079
39196,36117,3079
39197,36118,3079
39198,36119,3079
39200,36121,3079
39201,36122,3079
39202,36123,3079
39204,36125,3079
39205,36125,3080
39206,36126,3080
39207,36127,3080
39208,36128,3080
39209,36129,3080
39210,36130,3080
39211,36131,3080
39212,36131,3081
39213,36132,3081
39214,36133,3081
39216,36135,3081
39217,36136,3081
39218,36137,3081
39220,36139,3081
39221,36140,3081
39222,36141,3081
39224,36143,3081
39226,36144,3082
39227,36145,3082
39228,36146,3082
39229,36147,3082
39231,36148,3083
39232,36149,3083
39233,36150,3083
39234,36151,3083
39235,36152,3083
39236,36153,3083
39237,36154,3083
39238,36155,3083
39239,36156,3083
39241,36158,3083
39242,36159,3083
39243,36160,3083
39245,36162,3083
39246,36162,3084
39247,36163,3084
39248,36164,3084
39249,36165,3084
39250,36166,3084
39251,36167,3084
39252,36168,3084
39253,36168,3085
39254,36169,3085
39255,36170,3085
39257,36172,3085
39258,36173,3085
39259,36174,3085
39261,36176,3085
39262,36177,3085
39263,36178,3085
39265,36180,3085
39267,36181,3086
39268,36182,3086
39269,36183,3086
39270,36184,3086
39272,36185,3087
39273,36186,3087
39274,36187,3087
39275,36188,3087
39276,36189,3087
39277,36190,3087
39278,36191,3087
39279,36192,3087
39280,36193,3087
39282,36195,3087
39283,36196,3087
39284,36197,3087
39286,36199,3087
39287,36199,3088
39288,36200,3088
39289,36201,3088
39290,36202,3088
39291,36203,3088
39292,36204,3088
39293,36205,3088
39294,36205,3089
39295,36206,3089
39296,36207,3089
39298,36209,3089
39299,36210,3089
39300,36211,3089
39302,36213,3089
39303,36214,3089
39304,36215,3089
39306,36217,3089
39308,36218,3090
39309,36219,3090
39310,36220,3090
39311,36221,3090
39312,36221,3091
39313,36222,3091
39314,36223,3091
39315,36224,3091
39316,36225,3091
39317,36226,3091
39318,36227,3091
39319,36228,3091
39320,36229,3091
39322,36231,3091
39323,36232,3091
39324,36233,3091
39326,36235,3091
39327,36235,3092
39328,36236,3092
39329,36237,3092
39330,36238,3092
39332,36239,3093
39333,36240,3093
39334,36241,3093
39335,36241,3094
39336,36242,3094
39337,36243,3094
39339,36245,3094
39340,36246,3094
39341,36247,3094
39343,36249,3094
39344,36250,3094
39345,36251,3094
39347,36253,3094
39349,36254,3095
39350,36255,3095
39351,36256,3095
39352,36257,3095
39353,36258,3095
39354,36259,3095
39355,36260,3095
39356,36261,3095
39357,36262,3095
39358,36263,3095
39359,36264,3095
39360,36265,3095
39361,36266,3095
39363,36268,3095
39364,36269,3095
39365,36270,3095
39367,36272,3095
39368,36272,3096
39369,36273,3096
39370,36274,3096
39371,36275,3096
39373,36276,3097
39374,36277,3097
39375,36278,3097
39376,36278,3098
39377,36279,3098
39378,36280,3098
39380,36282,3098
39381,36283,3098
39382,36284,3098
39384,36286,3098
39385,36287,3098
39386,36288,3098
39388,36290,3098
39390,36291,3099
39391,36292,3099
39392,36293,3099
39393,36294,3099
39395,36295,3100
39396,36296,3100
39397,36297,3100
39398,36298,3100
39399,36299,3100
39400,36300,3100
39401,36301,3100
39402,36302,3100
39403,36303,3100
39405,36305,3100
39406,36306,3100
39407,36307,3100
39409,36309,3100
39410,36309,3101
39411,36310,3101
39412,36311,3101
39413,36312,3101
39414,36312,3102
39415,36313,3102
39416,36314,3102
39417,36314,3103
39418,36315,3103
39419,36316,3103
39421,36318,3103
39422,36319,3103
39423,36320,3103
39425,36322,3103
39426,36323,3103
39427,36324,3103
39429,36326,3103
39431,36327,3104
39432,36328,3104
39433,36329,3104
39434,36330,3104
39436,36331,3105
39437,36332,3105
39438,36333,3105
39439,36334,3105
39440,36335,3105
39441,36336,3105
39442,36337,3105
39443,36338,3105
39444,36339,3105
39446,36341,3105
39447,36342,3105
39448,36343,3105
39450,36345,3105
39451,36345,3106
39452,36346,3106
39453,36347,3106
39454,36348,3106
39455,36349,3106
39456,36350,3106
39457,36351,3106
39458,36351,3107
39459,36352,3107
39460,36353,3107
39462,36355,3107
39463,36356,3107
39464,36357,3107
39466,36359,3107
39467,36360,3107
39468,36361,3107
39470,36363,3107
39472,36364,3108
39473,36365,3108
39474,36366,3108
39475,36367,3108
39477,36368,3109
39478,36369,3109
39479,36370,3109
39480,36371,3109
39481,36372,3109
39482,36373,3109
39483,36374,3109
39484,36375,3109
39485,36376,3109
39487,36378,3109
39488,36379,3109
39489,36380,3109
39491,36382,3109
39492,36382,3110
39493,36383,3110
39494,36384,3110
39495,36385,3110
39496,36386,3110
39497,36387,3110
39498,36388,3110
39499,36388,3111
39500,36389,3111
39501,36390,3111
39503,36392,3111
39504,36393,3111
39505,36394,3111
39507,36396,3111
39508,36397,3111
39509,36398,3111
39511,36400,3111
39513,36401,3112
39514,36402,3112
39515,36403,3112
39516,36404,3112
39518,36405,3113
39519,36406,3113
39520,36407,3113
39521,36408,3113
39522,36409,3113
39523,36410,3113
39524,36411,3113
39525,36412,3113
39526,36413,3113
39528,36415,3113
39529,36416,3113
39530,36417,3113
39532,36419,3113
39533,36419,3114
39534,36420,3114
39535,36421,3114
39536,36422,3114
39537,36423,3114
39538,36424,3114
39539,36425,3114
39540,36425,3115
39541,36426,3115
39542,36427,3115
39544,36429,3115
39545,36430,3115
39546,36431,3115
39548,36433,3115
39549,36434,3115
39550,36435,3115
39552,36437,3115
39554,36438,3116
39555,36439,3116
39556,36440,3116
39557,36441,3116
39559,36442,3117
39560,36443,3117
39561,36444,3117
39562,36445,3117
39563,36446,3117
39564,36447,3117
39565,36448,3117
39566,36449,3117
39567,36450,3117
39569,36452,3117
39570,36453,3117
39571,36454,3117
39573,36456,3117
39574,36456,3118
39575,36457,3118
39576,36458,3118
39577,36459,3118
39578,36460,3118
39579,36461,3118
39580,36462,3118
39581,36462,3119
39582,36463,3119
39583,36464,3119
39585,36466,3119
39586,36467,3119
39587,36468,3119
39589,36470,3119
39590,36471,3119
39591,36472,3119
39593,36474,3119
39595,36475,3120
39596,36476,3120
39597,36477,3120
39598,36478,3120
39600,36479,3121
39601,36480,3121
39602,36481,3121
39603,36482,3121
39604,36483,3121
39605,36484,3121
39606,36485,3121
39607,36486,3121
39608,36487,3121
39610,36489,3121
39611,36490,3121
39612,36491,3121
39614,36493,3121
39615,36493,3122
39616,36494,3122
39617,36495,3122
39618,36496,3122
39619,36497,3122
39620,36498,3122
39621,36499,3122
39622,36499,3123
39623,36500,3123
39624,36501,3123
39626,36503,3123
39627,36504,3123
39628,36505,3123
39630,36507,3123
39631,36508,3123
39632,36509,3123
39634,36511,3123
39636,36512,3124
39637,36513,3124
39638,36514,3124
39639,36515,3124
39641,36516,3125
39642,36517,3125
39643,36518,3125
39644,36519,3125
39645,36520,3125
39646,36521,3125
39647,36522,3125
39648,36523,3125
39649,36524,3125
39651,36526,3125
39652,36527,3125
39653,36528,3125
39655,36530,3125
39656,36530,3126
39657,36531,3126
39658,36532,3126
39659,36533,3126
39660,36534,3126
39661,36535,3126
39662,36536,3126
39663,36536,3127
39664,36537,3127
39665,36538,3127
39667,36540,3127
39668,36541,3127
39669,36542,3127
39671,36544,3127
39672,36545,3127
39673,36546,3127
39675,36548,3127
39677,36549,3128
39678,36550,3128
39679,36551,3128
39680,36552,3128
39682,36553,3129
39683,36554,3129
39684,36555,3129
39685,36556,3129
39686,36557,3129
39687,36558,3129
39688,36559,3129
39689,36560,3129
39690,36561,3129
39692,36563,3129
39693,36564,3129
39694,36565,3129
39696,36567,3129
39697,36567,3130
39698,36568,3130
39699,36569,3130
39700,36570,3130
39701,36570,3131
39702,36571,3131
39703,36572,3131
39704,36572,3132
39705,36573,3132
39706,36574,3132
39708,36576,3132
39709,36577,3132
39710,36578,3132
39712,36580,3132
39713,36581,3132
39714,36582,3132
39716,36584,3132
39718,36585,3133
39719,36586,3133
39720,36587,3133
39721,36588,3133
39722,36588,3134
39723,36589,3134
39724,36590,3134
39725,36591,3134
39726,36592,3134
39727,36593,3134
39728,36594,3134
39729,36595,3134
39730,36596,3134
39732,36598,3134
39733,36599,3134
39734,36600,3134
39736,36602,3134
39737,36602,3135
39738,36603,3135
39739,36604,3135
39740,36605,3135
39742,36606,3136
39743,36607,3136
39744,36608,3136
39745,36608,3137
39746,36609,3137
39747,36610,3137
39749,36612,3137
39750,36613,3137
39751,36614,3137
39753,36616,3137
39754,36617,3137
39755,36618,3137
39757,36620,3137
39759,36621,3138
39760,36622,3138
39761,36623,3138
39762,36624,3138
39763,36625,3138
39764,36626,3138
39765,36627,3138
39766,36628,3138
39767,36629,3138
39768,36630,3138
39769,36631,3138
39770,36632,3138
39771,36633,3138
39773,36635,3138
39774,36636,3138
39775,36637,3138
39777,36639,3138
39778,36639,3139
39779,36640,3139
39780,36641,3139
39781,36642,3139
39783,36643,3140
39784,36644,3140
39785,36645,3140
39786,36645,3141
39787,36646,3141
39788,36647,3141
39790,36649,3141
39791,36650,3141
39792,36651,3141
39794,36653,3141
39795,36654,3141
39796,36655,3141
39798,36657,3141
39800,36658,3142
39801,36659,3142
39802,36660,3142
39803,36661,3142
39804,36662,3142
39805,36663,3142
39806,36664,3142
39807,36665,3142
39808,36666,3142
39809,36667,3142
39810,36668,3142
39811,36669,3142
39812,36670,3142
39814,36672,3142
39815,36673,3142
39816,36674,3142
39818,36676,3142
39819,36676,3143
39820,36677,3143
39821,36678,3143
39822,36679,3143
39823,36679,3144
39824,36680,3144
39825,36681,3144
39826,36681,3145
39827,36682,3145
39828,36683,3145
39830,36685,3145
39831,36686,3145
39832,36687,3145
39834,36689,3145
39835,36690,3145
39836,36691,3145
39838,36693,3145
39840,36694,3146
39841,36695,3146
39842,36696,3146
39843,36697,3146
39844,36697,3147
39845,36698,3147
39846,36699,3147
39847,36700,3147
39848,36701,3147
39849,36702,3147
39850,36703,3147
39851,36704,3147
39852,36705,3147
39854,36707,3147
39855,36708,3147
39856,36709,3147
39858,36711,3147
39859,36711,3148
39860,36712,3148
39861,36713,3148
39862,36714,3148
39864,36715,3149
39865,36716,3149
39866,36717,3149
39867,36717,3150
39868,36718,3150
39869,36719,3150
39871,36721,3150
39872,36722,3150
39873,36723,3150
39875,36725,3150
39876,36726,3150
39877,36727,3150
39879,36729,3150
39881,36730,3151
39882,36731,3151
39883,36732,3151
39884,36733,3151
39885,36734,3151
39886,36735,3151
39887,36736,3151
39888,36737,3151
39889,36738,3151
39890,36739,3151
39891,36740,3151
39892,36741,3151
39893,36742,3151
39895,36744,3151
39896,36745,3151
39897,36746,3151
39899,36748,3151
39900,36748,3152
39901,36749,3152
39902,36750,3152
39903,36751,3152
39905,36752,3153
39906,36753,3153
39907,36754,3153
39908,36754,3154
39909,36755,3154
39910,36756,3154
39912,36758,3154
39913,36759,3154
39914,36760,3154
39916,36762,3154
39917,36763,3154
39918,36764,3154
39920,36766,3154
39922,36767,3155
39923,36768,3155
39924,36769,3155
39925,36770,3155
39926,36771,3155
39927,36772,3155
39928,36773,3155
39929,36774,3155
39930,36775,3155
39931,36776,3155
39932,36777,3155
39933,36778,3155
39934,36779,3155
39936,36781,3155
39937,36782,3155
39938,36783,3155
39940,36785,3155
39941,36785,3156
39942,36786,3156
39943,36787,3156
39944,36788,3156
39946,36789,3157
39947,36790,3157
39948,36791,3157
39949,36791,3158
39950,36792,3158
39951,36793,3158
39953,36795,3158
39954,36796,3158
39955,36797,3158
39957,36799,3158
39958,36800,3158
39959,36801,3158
39961,36803,3158
39963,36804,3159
39964,36805,3159
39965,36806,3159
39966,36807,3159
39967,36808,3159
39968,36809,3159
39969,36810,3159
39970,36811,3159
39971,36812,3159
39972,36813,3159
39973,36814,3159
39974,36815,3159
39975,36816,3159
39977,36818,3159
39978,36819,3159
39979,36820,3159
39981,36822,3159
39982,36822,3160
39983,36823,3160
39984,36824,3160
39985,36825,3160
39987,36826,3161
39988,36827,3161
39989,36828,3161
39990,36828,3162
39991,36829,3162
39992,36830,3162
39994,36832,3162
39995,36833,3162
39996,36834,3162
39998,36836,3162
39999,36837,3162
40000,36838,3162
40002,36840,3162
40004,36841,3163
40005,36842,3163
40006,36843,3163
40007,36844,3163
40008,36845,3163
40009,36846,3163
40010,36847,3163
40011,36848,3163
40012,36849,3163
40013,36850,3163
40014,36851,3163
40015,36852,3163
40016,36853,3163
40018,36855,3163
40019,36856,3163
40020,36857,3163
40022,36859,3163
40023,36859,3164
40024,36860,3164
40025,36861,3164
40026,36862,3164
40028,36863,3165
40029,36864,3165
40030,36865,3165
40031,36865,3166
40032,36866,3166
40033,36867,3166
40035,36869,3166
40036,36870,3166
40037,36871,3166
40039,36873,3166
40040,36874,3166
40041,36875,3166
40043,36877,3166
40045,36878,3167
40046,36879,3167
40047,36880,3167
40048,36881,3167
40049,36882,3167
40050,36883,3167
40051,36884,3167
40052,36885,3167
40053,36886,3167
40054,36887,3167
40055,36888,3167
40056,36889,3167
40057,36890,3167
40059,36892,3167
40060,36893,3167
40061,36894,3167
40063,36896,3167
40064,36896,3168
40065,36897,3168
40066,36898,3168
40067,36899,3168
40069,36900,3169
40070,36901,3169
40071,36902,3169
40072,36902,3170
40073,36903,3170
40074,36904,3170
40076,36906,3170
40077,36907,3170
40078,36908,3170
40080,36910,3170
40081,36911,3170
40082,36912,3170
40084,36914,3170
40086,36915,3171
40087,36916,3171
40088,36917,3171
40089,36918,3171
40090,36919,3171
40091,36920,3171
40092,36921,3171
40093,36922,3171
40094,36923,3171
40095,36924,3171
40096,36925,3171
40097,36926,3171
40098,36927,3171
40100,36929,3171
40101,36930,3171
40102,36931,3171
40104,36933,3171
40105,36933,3172
40106,36934,3172
40107,36935,3172
40108,36936,3172
40110,36937,3173
40111,36938,3173
40112,36939,3173
40113,36939,3174
40114,36940,3174
40115,36941,3174
40117,36943,3174
40118,36944,3174
40119,36945,3174
40121,36947,3174
40122,36948,3174
40123,36949,3174
40125,36951,3174
40127,36952,3175
40128,36953,3175
40129,36954,3175
40130,36955,3175
40131,36956,3175
40132,36957,3175
40133,36958,3175
40134,36959,3175
40135,36960,3175
40136,36961,3175
40137,36962,3175
40138,36963,3175
40139,36964,3175
40141,36966,3175
40142,36967,3175
40143,36968,3175
40145,36970,3175
40146,36970,3176
40147,36971,3176
40148,36972,3176
40149,36973,3176
40151,36974,3177
40152,36975,3177
40153,36976,3177
40154,36976,3178
40155,36977,3178
40156,36978,3178
40158,36980,3178
40159,36981,3178
40160,36982,3178
40162,36984,3178
40163,36985,3178
40164,36986,3178
40166,36988,3178
40168,36989,3179
40169,36990,3179
40170,36991,3179
40171,36992,3179
40172,36993,3179
40173,36994,3179
40174,36995,3179
40175,36996,3179
40176,36997,3179
40177,36998,3179
40178,36999,3179
40179,37000,3179
40180,37001,3179
40182,37003,3179
40183,37004,3179
40184,37005,3179
40186,37007,3179
40187,37007,3180
40188,37008,3180
40189,37009,3180
40190,37010,3180
40192,37011,3181
40193,37012,3181
40194,37013,3181
40195,37013,3182
40196,37014,3182
40197,37015,3182
40199,37017,3182
40200,37018,3182
40201,37019,3182
40203,37021,3182
40204,37022,3182
40205,37023,3182
40207,37025,3182
40209,37026,3183
40210,37027,3183
40211,37028,3183
40212,37029,3183
40213,37030,3183
40214,37031,3183
40215,37032,3183
40216,37033,3183
40217,37034,3183
40218,37035,3183
40219,37036,3183
40220,37037,3183
40221,37038,3183
40223,37040,3183
40224,37041,3183
40225,37042,3183
40227,37044,3183
40228,37044,3184
40229,37045,3184
40230,37046,3184
40231,37047,3184
40233,37048,3185
40234,37049,3185
40235,37050,3185
40236,37050,3186
40237,37051,3186
40238,37052,3186
40240,37054,3186
40241,37055,3186
40242,37056,3186
40244,37058,3186
40245,37059,3186
40246,37060,3186
40248,37062,3186
40250,37063,3187
40251,37064,3187
40252,37065,3187
40253,37066,3187
40254,37067,3187
40255,37068,3187
40256,37069,3187
40257,37070,3187
40258,37071,3187
40259,37072,3187
40260,37073,3187
40261,37074,3187
40262,37075,3187
40264,37077,3187
40265,37078,3187
40266,37079,3187
40268,37081,3187
40269,37081,3188
40270,37082,3188
40271,37083,3188
40272,37084,3188
40274,37085,3189
40275,37086,3189
40276,37087,3189
40277,37087,3190
40278,37088,3190
40279,37089,3190
40281,37091,3190
40282,37092,3190
40283,37093,3190
40285,37095,3190
40286,37096,3190
40287,37097,3190
40289,37099,3190
40291,37100,3191
40292,37101,3191
40293,37102,3191
40294,37103,3191
40295,37104,3191
40296,37105,3191
40297,37106,3191
40298,37107,3191
40299,37108,3191
40300,37109,3191
40301,37110,3191
40302,37111,3191
40303,37112,3191
40305,37114,3191
40306,37115,3191
40307,37116,3191
40309,37118,3191
40310,37118,3192
40311,37119,3192
40312,37120,3192
40313,37121,3192
40315,37122,3193
40316,37123,3193
40317,37124,3193
40318,37124,3194
40319,37125,3194
40320,37126,3194
40322,37128,3194
40323,37129,3194
40324,37130,3194
40326,37132,3194
40327,37133,3194
40328,37134,3194
40330,37136,3194
40332,37137,3195
40333,37138,3195
40334,37139,3195
40335,37140,3195
40336,37141,3195
40337,37142,3195
40338,37143,3195
40339,37144,3195
40340,37145,3195
40341,37146,3195
40342,37147,3195
40343,37148,3195
40344,37149,3195
40346,37151,3195
40347,37152,3195
40348,37153,3195
40350,37155,3195
40351,37155,3196
40352,37156,3196
40353,37157,3196
40354,37158,3196
40356,37159,3197
40357,37160,3197
40358,37161,3197
40359,37161,3198
40360,37162,3198
40361,37163,3198
40363,37165,3198
40364,37166,3198
40365,37167,3198
40367,37169,3198
40368,37170,3198
40369,37171,3198
40371,37173,3198
40373,37174,3199
40374,37175,3199
40375,37176,3199
40376,37177,3199
40377,37178,3199
40378,37179,3199
40379,37180,3199
40380,37181,3199
40381,37182,3199
40382,37183,3199
40383,37184,3199
40384,37185,3199
40385,37186,3199
40387,37188,3199
40388,37189,3199
40389,37190,3199
40391,37192,3199
40392,37192,3200
40393,37193,3200
40394,37194,3200
40395,37195,3200
40397,37196,3201
40398,37197,3201
40399,37198,3201
40400,37198,3202
40401,37199,3202
40402,37200,3202
40404,37202,3202
40405,37203,3202
40406,37204,3202
40408,37206,3202
40409,37207,3202
40410,37208,3202
40412,37210,3202
40414,37211,3203
40415,37212,3203
40416,37213,3203
40417,37214,3203
40418,37215,3203
40419,37216,3203
40420,37217,3203
40421,37218,3203
40422,37219,3203
40423,37220,3203
40424,37221,3203
40425,37222,3203
40426,37223,3203
40428,37225,3203
40429,37226,3203
40430,37227,3203
40432,37229,3203
40433,37229,3204
40434,37230,3204
40435,37231,3204
40436,37232,3204
40438,37233,3205
40439,37234,3205
40440,37235,3205
40441,37235,3206
40442,37236,3206
40443,37237,3206
40445,37239,3206
40446,37240,3206
40447,37241,3206
40449,37243,3206
40450,37244,3206
40451,37245,3206
40453,37247,3206
40455,37248,3207
40456,37249,3207
40457,37250,3207
40458,37251,3207
40459,37252,3207
40460,37253,3207
40461,37254,3207
40462,37255,3207
40463,37256,3207
40464,37257,3207
40465,37258,3207
40466,37259,3207
40467,37260,3207
40469,37262,3207
40470,37263,3207
40471,37264,3207
40473,37266,3207
40474,37266,3208
40475,37267,3208
40476,37268,3208
40477,37269,3208
40479,37270,3209
40480,37271,3209
40481,37272,3209
40482,37272,3210
40483,37273,3210
40484,37274,3210
40486,37276,3210
40487,37277,3210
40488,37278,3210
40490,37280,3210
40491,37281,3210
40492,37282,3210
40494,37284,3210
40496,37285,3211
40497,37286,3211
40498,37287,3211
40499,37288,3211
40500,37289,3211
40501,37290,3211
40502,37291,3211
40503,37292,3211
40504,37293,3211
40505,37294,3211
40506,37295,3211
40507,37296,3211
40508,37297,3211
40510,37299,3211
40511,37300,3211
40512,37301,3211
40514,37303,3211
40515,37303,3212
40516,37304,3212
40517,37305,3212
40518,37306,3212
40520,37307,3213
40521,37308,3213
40522,37309,3213
40523,37309,3214
40524,37310,3214
40525,37311,3214
40527,37313,3214
40528,37314,3214
40529,37315,3214
40531,37317,3214
40532,37318,3214
40533,37319,3214
40535,37321,3214
40537,37322,3215
40538,37323,3215
40539,37324,3215
40540,37325,3215
40541,37326,3215
40542,37327,3215
40543,37328,3215
40544,37329,3215
40545,37330,3215
40546,37331,3215
40547,37332,3215
40548,37333,3215
40549,37334,3215
40551,37336,3215
40552,37337,3215
40553,37338,3215
40555,37340,3215
40556,37340,3216
40557,37341,3216
40558,37342,3216
40559,37343,3216
40561,37344,3217
40562,37345,3217
40563,37346,3217
40564,37346,3218
40565,37347,3218
40566,37348,3218
40568,37350,3218
40569,37351,3218
40570,37352,3218
40572,37354,3218
40573,37355,3218
40574,37356,3218
40576,37358,3218
40578,37359,3219
40579,37360,3219
40580,37361,3219
40581,37362,3219
40582,37363,3219
40583,37364,3219
40584,37365,3219
40585,37366,3219
40586,37367,3219
40587,37368,3219
40588,37369,3219
40589,37370,3219
40590,37371,3219
40592,37373,3219
40593,37374,3219
40594,37375,3219
40596,37377,3219
40597,37377,3220
40598,37378,3220
40599,37379,3220
40600,37380,3220
40602,37381,3221
40603,37382,3221
40604,37383,3221
40605,37383,3222
40606,37384,3222
40607,37385,3222
40609,37387,3222
40610,37388,3222
40611,37389,3222
40613,37391,3222
40614,37392,3222
40615,37393,3222
40617,37395,3222
40619,37396,3223
40620,37397,3223
40621,37398,3223
40622,37399,3223
40623,37399,3224
40624,37400,3224
40625,37401,3224
40626,37402,3224
40627,37403,3224
40628,37404,3224
40629,37405,3224
40630,37406,3224
40631,37407,3224
40633,37409,3224
40634,37410,3224
40635,37411,3224
40637,37413,3224
40638,37413,3225
40639,37414,3225
40640,37415,3225
40641,37416,3225
40643,37416,3227
40644,37417,3227
40645,37418,3227
40646,37418,3228
40647,37419,3228
40648,37420,3228
40650,37422,3228
40651,37423,3228
40652,37424,3228
40654,37426,3228
40655,37427,3228
40656,37428,3228
40658,37430,3228
40660,37431,3229
40661,37432,3229
40662,37433,3229
40663,37434,3229
40664,37434,3230
40665,37435,3230
40666,37436,3230
40667,37437,3230
40668,37438,3230
40669,37439,3230
40670,37440,3230
40671,37441,3230
40672,37442,3230
40674,37444,3230
40675,37445,3230
40676,37446,3230
40678,37448,3230
40679,37448,3231
40680,37449,3231
40681,37450,3231
40682,37451,3231
40683,37451,3232
40684,37452,3232
40685,37453,3232
40686,37453,3233
40687,37454,3233
40688,37455,3233
40690,37457,3233
40691,37458,3233
40692,37459,3233
40694,37461,3233
40695,37462,3233
40696,37463,3233
40698,37465,3233
40700,37466,3234
40701,37467,3234
40702,37468,3234
40703,37469,3234
40705,37470,3235
40706,37471,3235
40707,37472,3235
40708,37473,3235
40709,37474,3235
40710,37475,3235
40711,37476,3235
40712,37477,3235
40713,37478,3235
40715,37480,3235
40716,37481,3235
40717,37482,3235
40719,37484,3235
40720,37484,3236
40721,37485,3236
40722,37486,3236
40723,37487,3236
40724,37488,3236
40725,37489,3236
40726,37490,3236
40727,37490,3237
40728,37491,3237
40729,37492,3237
40731,37494,3237
40732,37495,3237
40733,37496,3237
40735,37498,3237
40736,37499,3237
40737,37500,3237
40739,37502,3237
40741,37503,3238
40742,37504,3238
40743,37505,3238
40744,37506,3238
40746,37506,3240
40747,37507,3240
40748,37508,3240
40749,37509,3240
40750,37510,3240
40751,37511,3240
40752,37512,3240
40753,37513,3240
40754,37514,3240
40756,37516,3240
40757,37517,3240
40758,37518,3240
40760,37520,3240
40761,37520,3241
40762,37521,3241
40763,37522,3241
40764,37523,3241
40765,37523,3242
40766,37524,3242
40767,37525,3242
40768,37525,3243
40769,37526,3243
40770,37527,3243
40772,37529,3243
40773,37530,3243
40774,37531,3243
40776,37533,3243
40777,37534,3243
40778,37535,3243
40780,37537,3243
40782,37538,3244
40783,37539,3244
40784,37540,3244
40785,37541,3244
40786,37541,3245
40787,37542,3245
40788,37543,3245
40789,37544,3245
40790,37545,3245
40791,37546,3245
40792,37547,3245
40793,37548,3245
40794,37549,3245
40796,37551,3245
40797,37552,3245
40798,37553,3245
40800,37555,3245
40801,37555,3246
40802,37556,3246
40803,37557,3246
40804,37558,3246
40806,37559,3247
40807,37560,3247
40808,37561,3247
40809,37561,3248
40810,37562,3248
40811,37563,3248
40813,37565,3248
40814,37566,3248
40815,37567,3248
40817,37569,3248
40818,37570,3248
40819,37571,3248
40821,37573,3248
40823,37574,3249
40824,37575,3249
40825,37576,3249
40826,37577,3249
40827,37578,3249
40828,37579,3249
40829,37580,3249
40830,37581,3249
40831,37582,3249
40832,37583,3249
40833,37584,3249
40834,37585,3249
40835,37586,3249
40837,37588,3249
40838,37589,3249
40839,37590,3249
40841,37592,3249
40842,37592,3250
40843,37593,3250
40844,37594,3250
40845,37595,3250
40847,37596,3251
40848,37597,3251
40849,37598,3251
40850,37598,3252
40851,37599,3252
40852,37600,3252
40854,37602,3252
40855,37603,3252
40856,37604,3252
40858,37606,3252
40859,37607,3252
40860,37608,3252
40862,37610,3252
40864,37611,3253
40865,37612,3253
40866,37613,3253
40867,37614,3253
40868,37615,3253
40869,37616,3253
40870,37617,3253
40871,37618,3253
40872,37619,3253
40873,37620,3253
40874,37621,3253
40875,37622,3253
40876,37623,3253
40878,37625,3253
40879,37626,3253
40880,37627,3253
40882,37629,3253
40883,37629,3254
40884,37630,3254
40885,37631,3254
40886,37632,3254
40888,37633,3255
40889,37634,3255
40890,37635,3255
40891,37635,3256
40892,37636,3256
40893,37637,3256
40895,37639,3256
40896,37640,3256
40897,37641,3256
40899,37643,3256
40900,37644,3256
40901,37645,3256
40903,37647,3256
40905,37648,3257
40906,37649,3257
40907,37650,3257
40908,37651,3257
40909,37652,3257
40910,37653,3257
40911,37654,3257
40912,37655,3257
40913,37656,3257
40914,37657,3257
40915,37658,3257
40916,37659,3257
40917,37660,3257
40919,37662,3257
40920,37663,3257
40921,37664,3257
40923,37666,3257
40924,37666,3258
40925,37667,3258
40926,37668,3258
40927,37669,3258
40929,37670,3259
40930,37671,3259
40931,37672,3259
40932,37672,3260
40933,37673,3260
40934,37674,3260
40936,37676,3260
40937,37677,3260
40938,37678,3260
40940,37680,3260
40941,37681,3260
40942,37682,3260
40944,37684,3260
40946,37685,3261
40947,37686,3261
40948,37687,3261
40949,37688,3261
40950,37689,3261
40951,37690,3261
40952,37691,3261
40953,37692,3261
40954,37693,3261
40955,37694,3261
40956,37695,3261
40957,37696,3261
40958,37697,3261
40960,37699,3261
40961,37700,3261
40962,37701,3261
40964,37703,3261
40965,37703,3262
40966,37704,3262
40967,37705,3262
40968,37706,3262
40970,37707,3263
40971,37708,3263
40972,37709,3263
40973,37709,3264
40974,37710,3264
40975,37711,3264
40977,37713,3264
40978,37714,3264
40979,37715,3264
40981,37717,3264
40982,37718,3264
40983,37719,3264
40985,37721,3264
40987,37722,3265
40988,37723,3265
40989,37724,3265
40990,37725,3265
40991,37726,3265
40992,37727,3265
40993,37728,3265
40994,37729,3265
40995,37730,3265
40996,37731,3265
40997,37732,3265
40998,37733,3265
40999,37734,3265
41001,37736,3265
41002,37737,3265
41003,37738,3265
41005,37740,3265
41006,37740,3266
41007,37741,3266
41008,37742,3266
41009,37743,3266
41011,37744,3267
41012,37745,3267
41013,37746,3267
41014,37746,3268
41015,37747,3268
41016,37748,3268
41018,37750,3268
41019,37751,3268
41020,37752,3268
41022,37754,3268
41023,37755,3268
41024,37756,3268
41026,37758,3268
41028,37759,3269
41029,37760,3269
41030,37761,3269
41031,37762,3269
41032,37763,3269
41033,37764,3269
41034,37765,3269
41035,37766,3269
41036,37767,3269
41037,37768,3269
41038,37769,3269
41039,37770,3269
41040,37771,3269
41042,37773,3269
41043,37774,3269
41044,37775,3269
41046,37777,3269
41047,37777,3270
41048,37778,3270
41049,37779,3270
41050,37780,3270
41052,37781,3271
41053,37782,3271
41054,37783,3271
41055,37783,3272
41056,37784,3272
41057,37785,3272
41059,37787,3272
41060,37788,3272
41061,37789,3272
41063,37791,3272
41064,37792,3272
41065,37793,3272
41067,37795,3272
41069,37796,3273
41070,37797,3273
41071,37798,3273
41072,37799,3273
41073,37800,3273
41074,37801,3273
41075,37802,3273
41076,37803,3273
41077,37804,3273
41078,37805,3273
41079,37806,3273
41080,37807,3273
41081,37808,3273
41083,37810,3273
41084,37811,3273
41085,37812,3273
41087,37814,3273
41088,37814,3274
41089,37815,3274
41090,37816,3274
41091,37817,3274
41093,37818,3275
41094,37819,3275
41095,37820,3275
41096,37820,3276
41097,37821,3276
41098,37822,3276
41100,37824,3276
41101,37825,3276
41102,37826,3276
41104,37828,3276
41105,37829,3276
41106,37830,3276
41108,37832,3276
41110,37833,3277
41111,37834,3277
41112,37835,3277
41113,37836,3277
41114,37837,3277
41115,37838,3277
41116,37839,3277
41117,37840,3277
41118,37841,3277
41119,37842,3277
41120,37843,3277
41121,37844,3277
41122,37845,3277
41124,37847,3277
41125,37848,3277
41126,37849,3277
41128,37851,3277
41129,37851,3278
41130,37852,3278
41131,37853,3278
41132,37854,3278
41134,37855,3279
41135,37856,3279
41136,37857,3279
41137,37857,3280
41138,37858,3280
41139,37859,3280
41141,37861,3280
41142,37862,3280
41143,37863,3280
41145,37865,3280
41146,37866,3280
41147,37867,3280
41149,37869,3280
41151,37870,3281
41152,37871,3281
41153,37872,3281
41154,37873,3281
41155,37874,3281
41156,37875,3281
41157,37876,3281
41158,37877,3281
41159,37878,3281
41160,37879,3281
41161,37880,3281
41162,37881,3281
41163,37882,3281
41165,37884,3281
41166,37885,3281
41167,37886,3281
41169,37888,3281
41170,37888,3282
41171,37889,3282
41172,37890,3282
41173,37891,3282
41175,37892,3283
41176,37893,3283
41177,37894,3283
41178,37894,3284
41179,37895,3284
41180,37896,3284
41182,37898,3284
41183,37899,3284
41184,37900,3284
41186,37902,3284
41187,37903,3284
41188,37904,3284
41190,37906,3284
41192,37907,3285
41193,37908,3285
41194,37909,3285
41195,37910,3285
41196,37911,3285
41197,37912,3285
41198,37913,3285
41199,37914,3285
41200,37915,3285
41201,37916,3285
41202,37917,3285
41203,37918,3285
41204,37919,3285
41206,37921,3285
41207,37922,3285
41208,37923,3285
41210,37925,3285
41211,37925,3286
41212,37926,3286
41213,37927,3286
41214,37928,3286
41216,37929,3287
41217,37930,3287
41218,37931,3287
41219,37931,3288
41220,37932,3288
41221,37933,3288
41223,37935,3288
41224,37936,3288
41225,37937,3288
41227,37939,3288
41228,37940,3288
41229,37941,3288
41231,37943,3288
41233,37944,3289
41234,37945,3289
41235,37946,3289
41236,37947,3289
41237,37948,3289
41238,37949,3289
41239,37950,3289
41240,37951,3289
41241,37952,3289
41242,37953,3289
41243,37954,3289
41244,37955,3289
41245,37956,3289
41247,37958,3289
41248,37959,3289
41249,37960,3289
41251,37962,3289
41252,37962,3290
41253,37963,3290
41254,37964,3290
41255,37965,3290
41257,37966,3291
41258,37967,3291
41259,37968,3291
41260,37968,3292
41261,37969,3292
41262,37970,3292
41264,37972,3292
41265,37973,3292
41266,37974,3292
41268,37976,3292
41269,37977,3292
41270,37978,3292
41272,37980,3292
41274,37981,3293
41275,37982,3293
41276,37983,3293
41277,37984,3293
41278,37985,3293
41279,37986,3293
41280,37987,3293
41281,37988,3293
41282,37989,3293
41283,37990,3293
41284,37991,3293
41285,37992,3293
41286,37993,3293
41288,37995,3293
41289,37996,3293
41290,37997,3293
41292,37999,3293
41293,37999,3294
41294,38000,3294
41295,38001,3294
41296,38002,3294
41298,38003,3295
41299,38004,3295
41300,38005,3295
41301,38005,3296
41302,38006,3296
41303,38007,3296
41305,38009,3296
41306,38010,3296
41307,38011,3296
41309,38013,3296
41310,38014,3296
41311,38015,3296
41313,38017,3296
41315,38018,3297
41316,38019,3297
41317,38020,3297
41318,38021,3297
41319,38022,3297
41320,38023,3297
41321,38024,3297
41322,38025,3297
41323,38026,3297
41324,38027,3297
41325,38028,3297
41326,38029,3297
41327,38030,3297
41329,38032,3297
41330,38033,3297
41331,38034,3297
41333,38036,3297
41334,38036,3298
41335,38037,3298
41336,38038,3298
41337,38039,3298
41339,38040,3299
41340,38041,3299
41341,38042,3299
41342,38042,3300
41343,38043,3300
41344,38044,3300
41346,38046,3300
41347,38047,3300
41348,38048,3300
41350,38050,3300
41351,38051,3300
41352,38052,3300
41354,38054,3300
41356,38055,3301
41357,38056,3301
41358,38057,3301
41359,38058,3301
41360,38059,3301
41361,38060,3301
41362,38061,3301
41363,38062,3301
41364,38063,3301
41365,38064,3301
41366,38065,3301
41367,38066,3301
41368,38067,3301
41370,38069,3301
41371,38070,3301
41372,38071,3301
41374,38073,3301
41375,38073,3302
41376,38074,3302
41377,38075,3302
41378,38076,3302
41380,38077,3303
41381,38078,3303
41382,38079,3303
41383,38079,3304
41384,38080,3304
41385,38081,3304
41387,38083,3304
41388,38084,3304
41389,38085,3304
41391,38087,3304
41392,38088,3304
41393,38089,3304
41395,38091,3304
41397,38092,3305
41398,38093,3305
41399,38094,3305
41400,38095,3305
41401,38096,3305
41402,38097,3305
41403,38098,3305
41404,38099,3305
41405,38100,3305
41406,38101,3305
41407,38102,3305
41408,38103,3305
41409,38104,3305
41411,38106,3305
41412,38107,3305
41413,38108,3305
41415,38110,3305
41416,38110,3306
41417,38111,3306
41418,38112,3306
41419,38113,3306
41421,38114,3307
41422,38115,3307
41423,38116,3307
41424,38116,3308
41425,38117,3308
41426,38118,3308
41428,38120,3308
41429,38121,3308
41430,38122,3308
41432,38124,3308
41433,38125,3308
41434,38126,3308
41436,38128,3308
41438,38129,3309
41439,38130,3309
41440,38131,3309
41441,38132,3309
41442,38133,3309
41443,38134,3309
41444,38135,3309
41445,38136,3309
41446,38137,3309
41447,38138,3309
41448,38139,3309
41449,38140,3309
41450,38141,3309
41452,38143,3309
41453,38144,3309
41454,38145,3309
41456,38147,3309
41457,38147,3310
41458,38148,3310
41459,38149,3310
41460,38150,3310
41462,38151,3311
41463,38152,3311
41464,38153,3311
41465,38153,3312
41466,38154,3312
41467,38155,3312
41469,38157,3312
41470,38158,3312
41471,38159,3312
41473,38161,3312
41474,38162,3312
41475,38163,3312
41477,38165,3312
41479,38166,3313
41480,38167,3313
41481,38168,3313
41482,38169,3313
41483,38170,3313
41484,38171,3313
41485,38172,3313
41486,38173,3313
41487,38174,3313
41488,38175,3313
41489,38176,3313
41490,38177,3313
41491,38178,3313
41493,38180,3313
41494,38181,3313
41495,38182,3313
41497,38184,3313
41498,38184,3314
41499,38185,3314
41500,38186,3314
41501,38187,3314
41503,38188,3315
41504,38189,3315
41505,38190,3315
41506,38190,3316
41507,38191,3316
41508,38192,3316
41510,38194,3316
41511,38195,3316
41512,38196,3316
41514,38198,3316
41515,38199,3316
41516,38200,3316
41518,38202,3316
41520,38203,3317
41521,38204,3317
41522,38205,3317
41523,38206,3317
41524,38207,3317
41525,38208,3317
41526,38209,3317
41527,38210,3317
41528,38211,3317
41529,38212,3317
41530,38213,3317
41531,38214,3317
41532,38215,3317
41534,38217,3317
41535,38218,3317
41536,38219,3317
41538,38221,3317
41539,38221,3318
41540,38222,3318
41541,38223,3318
41542,38224,3318
41544,38225,3319
41545,38226,3319
41546,38227,3319
41547,38227,3320
41548,38228,3320
41549,38229,3320
41551,38231,3320
41552,38232,3320
41553,38233,3320
41555,38235,3320
41556,38236,3320
41557,38237,3320
41559,38239,3320
41561,38240,3321
41562,38241,3321
41563,38242,3321
41564,38243,3321
41565,38244,3321
41566,38245,3321
41567,38246,3321
41568,38247,3321
41569,38248,3321
41570,38249,3321
41571,38250,3321
41572,38251,3321
41573,38252,3321
41575,38254,3321
41576,38255,3321
41577,38256,3321
41579,38258,3321
41580,38258,3322
41581,38259,3322
41582,38260,3322
41583,38261,3322
41585,38262,3323
41586,38263,3323
41587,38264,3323
41588,38264,3324
41589,38265,3324
41590,38266,3324
41592,38268,3324
41593,38269,3324
41594,38270,3324
41596,38272,3324
41597,38273,3324
41598,38274,3324
41600,38276,3324
41602,38277,3325
41603,38278,3325
41604,38279,3325
41605,38280,3325
41606,38281,3325
41607,38282,3325
41608,38283,3325
41609,38284,3325
41610,38285,3325
41611,38286,3325
41612,38287,3325
41613,38288,3325
41614,38289,3325
41616,38291,3325
41617,38292,3325
41618,38293,3325
41620,38295,3325
41621,38295,3326
41622,38296,3326
41623,38297,3326
41624,38298,3326
41626,38299,3327
41627,38300,3327
41628,38301,3327
41629,38301,3328
41630,38302,3328
41631,38303,3328
41633,38305,3328
41634,38306,3328
41635,38307,3328
41637,38309,3328
41638,38310,3328
41639,38311,3328
41641,38313,3328
41643,38314,3329
41644,38315,3329
41645,38316,3329
41646,38317,3329
41647,38318,3329
41648,38319,3329
41649,38320,3329
41650,38321,3329
41651,38322,3329
41652,38323,3329
41653,38324,3329
41654,38325,3329
41655,38326,3329
41657,38328,3329
41658,38329,3329
41659,38330,3329
41661,38332,3329
41662,38332,3330
41663,38333,3330
41664,38334,3330
41665,38335,3330
41667,38336,3331
41668,38337,3331
41669,38338,3331
41670,38338,3332
41671,38339,3332
41672,38340,3332
41674,38342,3332
41675,38343,3332
41676,38344,3332
41678,38346,3332
41679,38347,3332
41680,38348,3332
41682,38350,3332
41684,38351,3333
41685,38352,3333
41686,38353,3333
41687,38354,3333
41688,38355,3333
41689,38356,3333
41690,38357,3333
41691,38358,3333
41692,38359,3333
41693,38360,3333
41694,38361,3333
41695,38362,3333
41696,38363,3333
41698,38365,3333
41699,38366,3333
41700,38367,3333
41702,38369,3333
41703,38369,3334
41704,38370,3334
41705,38371,3334
41706,38372,3334
41708,38373,3335
41709,38374,3335
41710,38375,3335
41711,38375,3336
41712,38376,3336
41713,38377,3336
41715,38379,3336
41716,38380,3336
41717,38381,3336
41719,38383,3336
41720,38384,3336
41721,38385,3336
41723,38387,3336
41725,38388,3337
41726,38389,3337
41727,38390,3337
41728,38391,3337
41729,38392,3337
41730,38393,3337
41731,38394,3337
41732,38395,3337
41733,38396,3337
41734,38397,3337
41735,38398,3337
41736,38399,3337
41737,38400,3337
41739,38402,3337
41740,38403,3337
41741,38404,3337
41743,38406,3337
41744,38406,3338
41745,38407,3338
41746,38408,3338
41747,38409,3338
41749,38410,3339
41750,38411,3339
41751,38412,3339
41752,38412,3340
41753,38413,3340
41754,38414,3340
41756,38416,3340
41757,38417,3340
41758,38418,3340
41760,38420,3340
41761,38421,3340
41762,38422,3340
41764,38424,3340
41766,38425,3341
41767,38426,3341
41768,38427,3341
41769,38428,3341
41770,38429,3341
41771,38430,3341
41772,38431,3341
41773,38432,3341
41774,38433,3341
41775,38434,3341
41776,38435,3341
41777,38436,3341
41778,38437,3341
41780,38439,3341
41781,38440,3341
41782,38441,3341
41784,38443,3341
41785,38443,3342
41786,38444,3342
41787,38445,3342
41788,38446,3342
41790,38447,3343
41791,38448,3343
41792,38449,3343
41793,38449,3344
41794,38450,3344
41795,38451,3344
41797,38453,3344
41798,38454,3344
41799,38455,3344
41801,38457,3344
41802,38458,3344
41803,38459,3344
41805,38461,3344
41807,38462,3345
41808,38463,3345
41809,38464,3345
41810,38465,3345
41812,38466,3346
41813,38467,3346
41814,38468,3346
41815,38469,3346
41816,38470,3346
41817,38471,3346
41818,38472,3346
41819,38473,3346
41820,38474,3346
41822,38476,3346
41823,38477,3346
41824,38478,3346
41826,38480,3346
41827,38480,3347
41828,38481,3347
41829,38482,3347
41830,38483,3347
41831,38484,3347
41832,38485,3347
41833,38486,3347
41834,38486,3348
41835,38487,3348
41836,38488,3348
41838,38490,3348
41839,38491,3348
41840,38492,3348
41842,38494,3348
41843,38495,3348
41844,38496,3348
41846,38498,3348
41848,38499,3349
41849,38500,3349
41850,38501,3349
41851,38502,3349
41853,38503,3350
41854,38504,3350
41855,38505,3350
41856,38506,3350
41857,38507,3350
41858,38508,3350
41859,38509,3350
41860,38510,3350
41861,38511,3350
41863,38513,3350
41864,38514,3350
41865,38515,3350
41867,38517,3350
41868,38517,3351
41869,38518,3351
41870,38519,3351
41871,38520,3351
41872,38521,3351
41873,38522,3351
41874,38523,3351
41875,38523,3352
41876,38524,3352
41877,38525,3352
41879,38527,3352
41880,38528,3352
41881,38529,3352
41883,38531,3352
41884,38532,3352
41885,38533,3352
41887,38535,3352
41889,38536,3353
41890,38537,3353
41891,38538,3353
41892,38539,3353
41894,38540,3354
41895,38541,3354
41896,38542,3354
41897,38543,3354
41898,38544,3354
41899,38545,3354
41900,38546,3354
41901,38547,3354
41902,38548,3354
41904,38550,3354
41905,38551,3354
41906,38552,3354
41908,38554,3354
41909,38554,3355
41910,38555,3355
41911,38556,3355
41912,38557,3355
41913,38558,3355
41914,38559,3355
41915,38560,3355
41916,38560,3356
41917,38561,3356
41918,38562,3356
41920,38564,3356
41921,38565,3356
41922,38566,3356
41924,38568,3356
41925,38569,3356
41926,38570,3356
41928,38572,3356
41930,38573,3357
41931,38574,3357
41932,38575,3357
41933,38576,3357
41935,38577,3358
41936,38578,3358
41937,38579,3358
41938,38580,3358
41939,38581,3358
41940,38582,3358
41941,38583,3358
41942,38584,3358
41943,38585,3358
41945,38587,3358
41946,38588,3358
41947,38589,3358
41949,38591,3358
41950,38591,3359
41951,38592,3359
41952,38593,3359
41953,38594,3359
41954,38595,3359
41955,38596,3359
41956,38597,3359
41957,38597,3360
41958,38598,3360
41959,38599,3360
41961,38601,3360
41962,38602,3360
41963,38603,3360
41965,38605,3360
41966,38606,3360
41967,38607,3360
41969,38609,3360
41971,38610,3361
41972,38611,3361
41973,38612,3361
41974,38613,3361
41976,38614,3362
41977,38615,3362
41978,38616,3362
41979,38617,3362
41980,38618,3362
41981,38619,3362
41982,38620,3362
41983,38621,3362
41984,38622,3362
41986,38624,3362
41987,38625,3362
41988,38626,3362
41990,38628,3362
41991,38628,3363
41992,38629,3363
41993,38630,3363
41994,38631,3363
41995,38632,3363
41996,38633,3363
41997,38634,3363
41998,38634,3364
41999,38635,3364
42000,38636,3364
42002,38638,3364
42003,38639,3364
42004,38640,3364
42006,38642,3364
42007,38643,3364
42008,38644,3364
42010,38646,3364
42012,38647,3365
42013,38648,3365
42014,38649,3365
42015,38650,3365
42017,38651,3366
42018,38652,3366
42019,38653,3366
42020,38654,3366
42021,38655,3366
42022,38656,3366
42023,38657,3366
42024,38658,3366
42025,38659,3366
42027,38661,3366
42028,38662,3366
42029,38663,3366
42031,38665,3366
42032,38665,3367
42033,38666,3367
42034,38667,3367
42035,38668,3367
42036,38669,3367
42037,38670,3367
42038,38671,3367
42039,38671,3368
42040,38672,3368
42041,38673,3368
42043,38675,3368
42044,38676,3368
42045,38677,3368
42047,38679,3368
42048,38680,3368
42049,38681,3368
42051,38683,3368
42053,38684,3369
42054,38685,3369
42055,38686,3369
42056,38687,3369
42058,38688,3370
42059,38689,3370
42060,38690,3370
42061,38691,3370
42062,38692,3370
42063,38693,3370
42064,38694,3370
42065,38695,3370
42066,38696,3370
42068,38698,3370
42069,38699,3370
42070,38700,3370
42072,38702,3370
42073,38702,3371
42074,38703,3371
42075,38704,3371
42076,38705,3371
42077,38706,3371
42078,38707,3371
42079,38708,3371
42080,38708,3372
42081,38709,3372
42082,38710,3372
42084,38712,3372
42085,38713,3372
42086,38714,3372
42088,38716,3372
42089,38717,3372
42090,38718,3372
42092,38720,3372
42094,38721,3373
42095,38722,3373
42096,38723,3373
42097,38724,3373
42099,38725,3374
42100,38726,3374
42101,38727,3374
42102,38728,3374
42103,38729,3374
42104,38730,3374
42105,38731,3374
42106,38732,3374
42107,38733,3374
42109,38735,3374
42110,38736,3374
42111,38737,3374
42113,38739,3374
42114,38739,3375
42115,38740,3375
42116,38741,3375
42117,38742,3375
42118,38743,3375
42119,38744,3375
42120,38745,3375
42121,38745,3376
42122,38746,3376
42123,38747,3376
42125,38749,3376
42126,38750,3376
42127,38751,3376
42129,38753,3376
42130,38754,3376
42131,38755,3376
42133,38757,3376
42135,38758,3377
42136,38759,3377
42137,38760,3377
42138,38761,3377
42140,38762,3378
42141,38763,3378
42142,38764,3378
42143,38765,3378
42144,38766,3378
42145,38767,3378
42146,38768,3378
42147,38769,3378
42148,38770,3378
42150,38772,3378
42151,38773,3378
42152,38774,3378
42154,38776,3378
42155,38776,3379
42156,38777,3379
42157,38778,3379
42158,38779,3379
42159,38780,3379
42160,38781,3379
42161,38782,3379
42162,38782,3380
42163,38783,3380
42164,38784,3380
42166,38786,3380
42167,38787,3380
42168,38788,3380
42170,38790,3380
42171,38791,3380
42172,38792,3380
42174,38794,3380
42176,38795,3381
42177,38796,3381
42178,38797,3381
42179,38798,3381
42181,38799,3382
42182,38800,3382
42183,38801,3382
42184,38802,3382
42185,38803,3382
42186,38804,3382
42187,38805,3382
42188,38806,3382
42189,38807,3382
42191,38809,3382
42192,38810,3382
42193,38811,3382
42195,38813,3382
42196,38813,3383
42197,38814,3383
42198,38815,3383
42199,38816,3383
42200,38817,3383
42201,38818,3383
42202,38819,3383
42203,38819,3384
42204,38820,3384
42205,38821,3384
42207,38823,3384
42208,38824,3384
42209,38825,3384
42211,38827,3384
42212,38828,3384
42213,38829,3384
42215,38831,3384
42217,38832,3385
42218,38833,3385
42219,38834,3385
42220,38835,3385
42222,38836,3386
42223,38837,3386
42224,38838,3386
42225,38839,3386
42226,38840,3386
42227,38841,3386
42228,38842,3386
42229,38843,3386
42230,38844,3386
42232,38846,3386
42233,38847,3386
42234,38848,3386
42236,38850,3386
42237,38850,3387
42238,38851,3387
42239,38852,3387
42240,38853,3387
42241,38854,3387
42242,38855,3387
42243,38856,3387
42244,38856,3388
42245,38857,3388
42246,38858,3388
42248,38860,3388
42249,38861,3388
42250,38862,3388
42252,38864,3388
42253,38865,3388
42254,38866,3388
42256,38868,3388
42258,38869,3389
42259,38870,3389
42260,38871,3389
42261,38872,3389
42263,38873,3390
42264,38874,3390
42265,38875,3390
42266,38876,3390
42267,38877,3390
42268,38878,3390
42269,38879,3390
42270,38880,3390
42271,38881,3390
42273,38883,3390
42274,38884,3390
42275,38885,3390
42277,38887,3390
42278,38887,3391
42279,38888,3391
42280,38889,3391
42281,38890,3391
42282,38891,3391
42283,38892,3391
42284,38893,3391
42285,38893,3392
42286,38894,3392
42287,38895,3392
42289,38897,3392
42290,38898,3392
42291,38899,3392
42293,38901,3392
42294,38902,3392
42295,38903,3392
42297,38905,3392
42299,38906,3393
42300,38907,3393
42301,38908,3393
42302,38909,3393
42304,38910,3394
42305,38911,3394
42306,38912,3394
42307,38913,3394
42308,38914,3394
42309,38915,3394
42310,38916,3394
42311,38917,3394
42312,38918,3394
42314,38920,3394
42315,38921,3394
42316,38922,3394
42318,38924,3394
42319,38924,3395
42320,38925,3395
42321,38926,3395
42322,38927,3395
42323,38928,3395
42324,38929,3395
42325,38930,3395
42326,38930,3396
42327,38931,3396
42328,38932,3396
42330,38934,3396
42331,38935,3396
42332,38936,3396
42334,38938,3396
42335,38939,3396
42336,38940,3396
42338,38942,3396
42340,38943,3397
42341,38944,3397
42342,38945,3397
42343,38946,3397
42345,38947,3398
42346,38948,3398
42347,38949,3398
42348,38950,3398
42349,38951,3398
42350,38952,3398
42351,38953,3398
42352,38954,3398
42353,38955,3398
42355,38957,3398
42356,38958,3398
42357,38959,3398
42359,38961,3398
42360,38961,3399
42361,38962,3399
42362,38963,3399
42363,38964,3399
42364,38965,3399
42365,38966,3399
42366,38967,3399
42367,38967,3400
42368,38968,3400
42369,38969,3400
42371,38971,3400
42372,38972,3400
42373,38973,3400
42375,38975,3400
42376,38976,3400
42377,38977,3400
42379,38979,3400
42381,38980,3401
42382,38981,3401
42383,38982,3401
42384,38983,3401
42386,38984,3402
42387,38985,3402
42388,38986,3402
42389,38987,3402
42390,38988,3402
42391,38989,3402
42392,38990,3402
42393,38991,3402
42394,38992,3402
42396,38994,3402
42397,38995,3402
42398,38996,3402
42400,38998,3402
42401,38998,3403
42402,38999,3403
42403,39000,3403
42404,39001,3403
42405,39002,3403
42406,39003,3403
42407,39004,3403
42408,39004,3404
42409,39005,3404
42410,39006,3404
42412,39008,3404
42413,39009,3404
42414,39010,3404
42416,39012,3404
42417,39013,3404
42418,39014,3404
42420,39016,3404
42422,39017,3405
42423,39018,3405
42424,39019,3405
42425,39020,3405
42427,39021,3406
42428,39022,3406
42429,39023,3406
42430,39024,3406
42431,39025,3406
42432,39026,3406
42433,39027,3406
42434,39028,3406
42435,39029,3406
42437,39031,3406
42438,39032,3406
42439,39033,3406
42441,39035,3406
42442,39035,3407
42443,39036,3407
42444,39037,3407
42445,39038,3407
42446,39039,3407
42447,39040,3407
42448,39041,3407
42449,39041,3408
42450,39042,3408
42451,39043,3408
42453,39045,3408
42454,39046,3408
42455,39047,3408
42457,39049,3408
42458,39050,3408
42459,39051,3408
42461,39053,3408
42463,39054,3409
42464,39055,3409
42465,39056,3409
42466,39057,3409
42468,39058,3410
42469,39059,3410
42470,39060,3410
42471,39061,3410
42472,39062,3410
42473,39063,3410
42474,39064,3410
42475,39065,3410
42476,39066,3410
42478,39068,3410
42479,39069,3410
42480,39070,3410
42482,39072,3410
42483,39072,3411
42484,39073,3411
42485,39074,3411
42486,39075,3411
42487,39076,3411
42488,39077,3411
42489,39078,3411
42490,39078,3412
42491,39079,3412
42492,39080,3412
42494,39082,3412
42495,39083,3412
42496,39084,3412
42498,39086,3412
42499,39087,3412
42500,39088,3412
42502,39090,3412
42504,39091,3413
42505,39092,3413
42506,39093,3413
42507,39094,3413
42509,39095,3414
42510,39096,3414
42511,39097,3414
42512,39098,3414
42513,39099,3414
42514,39100,3414
42515,39101,3414
42516,39102,3414
42517,39103,3414
42519,39105,3414
42520,39106,3414
42521,39107,3414
42523,39109,3414
42524,39109,3415
42525,39110,3415
42526,39111,3415
42527,39112,3415
42528,39113,3415
42529,39114,3415
42530,39115,3415
42531,39115,3416
42532,39116,3416
42533,39117,3416
42535,39119,3416
42536,39120,3416
42537,39121,3416
42539,39123,3416
42540,39124,3416
42541,39125,3416
42543,39127,3416
42545,39128,3417
42546,39129,3417
42547,39130,3417
42548,39131,3417
42550,39132,3418
42551,39133,3418
42552,39134,3418
42553,39135,3418
42554,39136,3418
42555,39137,3418
42556,39138,3418
42557,39139,3418
42558,39140,3418
42560,39142,3418
42561,39143,3418
42562,39144,3418
42564,39146,3418
42565,39146,3419
42566,39147,3419
42567,39148,3419
42568,39149,3419
42569,39150,3419
42570,39151,3419
42571,39152,3419
42572,39152,3420
42573,39153,3420
42574,39154,3420
42576,39156,3420
42577,39157,3420
42578,39158,3420
42580,39160,3420
42581,39161,3420
42582,39162,3420
42584,39164,3420
42586,39165,3421
42587,39166,3421
42588,39167,3421
42589,39168,3421
42591,39169,3422
42592,39170,3422
42593,39171,3422
42594,39172,3422
42595,39173,3422
42596,39174,3422
42597,39175,3422
42598,39176,3422
42599,39177,3422
42601,39179,3422
42602,39180,3422
42603,39181,3422
42605,39183,3422
42606,39183,3423
42607,39184,3423
42608,39185,3423
42609,39186,3423
42610,39187,3423
42611,39188,3423
42612,39189,3423
42613,39189,3424
42614,39190,3424
42615,39191,3424
42617,39193,3424
42618,39194,3424
42619,39195,3424
42621,39197,3424
42622,39198,3424
42623,39199,3424
42625,39201,3424
42627,39202,3425
42628,39203,3425
42629,39204,3425
42630,39205,3425
42632,39206,3426
42633,39207,3426
42634,39208,3426
42635,39209,3426
42636,39210,3426
42637,39211,3426
42638,39212,3426
42639,39213,3426
42640,39214,3426
42642,39216,3426
42643,39217,3426
42644,39218,3426
42646,39220,3426
42647,39220,3427
42648,39221,3427
42649,39222,3427
42650,39223,3427
42651,39224,3427
42652,39225,3427
42653,39226,3427
42654,39226,3428
42655,39227,3428
42656,39228,3428
42658,39230,3428
42659,39231,3428
42660,39232,3428
42662,39234,3428
42663,39235,3428
42664,39236,3428
42666,39238,3428
42668,39239,3429
42669,39240,3429
42670,39241,3429
42671,39242,3429
42673,39243,3430
42674,39244,3430
42675,39245,3430
42676,39246,3430
42677,39247,3430
42678,39248,3430
42679,39249,3430
42680,39250,3430
42681,39251,3430
42683,39253,3430
42684,39254,3430
42685,39255,3430
42687,39257,3430
42688,39257,3431
42689,39258,3431
42690,39259,3431
42691,39260,3431
42692,39261,3431
42693,39262,3431
42694,39263,3431
42695,39263,3432
42696,39264,3432
42697,39265,3432
42699,39267,3432
42700,39268,3432
42701,39269,3432
42703,39271,3432
42704,39272,3432
42705,39273,3432
42707,39275,3432
42709,39276,3433
42710,39277,3433
42711,39278,3433
42712,39279,3433
42714,39280,3434
42715,39281,3434
42716,39282,3434
42717,39283,3434
42718,39284,3434
42719,39285,3434
42720,39286,3434
42721,39287,3434
42722,39288,3434
42724,39290,3434
42725,39291,3434
42726,39292,3434
42728,39294,3434
42729,39294,3435
42730,39295,3435
42731,39296,3435
42732,39297,3435
42733,39298,3435
42734,39299,3435
42735,39300,3435
42736,39300,3436
42737,39301,3436
42738,39302,3436
42740,39304,3436
42741,39305,3436
42742,39306,3436
42744,39308,3436
42745,39309,3436
42746,39310,3436
42748,39312,3436
42750,39313,3437
42751,39314,3437
42752,39315,3437
42753,39316,3437
42755,39317,3438
42756,39318,3438
42757,39319,3438
42758,39320,3438
42759,39321,3438
42760,39322,3438
42761,39323,3438
42762,39324,3438
42763,39325,3438
42765,39327,3438
42766,39328,3438
42767,39329,3438
42769,39331,3438
42770,39331,3439
42771,39332,3439
42772,39333,3439
42773,39334,3439
42774,39335,3439
42775,39336,3439
42776,39337,3439
42777,39337,3440
42778,39338,3440
42779,39339,3440
42781,39341,3440
42782,39342,3440
42783,39343,3440
42785,39345,3440
42786,39346,3440
42787,39347,3440
42789,39349,3440
42791,39350,3441
42792,39351,3441
42793,39352,3441
42794,39353,3441
42796,39354,3442
42797,39355,3442
42798,39356,3442
42799,39357,3442
42800,39358,3442
42801,39359,3442
42802,39360,3442
42803,39361,3442
42804,39362,3442
42806,39364,3442
42807,39365,3442
42808,39366,3442
42810,39368,3442
42811,39368,3443
42812,39369,3443
42813,39370,3443
42814,39371,3443
42815,39372,3443
42816,39373,3443
42817,39374,3443
42818,39374,3444
42819,39375,3444
42820,39376,3444
42822,39378,3444
42823,39379,3444
42824,39380,3444
42826,39382,3444
42827,39383,3444
42828,39384,3444
42830,39386,3444
42832,39387,3445
42833,39388,3445
42834,39389,3445
42835,39390,3445
42837,39391,3446
42838,39392,3446
42839,39393,3446
42840,39394,3446
42841,39395,3446
42842,39396,3446
42843,39397,3446
42844,39398,3446
42845,39399,3446
42847,39401,3446
42848,39402,3446
42849,39403,3446
42851,39405,3446
42852,39405,3447
42853,39406,3447
42854,39407,3447
42855,39408,3447
42857,39409,3448
42858,39410,3448
42859,39411,3448
42860,39411,3449
42861,39412,3449
42862,39413,3449
42864,39415,3449
42865,39416,3449
42866,39417,3449
42868,39419,3449
42869,39420,3449
42870,39421,3449
42872,39423,3449
42874,39424,3450
42875,39425,3450
42876,39426,3450
42877,39427,3450
42878,39428,3450
42879,39429,3450
42880,39430,3450
42881,39431,3450
42882,39432,3450
42883,39433,3450
42884,39434,3450
42885,39435,3450
42886,39436,3450
42888,39438,3450
42889,39439,3450
42890,39440,3450
42892,39442,3450
42893,39442,3451
42894,39443,3451
42895,39444,3451
42896,39445,3451
42898,39446,3452
42899,39447,3452
42900,39448,3452
42901,39448,3453
42902,39449,3453
42903,39450,3453
42905,39452,3453
42906,39453,3453
42907,39454,3453
42909,39456,3453
42910,39457,3453
42911,39458,3453
42913,39460,3453
42915,39461,3454
42916,39462,3454
42917,39463,3454
42918,39464,3454
42919,39465,3454
42920,39466,3454
42921,39467,3454
42922,39468,3454
42923,39469,3454
42924,39470,3454
42925,39471,3454
42926,39472,3454
42927,39473,3454
42929,39475,3454
42930,39476,3454
42931,39477,3454
42933,39479,3454
42934,39479,3455
42935,39480,3455
42936,39481,3455
42937,39482,3455
42939,39483,3456
42940,39484,3456
42941,39485,3456
42942,39485,3457
42943,39486,3457
42944,39487,3457
42946,39489,3457
42947,39490,3457
42948,39491,3457
42950,39493,3457
42951,39494,3457
42952,39495,3457
42954,39497,3457
42956,39498,3458
42957,39499,3458
42958,39500,3458
42959,39501,3458
42960,39502,3458
42961,39503,3458
42962,39504,3458
42963,39505,3458
42964,39506,3458
42965,39507,3458
42966,39508,3458
42967,39509,3458
42968,39510,3458
42970,39512,3458
42971,39513,3458
42972,39514,3458
42974,39516,3458
42975,39516,3459
42976,39517,3459
42977,39518,3459
42978,39519,3459
42980,39520,3460
42981,39521,3460
42982,39522,3460
42983,39522,3461
42984,39523,3461
42985,39524,3461
42987,39526,3461
42988,39527,3461
42989,39528,3461
42991,39530,3461
42992,39531,3461
42993,39532,3461
42995,39534,3461
42997,39535,3462
42998,39536,3462
42999,39537,3462
43000,39538,3462
43001,39539,3462
43002,39540,3462
43003,39541,3462
43004,39542,3462
43005,39543,3462
43006,39544,3462
43007,39545,3462
43008,39546,3462
43009,39547,3462
43011,39549,3462
43012,39550,3462
43013,39551,3462
43015,39553,3462
43016,39553,3463
43017,39554,3463
43018,39555,3463
43019,39556,3463
43020,39556,3464
43021,39557,3464
43022,39558,3464
43023,39558,3465
43024,39559,3465
43025,39560,3465
43027,39562,3465
43028,39563,3465
43029,39564,3465
43031,39566,3465
43032,39567,3465
43033,39568,3465
43035,39570,3465
43037,39571,3466
43038,39572,3466
43039,39573,3466
43040,39574,3466
43041,39574,3467
43042,39575,3467
43043,39576,3467
43044,39577,3467
43045,39578,3467
43046,39579,3467
43047,39580,3467
43048,39581,3467
43049,39582,3467
43051,39584,3467
43052,39585,3467
43053,39586,3467
43055,39588,3467
43056,39588,3468
43057,39589,3468
43058,39590,3468
43059,39591,3468
43060,39591,3469
43061,39592,3469
43062,39593,3469
43063,39593,3470
43064,39594,3470
43065,39595,3470
43067,39597,3470
43068,39598,3470
43069,39599,3470
43071,39601,3470
43072,39602,3470
43073,39603,3470
43075,39605,3470
43077,39606,3471
43078,39607,3471
43079,39608,3471
43080,39609,3471
43081,39609,3472
43082,39610,3472
43083,39611,3472
43084,39612,3472
43085,39613,3472
43086,39614,3472
43087,39615,3472
43088,39616,3472
43089,39617,3472
43091,39619,3472
43092,39620,3472
43093,39621,3472
43095,39623,3472
43096,39623,3473
43097,39624,3473
43098,39625,3473
43099,39626,3473
43101,39627,3474
43102,39628,3474
43103,39629,3474
43104,39629,3475
43105,39630,3475
43106,39631,3475
43108,39633,3475
43109,39634,3475
43110,39635,3475
43112,39637,3475
43113,39638,3475
43114,39639,3475
43116,39641,3475
43118,39642,3476
43119,39643,3476
43120,39644,3476
43121,39645,3476
43122,39646,3476
43123,39647,3476
43124,39648,3476
43125,39649,3476
43126,39650,3476
43127,39651,3476
43128,39652,3476
43129,39653,3476
43130,39654,3476
43132,39656,3476
43133,39657,3476
43134,39658,3476
43136,39660,3476
43137,39660,3477
43138,39661,3477
43139,39662,3477
43140,39663,3477
43142,39664,3478
43143,39665,3478
43144,39666,3478
43145,39666,3479
43146,39667,3479
43147,39668,3479
43149,39670,3479
43150,39671,3479
43151,39672,3479
43153,39674,3479
43154,39675,3479
43155,39676,3479
43157,39678,3479
43159,39679,3480
43160,39680,3480
43161,39681,3480
43162,39682,3480
43163,39683,3480
43164,39684,3480
43165,39685,3480
43166,39686,3480
43167,39687,3480
43168,39688,3480
43169,39689,3480
43170,39690,3480
43171,39691,3480
43173,39693,3480
43174,39694,3480
43175,39695,3480
43177,39697,3480
43178,39697,3481
43179,39698,3481
43180,39699,3481
43181,39700,3481
43183,39701,3482
43184,39702,3482
43185,39703,3482
43186,39703,3483
43187,39704,3483
43188,39705,3483
43190,39707,3483
43191,39708,3483
43192,39709,3483
43194,39711,3483
43195,39712,3483
43196,39713,3483
43198,39715,3483
43200,39716,3484
43201,39717,3484
43202,39718,3484
43203,39719,3484
43204,39720,3484
43205,39721,3484
43206,39722,3484
43207,39723,3484
43208,39724,3484
43209,39725,3484
43210,39726,3484
43211,39727,3484
43212,39728,3484
43214,39730,3484
43215,39731,3484
43216,39732,3484
43218,39734,3484
43219,39734,3485
43220,39735,3485
43221,39736,3485
43222,39737,3485
43223,39737,3486
43224,39738,3486
43225,39739,3486
43226,39739,3487
43227,39740,3487
43228,39741,3487
43230,39743,3487
43231,39744,3487
43232,39745,3487
43234,39747,3487
43235,39748,3487
43236,39749,3487
43238,39751,3487
43240,39752,3488
43241,39753,3488
43242,39754,3488
43243,39755,3488
43244,39755,3489
43245,39756,3489
43246,39757,3489
43247,39758,3489
43248,39759,3489
43249,39760,3489
43250,39761,3489
43251,39762,3489
43252,39763,3489
43254,39765,3489
43255,39766,3489
43256,39767,3489
43258,39769,3489
43259,39769,3490
43260,39770,3490
43261,39771,3490
43262,39772,3490
43264,39773,3491
43265,39774,3491
43266,39775,3491
43267,39775,3492
43268,39776,3492
43269,39777,3492
43271,39779,3492
43272,39780,3492
43273,39781,3492
43275,39783,3492
43276,39784,3492
43277,39785,3492
43279,39787,3492
43281,39788,3493
43282,39789,3493
43283,39790,3493
43284,39791,3493
43285,39792,3493
43286,39793,3493
43287,39794,3493
43288,39795,3493
43289,39796,3493
43290,39797,3493
43291,39798,3493
43292,39799,3493
43293,39800,3493
43295,39802,3493
43296,39803,3493
43297,39804,3493
43299,39806,3493
43300,39806,3494
43301,39807,3494
43302,39808,3494
43303,39809,3494
43305,39810,3495
43306,39811,3495
43307,39812,3495
43308,39812,3496
43309,39813,3496
43310,39814,3496
43312,39816,3496
43313,39817,3496
43314,39818,3496
43316,39820,3496
43317,39821,3496
43318,39822,3496
43320,39824,3496
43322,39825,3497
43323,39826,3497
43324,39827,3497
43325,39828,3497
43326,39829,3497
43327,39830,3497
43328,39831,3497
43329,39832,3497
43330,39833,3497
43331,39834,3497
43332,39835,3497
43333,39836,3497
43334,39837,3497
43336,39839,3497
43337,39840,3497
43338,39841,3497
43340,39843,3497
43341,39843,3498
43342,39844,3498
43343,39845,3498
43344,39846,3498
43346,39847,3499
43347,39848,3499
43348,39849,3499
43349,39849,3500
43350,39850,3500
43351,39851,3500
43353,39853,3500
43354,39854,3500
43355,39855,3500
43357,39857,3500
43358,39858,3500
43359,39859,3500
43361,39861,3500
43363,39862,3501
43364,39863,3501
43365,39864,3501
43366,39865,3501
43368,39866,3502
43369,39867,3502
43370,39868,3502
43371,39869,3502
43372,39870,3502
43373,39871,3502
43374,39872,3502
43375,39873,3502
43376,39874,3502
43378,39876,3502
43379,39877,3502
43380,39878,3502
43382,39880,3502
43383,39880,3503
43384,39881,3503
43385,39882,3503
43386,39883,3503
43387,39884,3503
43388,39885,3503
43389,39886,3503
43390,39886,3504
43391,39887,3504
43392,39888,3504
43394,39890,3504
43395,39891,3504
43396,39892,3504
43398,39894,3504
43399,39895,3504
43400,39896,3504
43402,39898,3504
43404,39899,3505
43405,39900,3505
43406,39901,3505
43407,39902,3505
43409,39903,3506
43410,39904,3506
43411,39905,3506
43412,39906,3506
43413,39907,3506
43414,39908,3506
43415,39909,3506
43416,39910,3506
43417,39911,3506
43419,39913,3506
43420,39914,3506
43421,39915,3506
43423,39917,3506
43424,39917,3507
43425,39918,3507
43426,39919,3507
43427,39920,3507
43428,39921,3507
43429,39922,3507
43430,39923,3507
43431,39923,3508
43432,39924,3508
43433,39925,3508
43435,39927,3508
43436,39928,3508
43437,39929,3508
43439,39931,3508
43440,39932,3508
43441,39933,3508
43443,39935,3508
43445,39936,3509
43446,39937,3509
43447,39938,3509
43448,39939,3509
43450,39940,3510
43451,39941,3510
43452,39942,3510
43453,39943,3510
43454,39944,3510
43455,39945,3510
43456,39946,3510
43457,39947,3510
43458,39948,3510
43460,39950,3510
43461,39951,3510
43462,39952,3510
43464,39954,3510
43465,39954,3511
43466,39955,3511
43467,39956,3511
43468,39957,3511
43469,39958,3511
43470,39959,3511
43471,39960,3511
43472,39960,3512
43473,39961,3512
43474,39962,3512
43476,39964,3512
43477,39965,3512
43478,39966,3512
43480,39968,3512
43481,39969,3512
43482,39970,3512
43484,39972,3512
43486,39973,3513
43487,39974,3513
43488,39975,3513
43489,39976,3513
43490,39976,3514
43491,39977,3514
43492,39978,3514
43493,39979,3514
43494,39980,3514
43495,39981,3514
43496,39982,3514
43497,39983,3514
43498,39984,3514
43500,39986,3514
43501,39987,3514
43502,39988,3514
43504,39990,3514
43505,39990,3515
43506,39991,3515
43507,39992,3515
43508,39993,3515
43509,39993,3516
43510,39994,3516
43511,39995,3516
43512,39995,3517
43513,39996,3517
43514,39997,3517
43516,39999,3517
43517,40000,3517
43518,40001,3517
43520,40003,3517
43521,40004,3517
43522,40005,3517
43524,40007,3517
43526,40008,3518
43527,40009,3518
43528,40010,3518
43529,40011,3518
43531,40012,3519
43532,40013,3519
43533,40014,3519
43534,40015,3519
43535,40016,3519
43536,40017,3519
43537,40018,3519
43538,40019,3519
43539,40020,3519
43541,40022,3519
43542,40023,3519
43543,40024,3519
43545,40026,3519
43546,40026,3520
43547,40027,3520
43548,40028,3520
43549,40029,3520
43550,40030,3520
43551,40031,3520
43552,40032,3520
43553,40032,3521
43554,40033,3521
43555,40034,3521
43557,40036,3521
43558,40037,3521
43559,40038,3521
43561,40040,3521
43562,40041,3521
43563,40042,3521
43565,40044,3521
43567,40045,3522
43568,40046,3522
43569,40047,3522
43570,40048,3522
43572,40049,3523
43573,40050,3523
43574,40051,3523
43575,40052,3523
43576,40053,3523
43577,40054,3523
43578,40055,3523
43579,40056,3523
43580,40057,3523
43582,40059,3523
43583,40060,3523
43584,40061,3523
43586,40063,3523
43587,40063,3524
43588,40064,3524
43589,40065,3524
43590,40066,3524
43591,40067,3524
43592,40068,3524
43593,40069,3524
43594,40069,3525
43595,40070,3525
43596,40071,3525
43598,40073,3525
43599,40074,3525
43600,40075,3525
43602,40077,3525
43603,40078,3525
43604,40079,3525
43606,40081,3525
43608,40082,3526
43609,40083,3526
43610,40084,3526
43611,40085,3526
43612,40085,3527
43613,40086,3527
43614,40087,3527
43615,40088,3527
43616,40089,3527
43617,40090,3527
43618,40091,3527
43619,40092,3527
43620,40093,3527
43622,40095,3527
43623,40096,3527
43624,40097,3527
43626,40099,3527
43627,40099,3528
43628,40100,3528
43629,40101,3528
43630,40102,3528
43631,40102,3529
43632,40103,3529
43633,40104,3529
43634,40104,3530
43635,40105,3530
43636,40106,3530
43638,40108,3530
43639,40109,3530
43640,40110,3530
43642,40112,3530
43643,40113,3530
43644,40114,3530
43646,40116,3530
43648,40117,3531
43649,40118,3531
43650,40119,3531
43651,40120,3531
43653,40121,3532
43654,40122,3532
43655,40123,3532
43656,40124,3532
43657,40125,3532
43658,40126,3532
43659,40127,3532
43660,40128,3532
43661,40129,3532
43663,40131,3532
43664,40132,3532
43665,40133,3532
43667,40135,3532
43668,40135,3533
43669,40136,3533
43670,40137,3533
43671,40138,3533
43672,40138,3534
43673,40139,3534
43674,40140,3534
43675,40140,3535
43676,40141,3535
43677,40142,3535
43679,40144,3535
43680,40145,3535
43681,40146,3535
43683,40148,3535
43684,40149,3535
43685,40150,3535
43687,40152,3535
43689,40153,3536
43690,40154,3536
43691,40155,3536
43692,40156,3536
43693,40156,3537
43694,40157,3537
43695,40158,3537
43696,40159,3537
43697,40160,3537
43698,40161,3537
43699,40162,3537
43700,40163,3537
43701,40164,3537
43703,40166,3537
43704,40167,3537
43705,40168,3537
43707,40170,3537
43708,40170,3538
43709,40171,3538
43710,40172,3538
43711,40173,3538
43713,40174,3539
43714,40175,3539
43715,40176,3539
43716,40176,3540
43717,40177,3540
43718,40178,3540
43720,40180,3540
43721,40181,3540
43722,40182,3540
43724,40184,3540
43725,40185,3540
43726,40186,3540
43728,40188,3540
43730,40189,3541
43731,40190,3541
43732,40191,3541
43733,40192,3541
43734,40193,3541
43735,40194,3541
43736,40195,3541
43737,40196,3541
43738,40197,3541
43739,40198,3541
43740,40199,3541
43741,40200,3541
43742,40201,3541
43744,40203,3541
43745,40204,3541
43746,40205,3541
43748,40207,3541
43749,40207,3542
43750,40208,3542
43751,40209,3542
43752,40210,3542
43754,40211,3543
43755,40212,3543
43756,40213,3543
43757,40213,3544
43758,40214,3544
43759,40215,3544
43761,40217,3544
43762,40218,3544
43763,40219,3544
43765,40221,3544
43766,40222,3544
43767,40223,3544
43769,40225,3544
43771,40226,3545
43772,40227,3545
43773,40228,3545
43774,40229,3545
43775,40230,3545
43776,40231,3545
43777,40232,3545
43778,40233,3545
43779,40234,3545
43780,40235,3545
43781,40236,3545
43782,40237,3545
43783,40238,3545
43785,40240,3545
43786,40241,3545
43787,40242,3545
43789,40244,3545
43790,40244,3546
43791,40245,3546
43792,40246,3546
43793,40247,3546
43795,40248,3547
43796,40249,3547
43797,40250,3547
43798,40250,3548
43799,40251,3548
43800,40252,3548
43802,40254,3548
43803,40255,3548
43804,40256,3548
43806,40258,3548
43807,40259,3548
43808,40260,3548
43810,40262,3548
43812,40263,3549
43813,40264,3549
43814,40265,3549
43815,40266,3549
43816,40267,3549
43817,40268,3549
43818,40269,3549
43819,40270,3549
43820,40271,3549
43821,40272,3549
43822,40273,3549
43823,40274,3549
43824,40275,3549
43826,40277,3549
43827,40278,3549
43828,40279,3549
43830,40281,3549
43831,40281,3550
43832,40282,3550
43833,40283,3550
43834,40284,3550
43836,40285,3551
43837,40286,3551
43838,40287,3551
43839,40287,3552
43840,40288,3552
43841,40289,3552
43843,40291,3552
43844,40292,3552
43845,40293,3552
43847,40295,3552
43848,40296,3552
43849,40297,3552
43851,40299,3552
43853,40300,3553
43854,40301,3553
43855,40302,3553
43856,40303,3553
43857,40304,3553
43858,40305,3553
43859,40306,3553
43860,40307,3553
43861,40308,3553
43862,40309,3553
43863,40310,3553
43864,40311,3553
43865,40312,3553
43867,40314,3553
43868,40315,3553
43869,40316,3553
43871,40318,3553
43872,40318,3554
43873,40319,3554
43874,40320,3554
43875,40321,3554
43877,40322,3555
43878,40323,3555
43879,40324,3555
43880,40324,3556
43881,40325,3556
43882,40326,3556
43884,40328,3556
43885,40329,3556
43886,40330,3556
43888,40332,3556
43889,40333,3556
43890,40334,3556
43892,40336,3556
43894,40337,3557
43895,40338,3557
43896,40339,3557
43897,40340,3557
43898,40341,3557
43899,40342,3557
43900,40343,3557
43901,40344,3557
43902,40345,3557
43903,40346,3557
43904,40347,3557
43905,40348,3557
43906,40349,3557
43908,40351,3557
43909,40352,3557
43910,40353,3557
43912,40355,3557
43913,40355,3558
43914,40356,3558
43915,40357,3558
43916,40358,3558
43918,40359,3559
43919,40360,3559
43920,40361,3559
43921,40361,3560
43922,40362,3560
43923,40363,3560
43925,40365,3560
43926,40366,3560
43927,40367,3560
43929,40369,3560
43930,40370,3560
43931,40371,3560
43933,40373,3560
43935,40374,3561
43936,40375,3561
43937,40376,3561
43938,40377,3561
43939,40378,3561
43940,40379,3561
43941,40380,3561
43942,40381,3561
43943,40382,3561
43944,40383,3561
43945,40384,3561
43946,40385,3561
43947,40386,3561
43949,40388,3561
43950,40389,3561
43951,40390,3561
43953,40392,3561
43954,40392,3562
43955,40393,3562
43956,40394,3562
43957,40395,3562
43959,40396,3563
43960,40397,3563
43961,40398,3563
43962,40398,3564
43963,40399,3564
43964,40400,3564
43966,40402,3564
43967,40403,3564
43968,40404,3564
43970,40406,3564
43971,40407,3564
43972,40408,3564
43974,40410,3564
43976,40411,3565
43977,40412,3565
43978,40413,3565
43979,40414,3565
43980,40415,3565
43981,40416,3565
43982,40417,3565
43983,40418,3565
43984,40419,3565
43985,40420,3565
43986,40421,3565
43987,40422,3565
43988,40423,3565
43990,40425,3565
43991,40426,3565
43992,40427,3565
43994,40429,3565
43995,40429,3566
43996,40430,3566
43997,40431,3566
43998,40432,3566
44000,40433,3567
44001,40434,3567
44002,40435,3567
44003,40435,3568
44004,40436,3568
44005,40437,3568
44007,40439,3568
44008,40440,3568
44009,40441,3568
44011,40443,3568
44012,40444,3568
44013,40445,3568
44015,40447,3568
44017,40448,3569
44018,40449,3569
44019,40450,3569
44020,40451,3569
44021,40452,3569
44022,40453,3569
44023,40454,3569
44024,40455,3569
44025,40456,3569
44026,40457,3569
44027,40458,3569
44028,40459,3569
44029,40460,3569
44031,40462,3569
44032,40463,3569
44033,40464,3569
44035,40466,3569
44036,40466,3570
44037,40467,3570
44038,40468,3570
44039,40469,3570
44040,40469,3571
44041,40470,3571
44042,40471,3571
44043,40471,3572
44044,40472,3572
44045,40473,3572
44047,40475,3572
44048,40476,3572
44049,40477,3572
44051,40479,3572
44052,40480,3572
44053,40481,3572
44055,40483,3572
44057,40484,3573
44058,40485,3573
44059,40486,3573
44060,40487,3573
44062,40488,3574
44063,40489,3574
44064,40490,3574
44065,40491,3574
44066,40492,3574
44067,40493,3574
44068,40494,3574
44069,40495,3574
44070,40496,3574
44072,40498,3574
44073,40499,3574
44074,40500,3574
44076,40502,3574
44077,40502,3575
44078,40503,3575
44079,40504,3575
44080,40505,3575
44081,40506,3575
44082,40507,3575
44083,40508,3575
44084,40508,3576
44085,40509,3576
44086,40510,3576
44088,40512,3576
44089,40513,3576
44090,40514,3576
44092,40516,3576
44093,40517,3576
44094,40518,3576
44096,40520,3576
44098,40521,3577
44099,40522,3577
44100,40523,3577
44101,40524,3577
44103,40524,3579
44104,40525,3579
44105,40526,3579
44106,40527,3579
44107,40528,3579
44108,40529,3579
44109,40530,3579
44110,40531,3579
44111,40532,3579
44113,40534,3579
44114,40535,3579
44115,40536,3579
44117,40538,3579
44118,40538,3580
44119,40539,3580
44120,40540,3580
44121,40541,3580
44122,40542,3580
44123,40543,3580
44124,40544,3580
44125,40544,3581
44126,40545,3581
44127,40546,3581
44129,40548,3581
44130,40549,3581
44131,40550,3581
44133,40552,3581
44134,40553,3581
44135,40554,3581
44137,40556,3581
44139,40557,3582
44140,40558,3582
44141,40559,3582
44142,40560,3582
44144,40560,3584
44145,40561,3584
44146,40562,3584
44147,40563,3584
44148,40564,3584
44149,40565,3584
44150,40566,3584
44151,40567,3584
44152,40568,3584
44154,40570,3584
44155,40571,3584
44156,40572,3584
44158,40574,3584
44159,40574,3585
44160,40575,3585
44161,40576,3585
44162,40577,3585
44163,40578,3585
44164,40579,3585
44165,40580,3585
44166,40580,3586
44167,40581,3586
44168,40582,3586
44170,40584,3586
44171,40585,3586
44172,40586,3586
44174,40588,3586
44175,40589,3586
44176,40590,3586
44178,40592,3586
44180,40593,3587
44181,40594,3587
44182,40595,3587
44183,40596,3587
44185,40596,3589
44186,40597,3589
44187,40598,3589
44188,40599,3589
44189,40600,3589
44190,40601,3589
44191,40602,3589
44192,40603,3589
44193,40604,3589
44195,40606,3589
44196,40607,3589
44197,40608,3589
44199,40610,3589
44200,40610,3590
44201,40611,3590
44202,40612,3590
44203,40613,3590
44204,40614,3590
44205,40615,3590
44206,40616,3590
44207,40616,3591
44208,40617,3591
44209,40618,3591
44211,40620,3591
44212,40621,3591
44213,40622,3591
44215,40624,3591
44216,40625,3591
44217,40626,3591
44219,40628,3591
44221,40629,3592
44222,40630,3592
44223,40631,3592
44224,40632,3592
44226,40632,3594
44227,40633,3594
44228,40634,3594
44229,40635,3594
44230,40636,3594
44231,40637,3594
44232,40638,3594
44233,40639,3594
44234,40640,3594
44236,40642,3594
44237,40643,3594
44238,40644,3594
44240,40646,3594
44241,40646,3595
44242,40647,3595
44243,40648,3595
44244,40649,3595
44245,40650,3595
44246,40651,3595
44247,40652,3595
44248,40652,3596
44249,40653,3596
44250,40654,3596
44252,40656,3596
44253,40657,3596
44254,40658,3596
44256,40660,3596
44257,40661,3596
44258,40662,3596
44260,40664,3596
44262,40665,3597
44263,40666,3597
44264,40667,3597
44265,40668,3597
44267,40668,3599
44268,40669,3599
44269,40670,3599
44270,40671,3599
44271,40672,3599
44272,40673,3599
44273,40674,3599
44274,40675,3599
44275,40676,3599
44277,40678,3599
44278,40679,3599
44279,40680,3599
44281,40682,3599
44282,40682,3600
44283,40683,3600
44284,40684,3600
44285,40685,3600
44286,40686,3600
44287,40687,3600
44288,40688,3600
44289,40688,3601
44290,40689,3601
44291,40690,3601
44293,40692,3601
44294,40693,3601
44295,40694,3601
44297,40696,3601
44298,40697,3601
44299,40698,3601
44301,40700,3601
44303,40701,3602
44304,40702,3602
44305,40703,3602
44306,40704,3602
44308,40704,3604
44309,40705,3604
44310,40706,3604
44311,40707,3604
44312,40708,3604
44313,40709,3604
44314,40710,3604
44315,40711,3604
44316,40712,3604
44318,40714,3604
44319,40715,3604
44320,40716,3604
44322,40718,3604
44323,40718,3605
44324,40719,3605
44325,40720,3605
44326,40721,3605
44327,40721,3606
44328,40722,3606
44329,40723,3606
44330,40723,3607
44331,40724,3607
44332,40725,3607
44334,40727,3607
44335,40728,3607
44336,40729,3607
44338,40731,3607
44339,40732,3607
44340,40733,3607
44342,40735,3607
44344,40736,3608
44345,40737,3608
44346,40738,3608
44347,40739,3608
44349,40740,3609
44350,40741,3609
44351,40742,3609
44352,40743,3609
44353,40744,3609
44354,40745,3609
44355,40746,3609
44356,40747,3609
44357,40748,3609
44359,40750,3609
44360,40751,3609
44361,40752,3609
44363,40754,3609
44364,40754,3610
44365,40755,3610
44366,40756,3610
44367,40757,3610
44368,40758,3610
44369,40759,3610
44370,40760,3610
44371,40760,3611
44372,40761,3611
44373,40762,3611
44375,40764,3611
44376,40765,3611
44377,40766,3611
44379,40768,3611
44380,40769,3611
44381,40770,3611
44383,40772,3611
44385,40773,3612
44386,40774,3612
44387,40775,3612
44388,40776,3612
44390,40777,3613
44391,40778,3613
44392,40779,3613
44393,40780,3613
44394,40781,3613
44395,40782,3613
44396,40783,3613
44397,40784,3613
44398,40785,3613
44400,40787,3613
44401,40788,3613
44402,40789,3613
44404,40791,3613
44405,40791,3614
44406,40792,3614
44407,40793,3614
44408,40794,3614
44409,40795,3614
44410,40796,3614
44411,40797,3614
44412,40797,3615
44413,40798,3615
44414,40799,3615
44416,40801,3615
44417,40802,3615
44418,40803,3615
44420,40805,3615
44421,40806,3615
44422,40807,3615
44424,40809,3615
44426,40810,3616
44427,40811,3616
44428,40812,3616
44429,40813,3616
44431,40814,3617
44432,40815,3617
44433,40816,3617
44434,40817,3617
44435,40818,3617
44436,40819,3617
44437,40820,3617
44438,40821,3617
44439,40822,3617
44441,40824,3617
44442,40825,3617
44443,40826,3617
44445,40828,3617
44446,40828,3618
44447,40829,3618
44448,40830,3618
44449,40831,3618
44450,40832,3618
44451,40833,3618
44452,40834,3618
44453,40834,3619
44454,40835,3619
44455,40836,3619
44457,40838,3619
44458,40839,3619
44459,40840,3619
44461,40842,3619
44462,40843,3619
44463,40844,3619
44465,40846,3619
44467,40847,3620
44468,40848,3620
44469,40849,3620
44470,40850,3620
44472,40851,3621
44473,40852,3621
44474,40853,3621
44475,40854,3621
44476,40855,3621
44477,40856,3621
44478,40857,3621
44479,40858,3621
44480,40859,3621
44482,40861,3621
44483,40862,3621
44484,40863,3621
44486,40865,3621
44487,40865,3622
44488,40866,3622
44489,40867,3622
44490,40868,3622
44491,40869,3622
44492,40870,3622
44493,40871,3622
44494,40871,3623
44495,40872,3623
44496,40873,3623
44498,40875,3623
44499,40876,3623
44500,40877,3623
44502,40879,3623
44503,40880,3623
44504,40881,3623
44506,40883,3623
44508,40884,3624
44509,40885,3624
44510,40886,3624
44511,40887,3624
44513,40888,3625
44514,40889,3625
44515,40890,3625
44516,40891,3625
44517,40892,3625
44518,40893,3625
44519,40894,3625
44520,40895,3625
44521,40896,3625
44523,40898,3625
44524,40899,3625
44525,40900,3625
44527,40902,3625
44528,40902,3626
44529,40903,3626
44530,40904,3626
44531,40905,3626
44532,40906,3626
44533,40907,3626
44534,40908,3626
44535,40908,3627
44536,40909,3627
44537,40910,3627
44539,40912,3627
44540,40913,3627
44541,40914,3627
44543,40916,3627
44544,40917,3627
44545,40918,3627
44547,40920,3627
44549,40921,3628
44550,40922,3628
44551,40923,3628
44552,40924,3628
44554,40925,3629
44555,40926,3629
44556,40927,3629
44557,40928,3629
44558,40929,3629
44559,40930,3629
44560,40931,3629
44561,40932,3629
44562,40933,3629
44564,40935,3629
44565,40936,3629
44566,40937,3629
44568,40939,3629
44569,40939,3630
44570,40940,3630
44571,40941,3630
44572,40942,3630
44573,40943,3630
44574,40944,3630
44575,40945,3630
44576,40945,3631
44577,40946,3631
44578,40947,3631
44580,40949,3631
44581,40950,3631
44582,40951,3631
44584,40953,3631
44585,40954,3631
44586,40955,3631
44588,40957,3631
44590,40958,3632
44591,40959,3632
44592,40960,3632
44593,40961,3632
44595,40962,3633
44596,40963,3633
44597,40964,3633
44598,40965,3633
44599,40966,3633
44600,40967,3633
44601,40968,3633
44602,40969,3633
44603,40970,3633
44605,40972,3633
44606,40973,3633
44607,40974,3633
44609,40976,3633
44610,40976,3634
44611,40977,3634
44612,40978,3634
44613,40979,3634
44614,40980,3634
44615,40981,3634
44616,40982,3634
44617,40982,3635
44618,40983,3635
44619,40984,3635
44621,40986,3635
44622,40987,3635
44623,40988,3635
44625,40990,3635
44626,40991,3635
44627,40992,3635
44629,40994,3635
44631,40995,3636
44632,40996,3636
44633,40997,3636
44634,40998,3636
44636,40999,3637
44637,41000,3637
44638,41001,3637
44639,41002,3637
44640,41003,3637
44641,41004,3637
44642,41005,3637
44643,41006,3637
44644,41007,3637
44646,41009,3637
44647,41010,3637
44648,41011,3637
44650,41013,3637
44651,41013,3638
44652,41014,3638
44653,41015,3638
44654,41016,3638
44655,41017,3638
44656,41018,3638
44657,41019,3638
44658,41019,3639
44659,41020,3639
44660,41021,3639
44662,41023,3639
44663,41024,3639
44664,41025,3639
44666,41027,3639
44667,41028,3639
44668,41029,3639
44670,41031,3639
44672,41032,3640
44673,41033,3640
44674,41034,3640
44675,41035,3640
44677,41036,3641
44678,41037,3641
44679,41038,3641
44680,41039,3641
44681,41040,3641
44682,41041,3641
44683,41042,3641
44684,41043,3641
44685,41044,3641
44687,41046,3641
44688,41047,3641
44689,41048,3641
44691,41050,3641
44692,41050,3642
44693,41051,3642
44694,41052,3642
44695,41053,3642
44696,41054,3642
44697,41055,3642
44698,41056,3642
44699,41056,3643
44700,41057,3643
44701,41058,3643
44703,41060,3643
44704,41061,3643
44705,41062,3643
44707,41064,3643
44708,41065,3643
44709,41066,3643
44711,41068,3643
44713,41069,3644
44714,41070,3644
44715,41071,3644
44716,41072,3644
44718,41073,3645
44719,41074,3645
44720,41075,3645
44721,41076,3645
44722,41077,3645
44723,41078,3645
44724,41079,3645
44725,41080,3645
44726,41081,3645
44728,41083,3645
44729,41084,3645
44730,41085,3645
44732,41087,3645
44733,41087,3646
44734,41088,3646
44735,41089,3646
44736,41090,3646
44737,41091,3646
44738,41092,3646
44739,41093,3646
44740,41093,3647
44741,41094,3647
44742,41095,3647
44744,41097,3647
44745,41098,3647
44746,41099,3647
44748,41101,3647
44749,41102,3647
44750,41103,3647
44752,41105,3647
44754,41106,3648
44755,41107,3648
44756,41108,3648
44757,41109,3648
44759,41110,3649
44760,41111,3649
44761,41112,3649
44762,41113,3649
44763,41114,3649
44764,41115,3649
44765,41116,3649
44766,41117,3649
44767,41118,3649
44769,41120,3649
44770,41121,3649
44771,41122,3649
44773,41124,3649
44774,41124,3650
44775,41125,3650
44776,41126,3650
44777,41127,3650
44778,41128,3650
44779,41129,3650
44780,41130,3650
44781,41130,3651
44782,41131,3651
44783,41132,3651
44785,41134,3651
44786,41135,3651
44787,41136,3651
44789,41138,3651
44790,41139,3651
44791,41140,3651
44793,41142,3651
44795,41143,3652
44796,41144,3652
44797,41145,3652
44798,41146,3652
44800,41147,3653
44801,41148,3653
44802,41149,3653
44803,41150,3653
44804,41151,3653
44805,41152,3653
44806,41153,3653
44807,41154,3653
44808,41155,3653
44810,41157,3653
44811,41158,3653
44812,41159,3653
44814,41161,3653
44815,41161,3654
44816,41162,3654
44817,41163,3654
44818,41164,3654
44819,41165,3654
44820,41166,3654
44821,41167,3654
44822,41167,3655
44823,41168,3655
44824,41169,3655
44826,41171,3655
44827,41172,3655
44828,41173,3655
44830,41175,3655
44831,41176,3655
44832,41177,3655
44834,41179,3655
44836,41180,3656
44837,41181,3656
44838,41182,3656
44839,41183,3656
44841,41184,3657
44842,41185,3657
44843,41186,3657
44844,41187,3657
44845,41188,3657
44846,41189,3657
44847,41190,3657
44848,41191,3657
44849,41192,3657
44851,41194,3657
44852,41195,3657
44853,41196,3657
44855,41198,3657
44856,41198,3658
44857,41199,3658
44858,41200,3658
44859,41201,3658
44860,41202,3658
44861,41203,3658
44862,41204,3658
44863,41204,3659
44864,41205,3659
44865,41206,3659
44867,41208,3659
44868,41209,3659
44869,41210,3659
44871,41212,3659
44872,41213,3659
44873,41214,3659
44875,41216,3659
44877,41217,3660
44878,41218,3660
44879,41219,3660
44880,41220,3660
44882,41221,3661
44883,41222,3661
44884,41223,3661
44885,41224,3661
44886,41225,3661
44887,41226,3661
44888,41227,3661
44889,41228,3661
44890,41229,3661
44892,41231,3661
44893,41232,3661
44894,41233,3661
44896,41235,3661
44897,41235,3662
44898,41236,3662
44899,41237,3662
44900,41238,3662
44901,41239,3662
44902,41240,3662
44903,41241,3662
44904,41241,3663
44905,41242,3663
44906,41243,3663
44908,41245,3663
44909,41246,3663
44910,41247,3663
44912,41249,3663
44913,41250,3663
44914,41251,3663
44916,41253,3663
44918,41254,3664
44919,41255,3664
44920,41256,3664
44921,41257,3664
44923,41258,3665
44924,41259,3665
44925,41260,3665
44926,41261,3665
44927,41262,3665
44928,41263,3665
44929,41264,3665
44930,41265,3665
44931,41266,3665
44933,41268,3665
44934,41269,3665
44935,41270,3665
44937,41272,3665
44938,41272,3666
44939,41273,3666
44940,41274,3666
44941,41275,3666
44942,41276,3666
44943,41277,3666
44944,41278,3666
44945,41278,3667
44946,41279,3667
44947,41280,3667
44949,41282,3667
44950,41283,3667
44951,41284,3667
44953,41286,3667
44954,41287,3667
44955,41288,3667
44957,41290,3667
44959,41291,3668
44960,41292,3668
44961,41293,3668
44962,41294,3668
44964,41295,3669
44965,41296,3669
44966,41297,3669
44967,41298,3669
44968,41299,3669
44969,41300,3669
44970,41301,3669
44971,41302,3669
44972,41303,3669
44974,41305,3669
44975,41306,3669
44976,41307,3669
44978,41309,3669
44979,41309,3670
44980,41310,3670
44981,41311,3670
44982,41312,3670
44983,41313,3670
44984,41314,3670
44985,41315,3670
44986,41315,3671
44987,41316,3671
44988,41317,3671
44990,41319,3671
44991,41320,3671
44992,41321,3671
44994,41323,3671
44995,41324,3671
44996,41325,3671
44998,41327,3671
45000,41328,3672
45001,41329,3672
45002,41330,3672
45003,41331,3672
45005,41332,3673
45006,41333,3673
45007,41334,3673
45008,41335,3673
45009,41336,3673
45010,41337,3673
45011,41338,3673
45012,41339,3673
45013,41340,3673
45015,41342,3673
45016,41343,3673
45017,41344,3673
45019,41346,3673
45020,41346,3674
45021,41347,3674
45022,41348,3674
45023,41349,3674
45024,41350,3674
45025,41351,3674
45026,41352,3674
45027,41352,3675
45028,41353,3675
45029,41354,3675
45031,41356,3675
45032,41357,3675
45033,41358,3675
45035,41360,3675
45036,41361,3675
45037,41362,3675
45039,41364,3675
45041,41365,3676
45042,41366,3676
45043,41367,3676
45044,41368,3676
45046,41369,3677
45047,41370,3677
45048,41371,3677
45049,41372,3677
45050,41373,3677
45051,41374,3677
45052,41375,3677
45053,41376,3677
45054,41377,3677
45056,41379,3677
45057,41380,3677
45058,41381,3677
45060,41383,3677
45061,41383,3678
45062,41384,3678
45063,41385,3678
45064,41386,3678
45065,41387,3678
45066,41388,3678
45067,41389,3678
45068,41389,3679
45069,41390,3679
45070,41391,3679
45072,41393,3679
45073,41394,3679
45074,41395,3679
45076,41397,3679
45077,41398,3679
45078,41399,3679
45080,41401,3679
45082,41402,3680
45083,41403,3680
45084,41404,3680
45085,41405,3680
45087,41406,3681
45088,41407,3681
45089,41408,3681
45090,41409,3681
45091,41410,3681
45092,41411,3681
45093,41412,3681
45094,41413,3681
45095,41414,3681
45097,41416,3681
45098,41417,3681
45099,41418,3681
45101,41420,3681
45102,41420,3682
45103,41421,3682
45104,41422,3682
45105,41423,3682
45106,41424,3682
45107,41425,3682
45108,41426,3682
45109,41426,3683
45110,41427,3683
45111,41428,3683
45113,41430,3683
45114,41431,3683
45115,41432,3683
45117,41434,3683
45118,41435,3683
45119,41436,3683
45121,41438,3683
45123,41439,3684
45124,41440,3684
45125,41441,3684
45126,41442,3684
45128,41443,3685
45129,41444,3685
45130,41445,3685
45131,41446,3685
45132,41447,3685
45133,41448,3685
45134,41449,3685
45135,41450,3685
45136,41451,3685
45138,41453,3685
45139,41454,3685
45140,41455,3685
45142,41457,3685
45143,41457,3686
45144,41458,3686
45145,41459,3686
45146,41460,3686
45147,41461,3686
45148,41462,3686
45149,41463,3686
45150,41463,3687
45151,41464,3687
45152,41465,3687
45154,41467,3687
45155,41468,3687
45156,41469,3687
45158,41471,3687
45159,41472,3687
45160,41473,3687
45162,41475,3687
45164,41476,3688
45165,41477,3688
45166,41478,3688
45167,41479,3688
45168,41479,3689
45169,41480,3689
45170,41481,3689
45171,41482,3689
45172,41483,3689
45173,41484,3689
45174,41485,3689
45175,41486,3689
45176,41487,3689
45178,41489,3689
45179,41490,3689
45180,41491,3689
45182,41493,3689
45183,41493,3690
45184,41494,3690
45185,41495,3690
45186,41496,3690
45188,41497,3691
45189,41498,3691
45190,41499,3691
45191,41499,3692
45192,41500,3692
45193,41501,3692
45195,41503,3692
45196,41504,3692
45197,41505,3692
45199,41507,3692
45200,41508,3692
45201,41509,3692
45203,41511,3692
45205,41512,3693
45206,41513,3693
45207,41514,3693
45208,41515,3693
45209,41516,3693
45210,41517,3693
45211,41518,3693
45212,41519,3693
45213,41520,3693
45214,41521,3693
45215,41522,3693
45216,41523,3693
45217,41524,3693
45219,41526,3693
45220,41527,3693
45221,41528,3693
45223,41530,3693
45224,41530,3694
45225,41531,3694
45226,41532,3694
45227,41533,3694
45229,41534,3695
45230,41535,3695
45231,41536,3695
45232,41536,3696
45233,41537,3696
45234,41538,3696
45236,41540,3696
45237,41541,3696
45238,41542,3696
45240,41544,3696
45241,41545,3696
45242,41546,3696
45244,41548,3696
45246,41549,3697
45247,41550,3697
45248,41551,3697
45249,41552,3697
45250,41553,3697
45251,41554,3697
45252,41555,3697
45253,41556,3697
45254,41557,3697
45255,41558,3697
45256,41559,3697
45257,41560,3697
45258,41561,3697
45260,41563,3697
45261,41564,3697
45262,41565,3697
45264,41567,3697
45265,41567,3698
45266,41568,3698
45267,41569,3698
45268,41570,3698
45270,41571,3699
45271,41572,3699
45272,41573,3699
45273,41573,3700
45274,41574,3700
45275,41575,3700
45277,41577,3700
45278,41578,3700
45279,41579,3700
45281,41581,3700
45282,41582,3700
45283,41583,3700
45285,41585,3700
45287,41586,3701
45288,41587,3701
45289,41588,3701
45290,41589,3701
45291,41590,3701
45292,41591,3701
45293,41592,3701
45294,41593,3701
45295,41594,3701
45296,41595,3701
45297,41596,3701
45298,41597,3701
45299,41598,3701
45301,41600,3701
45302,41601,3701
45303,41602,3701
45305,41604,3701
45306,41604,3702
45307,41605,3702
45308,41606,3702
45309,41607,3702
45311,41608,3703
45312,41609,3703
45313,41610,3703
45314,41610,3704
45315,41611,3704
45316,41612,3704
45318,41614,3704
45319,41615,3704
45320,41616,3704
45322,41618,3704
45323,41619,3704
45324,41620,3704
45326,41622,3704
45328,41623,3705
45329,41624,3705
45330,41625,3705
45331,41626,3705
45332,41627,3705
45333,41628,3705
45334,41629,3705
45335,41630,3705
45336,41631,3705
45337,41632,3705
45338,41633,3705
45339,41634,3705
45340,41635,3705
45342,41637,3705
45343,41638,3705
45344,41639,3705
45346,41641,3705
45347,41641,3706
45348,41642,3706
45349,41643,3706
45350,41644,3706
45352,41645,3707
45353,41646,3707
45354,41647,3707
45355,41647,3708
45356,41648,3708
45357,41649,3708
45359,41651,3708
45360,41652,3708
45361,41653,3708
45363,41655,3708
45364,41656,3708
45365,41657,3708
45367,41659,3708
45369,41660,3709
45370,41661,3709
45371,41662,3709
45372,41663,3709
45373,41664,3709
45374,41665,3709
45375,41666,3709
45376,41667,3709
45377,41668,3709
45378,41669,3709
45379,41670,3709
45380,41671,3709
45381,41672,3709
45383,41674,3709
45384,41675,3709
45385,41676,3709
45387,41678,3709
45388,41678,3710
45389,41679,3710
45390,41680,3710
45391,41681,3710
45393,41682,3711
45394,41683,3711
45395,41684,3711
45396,41684,3712
45397,41685,3712
45398,41686,3712
45400,41688,3712
45401,41689,3712
45402,41690,3712
45404,41692,3712
45405,41693,3712
45406,41694,3712
45408,41696,3712
45410,41697,3713
45411,41698,3713
45412,41699,3713
45413,41700,3713
45414,41701,3713
45415,41702,3713
45416,41703,3713
45417,41704,3713
45418,41705,3713
45419,41706,3713
45420,41707,3713
45421,41708,3713
45422,41709,3713
45424,41711,3713
45425,41712,3713
45426,41713,3713
45428,41715,3713
45429,41715,3714
45430,41716,3714
45431,41717,3714
45432,41718,3714
45434,41719,3715
45435,41720,3715
45436,41721,3715
45437,41721,3716
45438,41722,3716
45439,41723,3716
45441,41725,3716
45442,41726,3716
45443,41727,3716
45445,41729,3716
45446,41730,3716
45447,41731,3716
45449,41733,3716
45451,41734,3717
45452,41735,3717
45453,41736,3717
45454,41737,3717
45455,41738,3717
45456,41739,3717
45457,41740,3717
45458,41741,3717
45459,41742,3717
45460,41743,3717
45461,41744,3717
45462,41745,3717
45463,41746,3717
45465,41748,3717
45466,41749,3717
45467,41750,3717
45469,41752,3717
45470,41752,3718
45471,41753,3718
45472,41754,3718
45473,41755,3718
45475,41756,3719
45476,41757,3719
45477,41758,3719
45478,41758,3720
45479,41759,3720
45480,41760,3720
45482,41762,3720
45483,41763,3720
45484,41764,3720
45486,41766,3720
45487,41767,3720
45488,41768,3720
45490,41770,3720
45492,41771,3721
45493,41772,3721
45494,41773,3721
45495,41774,3721
45497,41775,3722
45498,41776,3722
45499,41777,3722
45500,41778,3722
45501,41779,3722
45502,41780,3722
45503,41781,3722
45504,41782,3722
45505,41783,3722
45507,41785,3722
45508,41786,3722
45509,41787,3722
45511,41789,3722
45512,41789,3723
45513,41790,3723
45514,41791,3723
45515,41792,3723
45516,41793,3723
45517,41794,3723
45518,41795,3723
45519,41795,3724
45520,41796,3724
45521,41797,3724
45523,41799,3724
45524,41800,3724
45525,41801,3724
45527,41803,3724
45528,41804,3724
45529,41805,3724
45531,41807,3724
45533,41808,3725
45534,41809,3725
45535,41810,3725
45536,41811,3725
45538,41812,3726
45539,41813,3726
45540,41814,3726
45541,41815,3726
45542,41816,3726
45543,41817,3726
45544,41818,3726
45545,41819,3726
45546,41820,3726
45548,41822,3726
45549,41823,3726
45550,41824,3726
45552,41826,3726
45553,41826,3727
45554,41827,3727
45555,41828,3727
45556,41829,3727
45557,41830,3727
45558,41831,3727
45559,41832,3727
45560,41832,3728
45561,41833,3728
45562,41834,3728
45564,41836,3728
45565,41837,3728
45566,41838,3728
45568,41840,3728
45569,41841,3728
45570,41842,3728
45572,41844,3728
45574,41845,3729
45575,41846,3729
45576,41847,3729
45577,41848,3729
45579,41849,3730
45580,41850,3730
45581,41851,3730
45582,41852,3730
45583,41853,3730
45584,41854,3730
45585,41855,3730
45586,41856,3730
45587,41857,3730
45589,41859,3730
45590,41860,3730
45591,41861,3730
45593,41863,3730
45594,41863,3731
45595,41864,3731
45596,41865,3731
45597,41866,3731
45598,41867,3731
45599,41868,3731
45600,41869,3731
45601,41869,3732
45602,41870,3732
45603,41871,3732
45605,41873,3732
45606,41874,3732
45607,41875,3732
45609,41877,3732
45610,41878,3732
45611,41879,3732
45613,41881,3732
45615,41882,3733
45616,41883,3733
45617,41884,3733
45618,41885,3733
45620,41886,3734
45621,41887,3734
45622,41888,3734
45623,41889,3734
45624,41890,3734
45625,41891,3734
45626,41892,3734
45627,41893,3734
45628,41894,3734
45630,41896,3734
45631,41897,3734
45632,41898,3734
45634,41900,3734
45635,41900,3735
45636,41901,3735
45637,41902,3735
45638,41903,3735
45639,41904,3735
45640,41905,3735
45641,41906,3735
45642,41906,3736
45643,41907,3736
45644,41908,3736
45646,41910,3736
45647,41911,3736
45648,41912,3736
45650,41914,3736
45651,41915,3736
45652,41916,3736
45654,41918,3736
45656,41919,3737
45657,41920,3737
45658,41921,3737
45659,41922,3737
45661,41923,3738
45662,41924,3738
45663,41925,3738
45664,41926,3738
45665,41927,3738
45666,41928,3738
45667,41929,3738
45668,41930,3738
45669,41931,3738
45671,41933,3738
45672,41934,3738
45673,41935,3738
45675,41937,3738
45676,41937,3739
45677,41938,3739
45678,41939,3739
45679,41940,3739
45680,41941,3739
45681,41942,3739
45682,41943,3739
45683,41943,3740
45684,41944,3740
45685,41945,3740
45687,41947,3740
45688,41948,3740
45689,41949,3740
45691,41951,3740
45692,41952,3740
45693,41953,3740
45695,41955,3740
45697,41956,3741
45698,41957,3741
45699,41958,3741
45700,41959,3741
45702,41960,3742
45703,41961,3742
45704,41962,3742
45705,41963,3742
45706,41964,3742
45707,41965,3742
45708,41966,3742
45709,41967,3742
45710,41968,3742
45712,41970,3742
45713,41971,3742
45714,41972,3742
45716,41974,3742
45717,41974,3743
45718,41975,3743
45719,41976,3743
45720,41977,3743
45721,41978,3743
45722,41979,3743
45723,41980,3743
45724,41980,3744
45725,41981,3744
45726,41982,3744
45728,41984,3744
45729,41985,3744
45730,41986,3744
45732,41988,3744
45733,41989,3744
45734,41990,3744
45736,41992,3744
45738,41993,3745
45739,41994,3745
45740,41995,3745
45741,41996,3745
45743,41997,3746
45744,41998,3746
45745,41999,3746
45746,42000,3746
45747,42001,3746
45748,42002,3746
45749,42003,3746
45750,42004,3746
45751,42005,3746
45753,42007,3746
45754,42008,3746
45755,42009,3746
45757,42011,3746
45758,42011,3747
45759,42012,3747
45760,42013,3747
45761,42014,3747
45762,42015,3747
45763,42016,3747
45764,42017,3747
45765,42017,3748
45766,42018,3748
45767,42019,3748
45769,42021,3748
45770,42022,3748
45771,42023,3748
45773,42025,3748
45774,42026,3748
45775,42027,3748
45777,42029,3748
45779,42030,3749
45780,42031,3749
45781,42032,3749
45782,42033,3749
45784,42034,3750
45785,42035,3750
45786,42036,3750
45787,42037,3750
45788,42038,3750
45789,42039,3750
45790,42040,3750
45791,42041,3750
45792,42042,3750
45794,42044,3750
45795,42045,3750
45796,42046,3750
45798,42048,3750
45799,42048,3751
45800,42049,3751
45801,42050,3751
45802,42051,3751
45803,42052,3751
45804,42053,3751
45805,42054,3751
45806,42054,3752
45807,42055,3752
45808,42056,3752
45810,42058,3752
45811,42059,3752
45812,42060,3752
45814,42062,3752
45815,42063,3752
45816,42064,3752
45818,42066,3752
45820,42067,3753
45821,42068,3753
45822,42069,3753
45823,42070,3753
45825,42071,3754
45826,42072,3754
45827,42073,3754
45828,42074,3754
45829,42075,3754
45830,42076,3754
45831,42077,3754
45832,42078,3754
45833,42079,3754
45835,42081,3754
45836,42082,3754
45837,42083,3754
45839,42085,3754
45840,42085,3755
45841,42086,3755
45842,42087,3755
45843,42088,3755
45844,42089,3755
45845,42090,3755
45846,42091,3755
45847,42091,3756
45848,42092,3756
45849,42093,3756
45851,42095,3756
45852,42096,3756
45853,42097,3756
45855,42099,3756
45856,42100,3756
45857,42101,3756
45859,42103,3756
45861,42104,3757
45862,42105,3757
45863,42106,3757
45864,42107,3757
45866,42108,3758
45867,42109,3758
45868,42110,3758
45869,42111,3758
45870,42112,3758
45871,42113,3758
45872,42114,3758
45873,42115,3758
45874,42116,3758
45876,42118,3758
45877,42119,3758
45878,42120,3758
45880,42122,3758
45881,42122,3759
45882,42123,3759
45883,42124,3759
45884,42125,3759
45885,42126,3759
45886,42127,3759
45887,42128,3759
45888,42128,3760
45889,42129,3760
45890,42130,3760
45892,42132,3760
45893,42133,3760
45894,42134,3760
45896,42136,3760
45897,42137,3760
45898,42138,3760
45900,42140,3760
45902,42141,3761
45903,42142,3761
45904,42143,3761
45905,42144,3761
45907,42145,3762
45908,42146,3762
45909,42147,3762
45910,42148,3762
45911,42149,3762
45912,42150,3762
45913,42151,3762
45914,42152,3762
45915,42153,3762
45917,42155,3762
45918,42156,3762
45919,42157,3762
45921,42159,3762
45922,42159,3763
45923,42160,3763
45924,42161,3763
45925,42162,3763
45926,42163,3763
45927,42164,3763
45928,42165,3763
45929,42165,3764
45930,42166,3764
45931,42167,3764
45933,42169,3764
45934,42170,3764
45935,42171,3764
45937,42173,3764
45938,42174,3764
45939,42175,3764
45941,42177,3764
45943,42178,3765
45944,42179,3765
45945,42180,3765
45946,42181,3765
45948,42182,3766
45949,42183,3766
45950,42184,3766
45951,42185,3766
45952,42186,3766
45953,42187,3766
45954,42188,3766
45955,42189,3766
45956,42190,3766
45958,42192,3766
45959,42193,3766
45960,42194,3766
45962,42196,3766
45963,42196,3767
45964,42197,3767
45965,42198,3767
45966,42199,3767
45967,42200,3767
45968,42201,3767
45969,42202,3767
45970,42202,3768
45971,42203,3768
45972,42204,3768
45974,42206,3768
45975,42207,3768
45976,42208,3768
45978,42210,3768
45979,42211,3768
45980,42212,3768
45982,42214,3768
45984,42215,3769
45985,42216,3769
45986,42217,3769
45987,42218,3769
45989,42219,3770
45990,42220,3770
45991,42221,3770
45992,42222,3770
45993,42223,3770
45994,42224,3770
45995,42225,3770
45996,42226,3770
45997,42227,3770
45999,42229,3770
46000,42230,3770
46001,42231,3770
46003,42233,3770
46004,42233,3771
46005,42234,3771
46006,42235,3771
46007,42236,3771
46008,42237,3771
46009,42238,3771
46010,42239,3771
46011,42239,3772
46012,42240,3772
46013,42241,3772
46015,42243,3772
46016,42244,3772
46017,42245,3772
46019,42247,3772
46020,42248,3772
46021,42249,3772
46023,42251,3772
46025,42252,3773
46026,42253,3773
46027,42254,3773
46028,42255,3773
46030,42256,3774
46031,42257,3774
46032,42258,3774
46033,42259,3774
46034,42260,3774
46035,42261,3774
46036,42262,3774
46037,42263,3774
46038,42264,3774
46040,42266,3774
46041,42267,3774
46042,42268,3774
46044,42270,3774
46045,42270,3775
46046,42271,3775
46047,42272,3775
46048,42273,3775
46049,42274,3775
46050,42275,3775
46051,42276,3775
46052,42276,3776
46053,42277,3776
46054,42278,3776
46056,42280,3776
46057,42281,3776
46058,42282,3776
46060,42284,3776
46061,42285,3776
46062,42286,3776
46064,42288,3776
46066,42289,3777
46067,42290,3777
46068,42291,3777
46069,42292,3777
46071,42293,3778
46072,42294,3778
46073,42295,3778
46074,42296,3778
46075,42297,3778
46076,42298,3778
46077,42299,3778
46078,42300,3778
46079,42301,3778
46081,42303,3778
46082,42304,3778
46083,42305,3778
46085,42307,3778
46086,42307,3779
46087,42308,3779
46088,42309,3779
46089,42310,3779
46090,42311,3779
46091,42312,3779
46092,42313,3779
46093,42313,3780
46094,42314,3780
46095,42315,3780
46097,42317,3780
46098,42318,3780
46099,42319,3780
46101,42321,3780
46102,42322,3780
46103,42323,3780
46105,42325,3780
46107,42326,3781
46108,42327,3781
46109,42328,3781
46110,42329,3781
46112,42330,3782
46113,42331,3782
46114,42332,3782
46115,42333,3782
46116,42334,3782
46117,42335,3782
46118,42336,3782
46119,42337,3782
46120,42338,3782
46122,42340,3782
46123,42341,3782
46124,42342,3782
46126,42344,3782
46127,42344,3783
46128,42345,3783
46129,42346,3783
46130,42347,3783
46131,42348,3783
46132,42349,3783
46133,42350,3783
46134,42350,3784
46135,42351,3784
46136,42352,3784
46138,42354,3784
46139,42355,3784
46140,42356,3784
46142,42358,3784
46143,42359,3784
46144,42360,3784
46146,42362,3784
46148,42363,3785
46149,42364,3785
46150,42365,3785
46151,42366,3785
46153,42367,3786
46154,42368,3786
46155,42369,3786
46156,42370,3786
46157,42371,3786
46158,42372,3786
46159,42373,3786
46160,42374,3786
46161,42375,3786
46163,42377,3786
46164,42378,3786
46165,42379,3786
46167,42381,3786
46168,42381,3787
46169,42382,3787
46170,42383,3787
46171,42384,3787
46172,42385,3787
46173,42386,3787
46174,42387,3787
46175,42387,3788
46176,42388,3788
46177,42389,3788
46179,42391,3788
46180,42392,3788
46181,42393,3788
46183,42395,3788
46184,42396,3788
46185,42397,3788
46187,42399,3788
46189,42400,3789
46190,42401,3789
46191,42402,3789
46192,42403,3789
46194,42404,3790
46195,42405,3790
46196,42406,3790
46197,42407,3790
46198,42408,3790
46199,42409,3790
46200,42410,3790
46201,42411,3790
46202,42412,3790
46204,42414,3790
46205,42415,3790
46206,42416,3790
46208,42418,3790
46209,42418,3791
46210,42419,3791
46211,42420,3791
46212,42421,3791
46213,42422,3791
46214,42423,3791
46215,42424,3791
46216,42424,3792
46217,42425,3792
46218,42426,3792
46220,42428,3792
46221,42429,3792
46222,42430,3792
46224,42432,3792
46225,42433,3792
46226,42434,3792
46228,42436,3792
46230,42437,3793
46231,42438,3793
46232,42439,3793
46233,42440,3793
46235,42441,3794
46236,42442,3794
46237,42443,3794
46238,42444,3794
46239,42445,3794
46240,42446,3794
46241,42447,3794
46242,42448,3794
46243,42449,3794
46245,42451,3794
46246,42452,3794
46247,42453,3794
46249,42455,3794
46250,42455,3795
46251,42456,3795
46252,42457,3795
46253,42458,3795
46254,42459,3795
46255,42460,3795
46256,42461,3795
46257,42461,3796
46258,42462,3796
46259,42463,3796
46261,42465,3796
46262,42466,3796
46263,42467,3796
46265,42469,3796
46266,42470,3796
46267,42471,3796
46269,42473,3796
46271,42474,3797
46272,42475,3797
46273,42476,3797
46274,42477,3797
46276,42478,3798
46277,42479,3798
46278,42480,3798
46279,42481,3798
46280,42482,3798
46281,42483,3798
46282,42484,3798
46283,42485,3798
46284,42486,3798
46286,42488,3798
46287,42489,3798
46288,42490,3798
46290,42492,3798
46291,42492,3799
46292,42493,3799
46293,42494,3799
46294,42495,3799
46295,42496,3799
46296,42497,3799
46297,42498,3799
46298,42498,3800
46299,42499,3800
46300,42500,3800
46302,42502,3800
46303,42503,3800
46304,42504,3800
46306,42506,3800
46307,42507,3800
46308,42508,3800
46310,42510,3800
46312,42511,3801
46313,42512,3801
46314,42513,3801
46315,42514,3801
46317,42515,3802
46318,42516,3802
46319,42517,3802
46320,42518,3802
46321,42519,3802
46322,42520,3802
46323,42521,3802
46324,42522,3802
46325,42523,3802
46327,42525,3802
46328,42526,3802
46329,42527,3802
46331,42529,3802
46332,42529,3803
46333,42530,3803
46334,42531,3803
46335,42532,3803
46336,42533,3803
46337,42534,3803
46338,42535,3803
46339,42535,3804
46340,42536,3804
46341,42537,3804
46343,42539,3804
46344,42540,3804
46345,42541,3804
46347,42543,3804
46348,42544,3804
46349,42545,3804
46351,42547,3804
46353,42548,3805
46354,42549,3805
46355,42550,3805
46356,42551,3805
46358,42552,3806
46359,42553,3806
46360,42554,3806
46361,42555,3806
46362,42556,3806
46363,42557,3806
46364,42558,3806
46365,42559,3806
46366,42560,3806
46368,42562,3806
46369,42563,3806
46370,42564,3806
46372,42566,3806
46373,42566,3807
46374,42567,3807
46375,42568,3807
46376,42569,3807
46377,42570,3807
46378,42571,3807
46379,42572,3807
46380,42572,3808
46381,42573,3808
46382,42574,3808
46384,42576,3808
46385,42577,3808
46386,42578,3808
46388,42580,3808
46389,42581,3808
46390,42582,3808
46392,42584,3808
46394,42585,3809
46395,42586,3809
46396,42587,3809
46397,42588,3809
46399,42589,3810
46400,42590,3810
46401,42591,3810
46402,42592,3810
46403,42593,3810
46404,42594,3810
46405,42595,3810
46406,42596,3810
46407,42597,3810
46409,42599,3810
46410,42600,3810
46411,42601,3810
46413,42603,3810
46414,42603,3811
46415,42604,3811
46416,42605,3811
46417,42606,3811
46418,42607,3811
46419,42608,3811
46420,42609,3811
46421,42609,3812
46422,42610,3812
46423,42611,3812
46425,42613,3812
46426,42614,3812
46427,42615,3812
46429,42617,3812
46430,42618,3812
46431,42619,3812
46433,42621,3812
46435,42622,3813
46436,42623,3813
46437,42624,3813
46438,42625,3813
46440,42626,3814
46441,42627,3814
46442,42628,3814
46443,42629,3814
46444,42630,3814
46445,42631,3814
46446,42632,3814
46447,42633,3814
46448,42634,3814
46450,42636,3814
46451,42637,3814
46452,42638,3814
46454,42640,3814
46455,42640,3815
46456,42641,3815
46457,42642,3815
46458,42643,3815
46459,42644,3815
46460,42645,3815
46461,42646,3815
46462,42646,3816
46463,42647,3816
46464,42648,3816
46466,42650,3816
46467,42651,3816
46468,42652,3816
46470,42654,3816
46471,42655,3816
46472,42656,3816
46474,42658,3816
46476,42659,3817
46477,42660,3817
46478,42661,3817
46479,42662,3817
46481,42663,3818
46482,42664,3818
46483,42665,3818
46484,42666,3818
46485,42667,3818
46486,42668,3818
46487,42669,3818
46488,42670,3818
46489,42671,3818
46491,42673,3818
46492,42674,3818
46493,42675,3818
46495,42677,3818
46496,42677,3819
46497,42678,3819
46498,42679,3819
46499,42680,3819
46500,42681,3819
46501,42682,3819
46502,42683,3819
46503,42683,3820
46504,42684,3820
46505,42685,3820
46507,42687,3820
46508,42688,3820
46509,42689,3820
46511,42691,3820
46512,42692,3820
46513,42693,3820
46515,42695,3820
46517,42696,3821
46518,42697,3821
46519,42698,3821
46520,42699,3821
46522,42700,3822
46523,42701,3822
46524,42702,3822
46525,42703,3822
46526,42704,3822
46527,42705,3822
46528,42706,3822
46529,42707,3822
46530,42708,3822
46532,42710,3822
46533,42711,3822
46534,42712,3822
46536,42714,3822
46537,42714,3823
46538,42715,3823
46539,42716,3823
46540,42717,3823
46541,42718,3823
46542,42719,3823
46543,42720,3823
46544,42720,3824
46545,42721,3824
46546,42722,3824
46548,42724,3824
46549,42725,3824
46550,42726,3824
46552,42728,3824
46553,42729,3824
46554,42730,3824
46556,42732,3824
46558,42733,3825
46559,42734,3825
46560,42735,3825
46561,42736,3825
46563,42737,3826
46564,42738,3826
46565,42739,3826
46566,42740,3826
46567,42741,3826
46568,42742,3826
46569,42743,3826
46570,42744,3826
46571,42745,3826
46573,42747,3826
46574,42748,3826
46575,42749,3826
46577,42751,3826
46578,42751,3827
46579,42752,3827
46580,42753,3827
46581,42754,3827
46582,42755,3827
46583,42756,3827
46584,42757,3827
46585,42757,3828
46586,42758,3828
46587,42759,3828
46589,42761,3828
46590,42762,3828
46591,42763,3828
46593,42765,3828
46594,42766,3828
46595,42767,3828
46597,42769,3828
46599,42770,3829
46600,42771,3829
46601,42772,3829
46602,42773,3829
46604,42774,3830
46605,42775,3830
46606,42776,3830
46607,42777,3830
46608,42778,3830
46609,42779,3830
46610,42780,3830
46611,42781,3830
46612,42782,3830
46614,42784,3830
46615,42785,3830
46616,42786,3830
46618,42788,3830
46619,42788,3831
46620,42789,3831
46621,42790,3831
46622,42791,3831
46623,42792,3831
46624,42793,3831
46625,42794,3831
46626,42794,3832
46627,42795,3832
46628,42796,3832
46630,42798,3832
46631,42799,3832
46632,42800,3832
46634,42802,3832
46635,42803,3832
46636,42804,3832
46638,42806,3832
46640,42807,3833
46641,42808,3833
46642,42809,3833
46643,42810,3833
46645,42811,3834
46646,42812,3834
46647,42813,3834
46648,42814,3834
46649,42815,3834
46650,42816,3834
46651,42817,3834
46652,42818,3834
46653,42819,3834
46655,42821,3834
46656,42822,3834
46657,42823,3834
46659,42825,3834
46660,42825,3835
46661,42826,3835
46662,42827,3835
46663,42828,3835
46664,42829,3835
46665,42830,3835
46666,42831,3835
46667,42831,3836
46668,42832,3836
46669,42833,3836
46671,42835,3836
46672,42836,3836
46673,42837,3836
46675,42839,3836
46676,42840,3836
46677,42841,3836
46679,42843,3836
46681,42844,3837
46682,42845,3837
46683,42846,3837
46684,42847,3837
46686,42848,3838
46687,42849,3838
46688,42850,3838
46689,42851,3838
46690,42852,3838
46691,42853,3838
46692,42854,3838
46693,42855,3838
46694,42856,3838
46696,42858,3838
46697,42859,3838
46698,42860,3838
46700,42862,3838
46701,42862,3839
46702,42863,3839
46703,42864,3839
46704,42865,3839
46705,42866,3839
46706,42867,3839
46707,42868,3839
46708,42868,3840
46709,42869,3840
46710,42870,3840
46712,42872,3840
46713,42873,3840
46714,42874,3840
46716,42876,3840
46717,42877,3840
46718,42878,3840
46720,42880,3840
46722,42881,3841
46723,42882,3841
46724,42883,3841
46725,42884,3841
46727,42885,3842
46728,42886,3842
46729,42887,3842
46730,42888,3842
46731,42889,3842
46732,42890,3842
46733,42891,3842
46734,42892,3842
46735,42893,3842
46737,42895,3842
46738,42896,3842
46739,42897,3842
46741,42899,3842
46742,42899,3843
46743,42900,3843
46744,42901,3843
46745,42902,3843
46746,42903,3843
46747,42904,3843
46748,42905,3843
46749,42905,3844
46750,42906,3844
46751,42907,3844
46753,42909,3844
46754,42910,3844
46755,42911,3844
46757,42913,3844
46758,42914,3844
46759,42915,3844
46761,42917,3844
46763,42918,3845
46764,42919,3845
46765,42920,3845
46766,42921,3845
46768,42922,3846
46769,42923,3846
46770,42924,3846
46771,42925,3846
46772,42926,3846
46773,42927,3846
46774,42928,3846
46775,42929,3846
46776,42930,3846
46778,42932,3846
46779,42933,3846
46780,42934,3846
46782,42936,3846
46783,42936,3847
46784,42937,3847
46785,42938,3847
46786,42939,3847
46787,42940,3847
46788,42941,3847
46789,42942,3847
46790,42942,3848
46791,42943,3848
46792,42944,3848
46794,42946,3848
46795,42947,3848
46796,42948,3848
46798,42950,3848
46799,42951,3848
46800,42952,3848
46802,42954,3848
46804,42955,3849
46805,42956,3849
46806,42957,3849
46807,42958,3849
46809,42959,3850
46810,42960,3850
46811,42961,3850
46812,42962,3850
46813,42963,3850
46814,42964,3850
46815,42965,3850
46816,42966,3850
46817,42967,3850
46819,42969,3850
46820,42970,3850
46821,42971,3850
46823,42973,3850
46824,42973,3851
46825,42974,3851
46826,42975,3851
46827,42976,3851
46828,42977,3851
46829,42978,3851
46830,42979,3851
46831,42979,3852
46832,42980,3852
46833,42981,3852
46835,42983,3852
46836,42984,3852
46837,42985,3852
46839,42987,3852
46840,42988,3852
46841,42989,3852
46843,42991,3852
46845,42992,3853
46846,42993,3853
46847,42994,3853
46848,42995,3853
46850,42996,3854
46851,42997,3854
46852,42998,3854
46853,42999,3854
46854,43000,3854
46855,43001,3854
46856,43002,3854
46857,43003,3854
46858,43004,3854
46860,43006,3854
46861,43007,3854
46862,43008,3854
46864,43010,3854
46865,43010,3855
46866,43011,3855
46867,43012,3855
46868,43013,3855
46869,43014,3855
46870,43015,3855
46871,43016,3855
46872,43016,3856
46873,43017,3856
46874,43018,3856
46876,43020,3856
46877,43021,3856
46878,43022,3856
46880,43024,3856
46881,43025,3856
46882,43026,3856
46884,43028,3856
46886,43029,3857
46887,43030,3857
46888,43031,3857
46889,43032,3857
46891,43033,3858
46892,43034,3858
46893,43035,3858
46894,43036,3858
46895,43037,3858
46896,43038,3858
46897,43039,3858
46898,43040,3858
46899,43041,3858
46901,43043,3858
46902,43044,3858
46903,43045,3858
46905,43047,3858
46906,43047,3859
46907,43048,3859
46908,43049,3859
46909,43050,3859
46910,43051,3859
46911,43052,3859
46912,43053,3859
46913,43053,3860
46914,43054,3860
46915,43055,3860
46917,43057,3860
46918,43058,3860
46919,43059,3860
46921,43061,3860
46922,43062,3860
46923,43063,3860
46925,43065,3860
46927,43066,3861
46928,43067,3861
46929,43068,3861
46930,43069,3861
46932,43070,3862
46933,43071,3862
46934,43072,3862
46935,43073,3862
46936,43074,3862
46937,43075,3862
46938,43076,3862
46939,43077,3862
46940,43078,3862
46942,43080,3862
46943,43081,3862
46944,43082,3862
46946,43084,3862
46947,43084,3863
46948,43085,3863
46949,43086,3863
46950,43087,3863
46951,43088,3863
46952,43089,3863
46953,43090,3863
46954,43090,3864
46955,43091,3864
46956,43092,3864
46958,43094,3864
46959,43095,3864
46960,43096,3864
46962,43098,3864
46963,43099,3864
46964,43100,3864
46966,43102,3864
46968,43103,3865
46969,43104,3865
46970,43105,3865
46971,43106,3865
46973,43107,3866
46974,43108,3866
46975,43109,3866
46976,43110,3866
46977,43111,3866
46978,43112,3866
46979,43113,3866
46980,43114,3866
46981,43115,3866
46983,43117,3866
46984,43118,3866
46985,43119,3866
46987,43121,3866
46988,43121,3867
46989,43122,3867
46990,43123,3867
46991,43124,3867
46992,43125,3867
46993,43126,3867
46994,43127,3867
46995,43127,3868
46996,43128,3868
46997,43129,3868
46999,43131,3868
47000,43132,3868
47001,43133,3868
47003,43135,3868
47004,43136,3868
47005,43137,3868
47007,43139,3868
47009,43140,3869
47010,43141,3869
47011,43142,3869
47012,43143,3869
47014,43144,3870
47015,43145,3870
47016,43146,3870
47017,43147,3870
47018,43148,3870
47019,43149,3870
47020,43150,3870
47021,43151,3870
47022,43152,3870
47024,43154,3870
47025,43155,3870
47026,43156,3870
47028,43158,3870
47029,43158,3871
47030,43159,3871
47031,43160,3871
47032,43161,3871
47034,43161,3873
47035,43162,3873
47036,43163,3873
47037,43163,3874
47038,43164,3874
47039,43165,3874
47041,43167,3874
47042,43168,3874
47043,43169,3874
47045,43171,3874
47046,43172,3874
47047,43173,3874
47049,43175,3874
47051,43176,3875
47052,43177,3875
47053,43178,3875
47054,43179,3875
47055,43180,3875
47056,43181,3875
47057,43182,3875
47058,43183,3875
47059,43184,3875
47060,43185,3875
47061,43186,3875
47062,43187,3875
47063,43188,3875
47065,43190,3875
47066,43191,3875
47067,43192,3875
47069,43194,3875
47070,43194,3876
47071,43195,3876
47072,43196,3876
47073,43197,3876
47075,43198,3877
47076,43199,3877
47077,43200,3877
47078,43200,3878
47079,43201,3878
47080,43202,3878
47082,43204,3878
47083,43205,3878
47084,43206,3878
47086,43208,3878
47087,43209,3878
47088,43210,3878
47090,43212,3878
47092,43213,3879
47093,43214,3879
47094,43215,3879
47095,43216,3879
47096,43217,3879
47097,43218,3879
47098,43219,3879
47099,43220,3879
47100,43221,3879
47101,43222,3879
47102,43223,3879
47103,43224,3879
47104,43225,3879
47106,43227,3879
47107,43228,3879
47108,43229,3879
47110,43231,3879
47111,43231,3880
47112,43232,3880
47113,43233,3880
47114,43234,3880
47116,43235,3881
47117,43236,3881
47118,43237,3881
47119,43237,3882
47120,43238,3882
47121,43239,3882
47123,43241,3882
47124,43242,3882
47125,43243,3882
47127,43245,3882
47128,43246,3882
47129,43247,3882
47131,43249,3882
47133,43250,3883
47134,43251,3883
47135,43252,3883
47136,43253,3883
47137,43254,3883
47138,43255,3883
47139,43256,3883
47140,43257,3883
47141,43258,3883
47142,43259,3883
47143,43260,3883
47144,43261,3883
47145,43262,3883
47147,43264,3883
47148,43265,3883
47149,43266,3883
47151,43268,3883
47152,43268,3884
47153,43269,3884
47154,43270,3884
47155,43271,3884
47157,43272,3885
47158,43273,3885
47159,43274,3885
47160,43274,3886
47161,43275,3886
47162,43276,3886
47164,43278,3886
47165,43279,3886
47166,43280,3886
47168,43282,3886
47169,43283,3886
47170,43284,3886
47172,43286,3886
47174,43287,3887
47175,43288,3887
47176,43289,3887
47177,43290,3887
47178,43291,3887
47179,43292,3887
47180,43293,3887
47181,43294,3887
47182,43295,3887
47183,43296,3887
47184,43297,3887
47185,43298,3887
47186,43299,3887
47188,43301,3887
47189,43302,3887
47190,43303,3887
47192,43305,3887
47193,43305,3888
47194,43306,3888
47195,43307,3888
47196,43308,3888
47198,43309,3889
47199,43310,3889
47200,43311,3889
47201,43311,3890
47202,43312,3890
47203,43313,3890
47205,43315,3890
47206,43316,3890
47207,43317,3890
47209,43319,3890
47210,43320,3890
47211,43321,3890
47213,43323,3890
47215,43324,3891
47216,43325,3891
47217,43326,3891
47218,43327,3891
47219,43328,3891
47220,43329,3891
47221,43330,3891
47222,43331,3891
47223,43332,3891
47224,43333,3891
47225,43334,3891
47226,43335,3891
47227,43336,3891
47229,43338,3891
47230,43339,3891
47231,43340,3891
47233,43342,3891
47234,43342,3892
47235,43343,3892
47236,43344,3892
47237,43345,3892
47239,43346,3893
47240,43347,3893
47241,43348,3893
47242,43348,3894
47243,43349,3894
47244,43350,3894
47246,43352,3894
47247,43353,3894
47248,43354,3894
47250,43356,3894
47251,43357,3894
47252,43358,3894
47254,43360,3894
47256,43361,3895
47257,43362,3895
47258,43363,3895
47259,43364,3895
47260,43365,3895
47261,43366,3895
47262,43367,3895
47263,43368,3895
47264,43369,3895
47265,43370,3895
47266,43371,3895
47267,43372,3895
47268,43373,3895
47270,43375,3895
47271,43376,3895
47272,43377,3895
47274,43379,3895
47275,43379,3896
47276,43380,3896
47277,43381,3896
47278,43382,3896
47280,43383,3897
47281,43384,3897
47282,43385,3897
47283,43385,3898
47284,43386,3898
47285,43387,3898
47287,43389,3898
47288,43390,3898
47289,43391,3898
47291,43393,3898
47292,43394,3898
47293,43395,3898
47295,43397,3898
47297,43398,3899
47298,43399,3899
47299,43400,3899
47300,43401,3899
47301,43402,3899
47302,43403,3899
47303,43404,3899
47304,43405,3899
47305,43406,3899
47306,43407,3899
47307,43408,3899
47308,43409,3899
47309,43410,3899
47311,43412,3899
47312,43413,3899
47313,43414,3899
47315,43416,3899
47316,43416,3900
47317,43417,3900
47318,43418,3900
47319,43419,3900
47321,43420,3901
47322,43421,3901
47323,43422,3901
47324,43422,3902
47325,43423,3902
47326,43424,3902
47328,43426,3902
47329,43427,3902
47330,43428,3902
47332,43430,3902
47333,43431,3902
47334,43432,3902
47336,43434,3902
47338,43435,3903
47339,43436,3903
47340,43437,3903
47341,43438,3903
47342,43439,3903
47343,43440,3903
47344,43441,3903
47345,43442,3903
47346,43443,3903
47347,43444,3903
47348,43445,3903
47349,43446,3903
47350,43447,3903
47352,43449,3903
47353,43450,3903
47354,43451,3903
47356,43453,3903
47357,43453,3904
47358,43454,3904
47359,43455,3904
47360,43456,3904
47362,43457,3905
47363,43458,3905
47364,43459,3905
47365,43459,3906
47366,43460,3906
47367,43461,3906
47369,43463,3906
47370,43464,3906
47371,43465,3906
47373,43467,3906
47374,43468,3906
47375,43469,3906
47377,43471,3906
47379,43472,3907
47380,43473,3907
47381,43474,3907
47382,43475,3907
47383,43476,3907
47384,43477,3907
47385,43478,3907
47386,43479,3907
47387,43480,3907
47388,43481,3907
47389,43482,3907
47390,43483,3907
47391,43484,3907
47393,43486,3907
47394,43487,3907
47395,43488,3907
47397,43490,3907
47398,43490,3908
47399,43491,3908
47400,43492,3908
47401,43493,3908
47403,43494,3909
47404,43495,3909
47405,43496,3909
47406,43496,3910
47407,43497,3910
47408,43498,3910
47410,43500,3910
47411,43501,3910
47412,43502,3910
47414,43504,3910
47415,43505,3910
47416,43506,3910
47418,43508,3910
47420,43509,3911
47421,43510,3911
47422,43511,3911
47423,43512,3911
47424,43513,3911
47425,43514,3911
47426,43515,3911
47427,43516,3911
47428,43517,3911
47429,43518,3911
47430,43519,3911
47431,43520,3911
47432,43521,3911
47434,43523,3911
47435,43524,3911
47436,43525,3911
47438,43527,3911
47439,43527,3912
47440,43528,3912
47441,43529,3912
47442,43530,3912
47444,43531,3913
47445,43532,3913
47446,43533,3913
47447,43533,3914
47448,43534,3914
47449,43535,3914
47451,43537,3914
47452,43538,3914
47453,43539,3914
47455,43541,3914
47456,43542,3914
47457,43543,3914
47459,43545,3914
47461,43546,3915
47462,43547,3915
47463,43548,3915
47464,43549,3915
47465,43550,3915
47466,43551,3915
47467,43552,3915
47468,43553,3915
47469,43554,3915
47470,43555,3915
47471,43556,3915
47472,43557,3915
47473,43558,3915
47475,43560,3915
47476,43561,3915
47477,43562,3915
47479,43564,3915
47480,43564,3916
47481,43565,3916
47482,43566,3916
47483,43567,3916
47485,43568,3917
47486,43569,3917
47487,43570,3917
47488,43570,3918
47489,43571,3918
47490,43572,3918
47492,43574,3918
47493,43575,3918
47494,43576,3918
47496,43578,3918
47497,43579,3918
47498,43580,3918
47500,43582,3918
47502,43583,3919
47503,43584,3919
47504,43585,3919
47505,43586,3919
47506,43587,3919
47507,43588,3919
47508,43589,3919
47509,43590,3919
47510,43591,3919
47511,43592,3919
47512,43593,3919
47513,43594,3919
47514,43595,3919
47516,43597,3919
47517,43598,3919
47518,43599,3919
47520,43601,3919
47521,43601,3920
47522,43602,3920
47523,43603,3920
47524,43604,3920
47526,43605,3921
47527,43606,3921
47528,43607,3921
47529,43607,3922
47530,43608,3922
47531,43609,3922
47533,43611,3922
47534,43612,3922
47535,43613,3922
47537,43615,3922
47538,43616,3922
47539,43617,3922
47541,43619,3922
47543,43620,3923
47544,43621,3923
47545,43622,3923
47546,43623,3923
47547,43624,3923
47548,43625,3923
47549,43626,3923
47550,43627,3923
47551,43628,3923
47552,43629,3923
47553,43630,3923
47554,43631,3923
47555,43632,3923
47557,43634,3923
47558,43635,3923
47559,43636,3923
47561,43638,3923
47562,43638,3924
47563,43639,3924
47564,43640,3924
47565,43641,3924
47567,43642,3925
47568,43643,3925
47569,43644,3925
47570,43644,3926
47571,43645,3926
47572,43646,3926
47574,43648,3926
47575,43649,3926
47576,43650,3926
47578,43652,3926
47579,43653,3926
47580,43654,3926
47582,43656,3926
47584,43657,3927
47585,43658,3927
47586,43659,3927
47587,43660,3927
47588,43661,3927
47589,43662,3927
47590,43663,3927
47591,43664,3927
47592,43665,3927
47593,43666,3927
47594,43667,3927
47595,43668,3927
47596,43669,3927
47598,43671,3927
47599,43672,3927
47600,43673,3927
47602,43675,3927
47603,43675,3928
47604,43676,3928
47605,43677,3928
47606,43678,3928
47608,43679,3929
47609,43680,3929
47610,43681,3929
47611,43681,3930
47612,43682,3930
47613,43683,3930
47615,43685,3930
47616,43686,3930
47617,43687,3930
47619,43689,3930
47620,43690,3930
47621,43691,3930
47623,43693,3930
47625,43694,3931
47626,43695,3931
47627,43696,3931
47628,43697,3931
47629,43698,3931
47630,43699,3931
47631,43700,3931
47632,43701,3931
47633,43702,3931
47634,43703,3931
47635,43704,3931
47636,43705,3931
47637,43706,3931
47639,43708,3931
47640,43709,3931
47641,43710,3931
47643,43712,3931
47644,43712,3932
47645,43713,3932
47646,43714,3932
47647,43715,3932
47649,43716,3933
47650,43717,3933
47651,43718,3933
47652,43718,3934
47653,43719,3934
47654,43720,3934
47656,43722,3934
47657,43723,3934
47658,43724,3934
47660,43726,3934
47661,43727,3934
47662,43728,3934
47664,43730,3934
47666,43731,3935
47667,43732,3935
47668,43733,3935
47669,43734,3935
47671,43734,3937
47672,43735,3937
47673,43736,3937
47674,43737,3937
47675,43738,3937
47676,43739,3937
47677,43740,3937
47678,43741,3937
47679,43742,3937
47681,43744,3937
47682,43745,3937
47683,43746,3937
47685,43748,3937
47686,43748,3938
47687,43749,3938
47688,43750,3938
47689,43751,3938
47690,43752,3938
47691,43753,3938
47692,43754,3938
47693,43754,3939
47694,43755,3939
47695,43756,3939
47697,43758,3939
47698,43759,3939
47699,43760,3939
47701,43762,3939
47702,43763,3939
47703,43764,3939
47705,43766,3939
47707,43767,3940
47708,43768,3940
47709,43769,3940
47710,43770,3940
47712,43771,3941
47713,43772,3941
47714,43773,3941
47715,43774,3941
47716,43775,3941
47717,43776,3941
47718,43777,3941
47719,43778,3941
47720,43779,3941
47722,43781,3941
47723,43782,3941
47724,43783,3941
47726,43785,3941
47727,43785,3942
47728,43786,3942
47729,43787,3942
47730,43788,3942
47731,43789,3942
47732,43790,3942
47733,43791,3942
47734,43791,3943
47735,43792,3943
47736,43793,3943
47738,43795,3943
47739,43796,3943
47740,43797,3943
47742,43799,3943
47743,43800,3943
47744,43801,3943
47746,43803,3943
47748,43804,3944
47749,43805,3944
47750,43806,3944
47751,43807,3944
47753,43808,3945
47754,43809,3945
47755,43810,3945
47756,43811,3945
47757,43812,3945
47758,43813,3945
47759,43814,3945
47760,43815,3945
47761,43816,3945
47763,43818,3945
47764,43819,3945
47765,43820,3945
47767,43822,3945
47768,43822,3946
47769,43823,3946
47770,43824,3946
47771,43825,3946
47772,43826,3946
47773,43827,3946
47774,43828,3946
47775,43828,3947
47776,43829,3947
47777,43830,3947
47779,43832,3947
47780,43833,3947
47781,43834,3947
47783,43836,3947
47784,43837,3947
47785,43838,3947
47787,43840,3947
47789,43841,3948
47790,43842,3948
47791,43843,3948
47792,43844,3948
47794,43845,3949
47795,43846,3949
47796,43847,3949
47797,43848,3949
47798,43849,3949
47799,43850,3949
47800,43851,3949
47801,43852,3949
47802,43853,3949
47804,43855,3949
47805,43856,3949
47806,43857,3949
47808,43859,3949
47809,43859,3950
47810,43860,3950
47811,43861,3950
47812,43862,3950
47813,43863,3950
47814,43864,3950
47815,43865,3950
47816,43865,3951
47817,43866,3951
47818,43867,3951
47820,43869,3951
47821,43870,3951
47822,43871,3951
47824,43873,3951
47825,43874,3951
47826,43875,3951
47828,43877,3951
47830,43878,3952
47831,43879,3952
47832,43880,3952
47833,43881,3952
47835,43882,3953
47836,43883,3953
47837,43884,3953
47838,43885,3953
47839,43886,3953
47840,43887,3953
47841,43888,3953
47842,43889,3953
47843,43890,3953
47845,43892,3953
47846,43893,3953
47847,43894,3953
47849,43896,3953
47850,43896,3954
47851,43897,3954
47852,43898,3954
47853,43899,3954
47854,43900,3954
47855,43901,3954
47856,43902,3954
47857,43902,3955
47858,43903,3955
47859,43904,3955
47861,43906,3955
47862,43907,3955
47863,43908,3955
47865,43910,3955
47866,43911,3955
47867,43912,3955
47869,43914,3955
47871,43915,3956
47872,43916,3956
47873,43917,3956
47874,43918,3956
47876,43919,3957
47877,43920,3957
47878,43921,3957
47879,43922,3957
47880,43923,3957
47881,43924,3957
47882,43925,3957
47883,43926,3957
47884,43927,3957
47886,43929,3957
47887,43930,3957
47888,43931,3957
47890,43933,3957
47891,43933,3958
47892,43934,3958
47893,43935,3958
47894,43936,3958
47895,43937,3958
47896,43938,3958
47897,43939,3958
47898,43939,3959
47899,43940,3959
47900,43941,3959
47902,43943,3959
47903,43944,3959
47904,43945,3959
47906,43947,3959
47907,43948,3959
47908,43949,3959
47910,43951,3959
47912,43952,3960
47913,43953,3960
47914,43954,3960
47915,43955,3960
47917,43956,3961
47918,43957,3961
47919,43958,3961
47920,43959,3961
47921,43960,3961
47922,43961,3961
47923,43962,3961
47924,43963,3961
47925,43964,3961
47927,43966,3961
47928,43967,3961
47929,43968,3961
47931,43970,3961
47932,43970,3962
47933,43971,3962
47934,43972,3962
47935,43973,3962
47936,43974,3962
47937,43975,3962
47938,43976,3962
47939,43976,3963
47940,43977,3963
47941,43978,3963
47943,43980,3963
47944,43981,3963
47945,43982,3963
47947,43984,3963
47948,43985,3963
47949,43986,3963
47951,43988,3963
47953,43989,3964
47954,43990,3964
47955,43991,3964
47956,43992,3964
47958,43993,3965
47959,43994,3965
47960,43995,3965
47961,43996,3965
47962,43997,3965
47963,43998,3965
47964,43999,3965
47965,44000,3965
47966,44001,3965
47968,44003,3965
47969,44004,3965
47970,44005,3965
47972,44007,3965
47973,44007,3966
47974,44008,3966
47975,44009,3966
47976,44010,3966
47977,44011,3966
47978,44012,3966
47979,44013,3966
47980,44013,3967
47981,44014,3967
47982,44015,3967
47984,44017,3967
47985,44018,3967
47986,44019,3967
47988,44021,3967
47989,44022,3967
47990,44023,3967
47992,44025,3967
47994,44026,3968
47995,44027,3968
47996,44028,3968
47997,44029,3968
47999,44030,3969
48000,44031,3969
48001,44032,3969
48002,44033,3969
48003,44034,3969
48004,44035,3969
48005,44036,3969
48006,44037,3969
48007,44038,3969
48009,44040,3969
48010,44041,3969
48011,44042,3969
48013,44044,3969
48014,44044,3970
48015,44045,3970
48016,44046,3970
48017,44047,3970
48018,44048,3970
48019,44049,3970
48020,44050,3970
48021,44050,3971
48022,44051,3971
48023,44052,3971
48025,44054,3971
48026,44055,3971
48027,44056,3971
48029,44058,3971
48030,44059,3971
48031,44060,3971
48033,44062,3971
48035,44063,3972
48036,44064,3972
48037,44065,3972
48038,44066,3972
48040,44067,3973
48041,44068,3973
48042,44069,3973
48043,44070,3973
48044,44071,3973
48045,44072,3973
48046,44073,3973
48047,44074,3973
48048,44075,3973
48050,44077,3973
48051,44078,3973
48052,44079,3973
48054,44081,3973
48055,44081,3974
48056,44082,3974
48057,44083,3974
48058,44084,3974
48059,44085,3974
48060,44086,3974
48061,44087,3974
48062,44087,3975
48063,44088,3975
48064,44089,3975
48066,44091,3975
48067,44092,3975
48068,44093,3975
48070,44095,3975
48071,44096,3975
48072,44097,3975
48074,44099,3975
48076,44100,3976
48077,44101,3976
48078,44102,3976
48079,44103,3976
48081,44104,3977
48082,44105,3977
48083,44106,3977
48084,44107,3977
48085,44108,3977
48086,44109,3977
48087,44110,3977
48088,44111,3977
48089,44112,3977
48091,44114,3977
48092,44115,3977
48093,44116,3977
48095,44118,3977
48096,44118,3978
48097,44119,3978
48098,44120,3978
48099,44121,3978
48100,44122,3978
48101,44123,3978
48102,44124,3978
48103,44124,3979
48104,44125,3979
48105,44126,3979
48107,44128,3979
48108,44129,3979
48109,44130,3979
48111,44132,3979
48112,44133,3979
48113,44134,3979
48115,44136,3979
48117,44137,3980
48118,44138,3980
48119,44139,3980
48120,44140,3980
48122,44141,3981
48123,44142,3981
48124,44143,3981
48125,44144,3981
48126,44145,3981
48127,44146,3981
48128,44147,3981
48129,44148,3981
48130,44149,3981
48132,44151,3981
48133,44152,3981
48134,44153,3981
48136,44155,3981
48137,44155,3982
48138,44156,3982
48139,44157,3982
48140,44158,3982
48141,44159,3982
48142,44160,3982
48143,44161,3982
48144,44161,3983
48145,44162,3983
48146,44163,3983
48148,44165,3983
48149,44166,3983
48150,44167,3983
48152,44169,3983
48153,44170,3983
48154,44171,3983
48156,44173,3983
48158,44174,3984
48159,44175,3984
48160,44176,3984
48161,44177,3984
48163,44178,3985
48164,44179,3985
48165,44180,3985
48166,44181,3985
48167,44182,3985
48168,44183,3985
48169,44184,3985
48170,44185,3985
48171,44186,3985
48173,44188,3985
48174,44189,3985
48175,44190,3985
48177,44192,3985
48178,44192,3986
48179,44193,3986
48180,44194,3986
48181,44195,3986
48182,44196,3986
48183,44197,3986
48184,44198,3986
48185,44198,3987
48186,44199,3987
48187,44200,3987
48189,44202,3987
48190,44203,3987
48191,44204,3987
48193,44206,3987
48194,44207,3987
48195,44208,3987
48197,44210,3987
48199,44211,3988
48200,44212,3988
48201,44213,3988
48202,44214,3988
48204,44215,3989
48205,44216,3989
48206,44217,3989
48207,44218,3989
48208,44219,3989
48209,44220,3989
48210,44221,3989
48211,44222,3989
48212,44223,3989
48214,44225,3989
48215,44226,3989
48216,44227,3989
48218,44229,3989
48219,44229,3990
48220,44230,3990
48221,44231,3990
48222,44232,3990
48223,44233,3990
48224,44234,3990
48225,44235,3990
48226,44235,3991
48227,44236,3991
48228,44237,3991
48230,44239,3991
48231,44240,3991
48232,44241,3991
48234,44243,3991
48235,44244,3991
48236,44245,3991
48238,44247,3991
48240,44248,3992
48241,44249,3992
48242,44250,3992
48243,44251,3992
48245,44252,3993
48246,44253,3993
48247,44254,3993
48248,44255,3993
48249,44256,3993
48250,44257,3993
48251,44258,3993
48252,44259,3993
48253,44260,3993
48255,44262,3993
48256,44263,3993
48257,44264,3993
48259,44266,3993
48260,44266,3994
48261,44267,3994
48262,44268,3994
48263,44269,3994
48264,44270,3994
48265,44271,3994
48266,44272,3994
48267,44272,3995
48268,44273,3995
48269,44274,3995
48271,44276,3995
48272,44277,3995
48273,44278,3995
48275,44280,3995
48276,44281,3995
48277,44282,3995
48279,44284,3995
48281,44285,3996
48282,44286,3996
48283,44287,3996
48284,44288,3996
48286,44289,3997
48287,44290,3997
48288,44291,3997
48289,44292,3997
48290,44293,3997
48291,44294,3997
48292,44295,3997
48293,44296,3997
48294,44297,3997
48296,44299,3997
48297,44300,3997
48298,44301,3997
48300,44303,3997
48301,44303,3998
48302,44304,3998
48303,44305,3998
48304,44306,3998
48306,44306,4000
48307,44307,4000
48308,44308,4000
48309,44308,4001
48310,44309,4001
48311,44310,4001
48313,44312,4001
48314,44313,4001
48315,44314,4001
48317,44316,4001
48318,44317,4001
48319,44318,4001
48321,44320,4001
48323,44321,4002
48324,44322,4002
48325,44323,4002
48326,44324,4002
48327,44325,4002
48328,44326,4002
48329,44327,4002
48330,44328,4002
48331,44329,4002
48332,44330,4002
48333,44331,4002
48334,44332,4002
48335,44333,4002
48337,44335,4002
48338,44336,4002
48339,44337,4002
48341,44339,4002
48342,44339,4003
48343,44340,4003
48344,44341,4003
48345,44342,4003
48347,44343,4004
48348,44344,4004
48349,44345,4004
48350,44345,4005
48351,44346,4005
48352,44347,4005
48354,44349,4005
48355,44350,4005
48356,44351,4005
48358,44353,4005
48359,44354,4005
48360,44355,4005
48362,44357,4005
48364,44358,4006
48365,44359,4006
48366,44360,4006
48367,44361,4006
48368,44362,4006
48369,44363,4006
48370,44364,4006
48371,44365,4006
48372,44366,4006
48373,44367,4006
48374,44368,4006
48375,44369,4006
48376,44370,4006
48378,44372,4006
48379,44373,4006
48380,44374,4006
48382,44376,4006
48383,44376,4007
48384,44377,4007
48385,44378,4007
48386,44379,4007
48388,44380,4008
48389,44381,4008
48390,44382,4008
48391,44382,4009
48392,44383,4009
48393,44384,4009
48395,44386,4009
48396,44387,4009
48397,44388,4009
48399,44390,4009
48400,44391,4009
48401,44392,4009
48403,44394,4009
48405,44395,4010
48406,44396,4010
48407,44397,4010
48408,44398,4010
48409,44399,4010
48410,44400,4010
48411,44401,4010
48412,44402,4010
48413,44403,4010
48414,44404,4010
48415,44405,4010
48416,44406,4010
48417,44407,4010
48419,44409,4010
48420,44410,4010
48421,44411,4010
48423,44413,4010
48424,44413,4011
48425,44414,4011
48426,44415,4011
48427,44416,4011
48429,44417,4012
48430,44418,4012
48431,44419,4012
48432,44419,4013
48433,44420,4013
48434,44421,4013
48436,44423,4013
48437,44424,4013
48438,44425,4013
48440,44427,4013
48441,44428,4013
48442,44429,4013
48444,44431,4013
48446,44432,4014
48447,44433,4014
48448,44434,4014
48449,44435,4014
48451,44435,4016
48452,44436,4016
48453,44437,4016
48454,44438,4016
48455,44439,4016
48456,44440,4016
48457,44441,4016
48458,44442,4016
48459,44443,4016
48461,44445,4016
48462,44446,4016
48463,44447,4016
48465,44449,4016
48466,44449,4017
48467,44450,4017
48468,44451,4017
48469,44452,4017
48471,44452,4019
48472,44453,4019
48473,44454,4019
48474,44454,4020
48475,44455,4020
48476,44456,4020
48478,44458,4020
48479,44459,4020
48480,44460,4020
48482,44462,4020
48483,44463,4020
48484,44464,4020
48486,44466,4020
48488,44467,4021
48489,44468,4021
48490,44469,4021
48491,44470,4021
48492,44470,4022
48493,44471,4022
48494,44472,4022
48495,44473,4022
48496,44474,4022
48497,44475,4022
48498,44476,4022
48499,44477,4022
48500,44478,4022
48502,44480,4022
48503,44481,4022
48504,44482,4022
48506,44484,4022
48507,44484,4023
48508,44485,4023
48509,44486,4023
48510,44487,4023
48511,44487,4024
48512,44488,4024
48513,44489,4024
48514,44489,4025
48515,44490,4025
48516,44491,4025
48518,44493,4025
48519,44494,4025
48520,44495,4025
48522,44497,4025
48523,44498,4025
48524,44499,4025
48526,44501,4025
48528,44502,4026
48529,44503,4026
48530,44504,4026
48531,44505,4026
48532,44505,4027
48533,44506,4027
48534,44507,4027
48535,44508,4027
48536,44509,4027
48537,44510,4027
48538,44511,4027
48539,44512,4027
48540,44513,4027
48542,44515,4027
48543,44516,4027
48544,44517,4027
48546,44519,4027
48547,44519,4028
48548,44520,4028
48549,44521,4028
48550,44522,4028
48552,44523,4029
48553,44524,4029
48554,44525,4029
48555,44525,4030
48556,44526,4030
48557,44527,4030
48559,44529,4030
48560,44530,4030
48561,44531,4030
48563,44533,4030
48564,44534,4030
48565,44535,4030
48567,44537,4030
48569,44538,4031
48570,44539,4031
48571,44540,4031
48572,44541,4031
48573,44541,4032
48574,44542,4032
48575,44543,4032
48576,44544,4032
48577,44545,4032
48578,44546,4032
48579,44547,4032
48580,44548,4032
48581,44549,4032
48583,44551,4032
48584,44552,4032
48585,44553,4032
48587,44555,4032
48588,44555,4033
48589,44556,4033
48590,44557,4033
48591,44558,4033
48592,44558,4034
48593,44559,4034
48594,44560,4034
48595,44560,4035
48596,44561,4035
48597,44562,4035
48599,44564,4035
48600,44565,4035
48601,44566,4035
48603,44568,4035
48604,44569,4035
48605,44570,4035
48607,44572,4035
48609,44573,4036
48610,44574,4036
48611,44575,4036
48612,44576,4036
48613,44576,4037
48614,44577,4037
48615,44578,4037
48616,44579,4037
48617,44580,4037
48618,44581,4037
48619,44582,4037
48620,44583,4037
48621,44584,4037
48623,44586,4037
48624,44587,4037
48625,44588,4037
48627,44590,4037
48628,44590,4038
48629,44591,4038
48630,44592,4038
48631,44593,4038
48632,44593,4039
48633,44594,4039
48634,44595,4039
48635,44595,4040
48636,44596,4040
48637,44597,4040
48639,44599,4040
48640,44600,4040
48641,44601,4040
48643,44603,4040
48644,44604,4040
48645,44605,4040
48647,44607,4040
48649,44608,4041
48650,44609,4041
48651,44610,4041
48652,44611,4041
48654,44612,4042
48655,44613,4042
48656,44614,4042
48657,44615,4042
48658,44616,4042
48659,44617,4042
48660,44618,4042
48661,44619,4042
48662,44620,4042
48664,44622,4042
48665,44623,4042
48666,44624,4042
48668,44626,4042
48669,44626,4043
48670,44627,4043
48671,44628,4043
48672,44629,4043
48673,44629,4044
48674,44630,4044
48675,44631,4044
48676,44631,4045
48677,44632,4045
48678,44633,4045
48680,44635,4045
48681,44636,4045
48682,44637,4045
48684,44639,4045
48685,44640,4045
48686,44641,4045
48688,44643,4045
48690,44644,4046
48691,44645,4046
48692,44646,4046
48693,44647,4046
48694,44647,4047
48695,44648,4047
48696,44649,4047
48697,44650,4047
48698,44651,4047
48699,44652,4047
48700,44653,4047
48701,44654,4047
48702,44655,4047
48704,44657,4047
48705,44658,4047
48706,44659,4047
48708,44661,4047
48709,44661,4048
48710,44662,4048
48711,44663,4048
48712,44664,4048
48713,44664,4049
48714,44665,4049
48715,44666,4049
48716,44666,4050
48717,44667,4050
48718,44668,4050
48720,44670,4050
48721,44671,4050
48722,44672,4050
48724,44674,4050
48725,44675,4050
48726,44676,4050
48728,44678,4050
48730,44679,4051
48731,44680,4051
48732,44681,4051
48733,44682,4051
48734,44682,4052
48735,44683,4052
48736,44684,4052
48737,44685,4052
48738,44686,4052
48739,44687,4052
48740,44688,4052
48741,44689,4052
48742,44690,4052
48744,44692,4052
48745,44693,4052
48746,44694,4052
48748,44696,4052
48749,44696,4053
48750,44697,4053
48751,44698,4053
48752,44699,4053
48753,44699,4054
48754,44700,4054
48755,44701,4054
48756,44701,4055
48757,44702,4055
48758,44703,4055
48760,44705,4055
48761,44706,4055
48762,44707,4055
48764,44709,4055
48765,44710,4055
48766,44711,4055
48768,44713,4055
48770,44714,4056
48771,44715,4056
48772,44716,4056
48773,44717,4056
48774,44717,4057
48775,44718,4057
48776,44719,4057
48777,44720,4057
48778,44721,4057
48779,44722,4057
48780,44723,4057
48781,44724,4057
48782,44725,4057
48784,44727,4057
48785,44728,4057
48786,44729,4057
48788,44731,4057
48789,44731,4058
48790,44732,4058
48791,44733,4058
48792,44734,4058
48793,44734,4059
48794,44735,4059
48795,44736,4059
48796,44736,4060
48797,44737,4060
48798,44738,4060
48800,44740,4060
48801,44741,4060
48802,44742,4060
48804,44744,4060
48805,44745,4060
48806,44746,4060
48808,44748,4060
48810,44749,4061
48811,44750,4061
48812,44751,4061
48813,44752,4061
48814,44752,4062
48815,44753,4062
48816,44754,4062
48817,44755,4062
48818,44756,4062
48819,44757,4062
48820,44758,4062
48821,44759,4062
48822,44760,4062
48824,44762,4062
48825,44763,4062
48826,44764,4062
48828,44766,4062
48829,44766,4063
48830,44767,4063
48831,44768,4063
48832,44769,4063
48833,44769,4064
48834,44770,4064
48835,44771,4064
48836,44771,4065
48837,44772,4065
48838,44773,4065
48840,44775,4065
48841,44776,4065
48842,44777,4065
48844,44779,4065
48845,44780,4065
48846,44781,4065
48848,44783,4065
48850,44784,4066
48851,44785,4066
48852,44786,4066
48853,44787,4066
48854,44787,4067
48855,44788,4067
48856,44789,4067
48857,44790,4067
48858,44791,4067
48859,44792,4067
48860,44793,4067
48861,44794,4067
48862,44795,4067
48864,44797,4067
48865,44798,4067
48866,44799,4067
48868,44801,4067
48869,44801,4068
48870,44802,4068
48871,44803,4068
48872,44804,4068
48873,44804,4069
48874,44805,4069
48875,44806,4069
48876,44806,4070
48877,44807,4070
48878,44808,4070
48880,44810,4070
48881,44811,4070
48882,44812,4070
48884,44814,4070
48885,44815,4070
48886,44816,4070
48888,44818,4070
48890,44819,4071
48891,44820,4071
48892,44821,4071
48893,44822,4071
48894,44822,4072
48895,44823,4072
48896,44824,4072
48897,44825,4072
48898,44826,4072
48899,44827,4072
48900,44828,4072
48901,44829,4072
48902,44830,4072
48904,44832,4072
48905,44833,4072
48906,44834,4072
48908,44836,4072
48909,44836,4073
48910,44837,4073
48911,44838,4073
48912,44839,4073
48914,44840,4074
48915,44841,4074
48916,44842,4074
48917,44842,4075
48918,44843,4075
48919,44844,4075
48921,44846,4075
48922,44847,4075
48923,44848,4075
48925,44850,4075
48926,44851,4075
48927,44852,4075
48929,44854,4075
48931,44855,4076
48932,44856,4076
48933,44857,4076
48934,44858,4076
48935,44859,4076
48936,44860,4076
48937,44861,4076
48938,44862,4076
48939,44863,4076
48940,44864,4076
48941,44865,4076
48942,44866,4076
48943,44867,4076
48945,44869,4076
48946,44870,4076
48947,44871,4076
48949,44873,4076
48950,44873,4077
48951,44874,4077
48952,44875,4077
48953,44876,4077
48955,44877,4078
48956,44878,4078
48957,44879,4078
48958,44879,4079
48959,44880,4079
48960,44881,4079
48962,44883,4079
48963,44884,4079
48964,44885,4079
48966,44887,4079
48967,44888,4079
48968,44889,4079
48970,44891,4079
48972,44892,4080
48973,44893,4080
48974,44894,4080
48975,44895,4080
48976,44896,4080
48977,44897,4080
48978,44898,4080
48979,44899,4080
48980,44900,4080
48981,44901,4080
48982,44902,4080
48983,44903,4080
48984,44904,4080
48986,44906,4080
48987,44907,4080
48988,44908,4080
48990,44910,4080
48991,44910,4081
48992,44911,4081
48993,44912,4081
48994,44913,4081
48995,44913,4082
48996,44914,4082
48997,44915,4082
48998,44915,4083
48999,44916,4083
49000,44917,4083
49002,44919,4083
49003,44920,4083
49004,44921,4083
49006,44923,4083
49007,44924,4083
49008,44925,4083
49010,44927,4083
49012,44928,4084
49013,44929,4084
49014,44930,4084
49015,44931,4084
49017,44932,4085
49018,44933,4085
49019,44934,4085
49020,44935,4085
49021,44936,4085
49022,44937,4085
49023,44938,4085
49024,44939,4085
49025,44940,4085
49027,44942,4085
49028,44943,4085
49029,44944,4085
49031,44946,4085
49032,44946,4086
49033,44947,4086
49034,44948,4086
49035,44949,4086
49036,44950,4086
49037,44951,4086
49038,44952,4086
49039,44952,4087
49040,44953,4087
49041,44954,4087
49043,44956,4087
49044,44957,4087
49045,44958,4087
49047,44960,4087
49048,44961,4087
49049,44962,4087
49051,44964,4087
49053,44965,4088
49054,44966,4088
49055,44967,4088
49056,44968,4088
49058,44969,4089
49059,44970,4089
49060,44971,4089
49061,44972,4089
49062,44973,4089
49063,44974,4089
49064,44975,4089
49065,44976,4089
49066,44977,4089
49068,44979,4089
49069,44980,4089
49070,44981,4089
49072,44983,4089
49073,44983,4090
49074,44984,4090
49075,44985,4090
49076,44986,4090
49077,44987,4090
49078,44988,4090
49079,44989,4090
49080,44989,4091
49081,44990,4091
49082,44991,4091
49084,44993,4091
49085,44994,4091
49086,44995,4091
49088,44997,4091
49089,44998,4091
49090,44999,4091
49092,45001,4091
49094,45002,4092
49095,45003,4092
49096,45004,4092
49097,45005,4092
49098,45005,4093
49099,45006,4093
49100,45007,4093
49101,45008,4093
49102,45009,4093
49103,45010,4093
49104,45011,4093
49105,45012,4093
49106,45013,4093
49108,45015,4093
49109,45016,4093
49110,45017,4093
49112,45019,4093
49113,45019,4094
49114,45020,4094
49115,45021,4094
49116,45022,4094
49118,45023,4095
49119,45024,4095
49120,45025,4095
49121,45025,4096
49122,45026,4096
49123,45027,4096
49125,45029,4096
49126,45030,4096
49127,45031,4096
49129,45033,4096
49130,45034,4096
49131,45035,4096
49133,45037,4096
49135,45038,4097
49136,45039,4097
49137,45040,4097
49138,45041,4097
49139,45042,4097
49140,45043,4097
49141,45044,4097
49142,45045,4097
49143,45046,4097
49144,45047,4097
49145,45048,4097
49146,45049,4097
49147,45050,4097
49149,45052,4097
49150,45053,4097
49151,45054,4097
49153,45056,4097
49154,45056,4098
49155,45057,4098
49156,45058,4098
49157,45059,4098
49159,45060,4099
49160,45061,4099
49161,45062,4099
49162,45062,4100
49163,45063,4100
49164,45064,4100
49166,45066,4100
49167,45067,4100
49168,45068,4100
49170,45070,4100
49171,45071,4100
49172,45072,4100
49174,45074,4100
49176,45075,4101
49177,45076,4101
49178,45077,4101
49179,45078,4101
49180,45079,4101
49181,45080,4101
49182,45081,4101
49183,45082,4101
49184,45083,4101
49185,45084,4101
49186,45085,4101
49187,45086,4101
49188,45087,4101
49190,45089,4101
49191,45090,4101
49192,45091,4101
49194,45093,4101
49195,45093,4102
49196,45094,4102
49197,45095,4102
49198,45096,4102
49200,45097,4103
49201,45098,4103
49202,45099,4103
49203,45099,4104
49204,45100,4104
49205,45101,4104
49207,45103,4104
49208,45104,4104
49209,45105,4104
49211,45107,4104
49212,45108,4104
49213,45109,4104
49215,45111,4104
49217,45112,4105
49218,45113,4105
49219,45114,4105
49220,45115,4105
49222,45115,4107
49223,45116,4107
49224,45117,4107
49225,45118,4107
49226,45119,4107
49227,45120,4107
49228,45121,4107
49229,45122,4107
49230,45123,4107
49232,45125,4107
49233,45126,4107
49234,45127,4107
49236,45129,4107
49237,45129,4108
49238,45130,4108
49239,45131,4108
49240,45132,4108
49242,45133,4109
49243,45134,4109
49244,45135,4109
49245,45135,4110
49246,45136,4110
49247,45137,4110
49249,45139,4110
49250,45140,4110
49251,45141,4110
49253,45143,4110
49254,45144,4110
49255,45145,4110
49257,45147,4110
49259,45148,4111
49260,45149,4111
49261,45150,4111
49262,45151,4111
49263,45151,4112
49264,45152,4112
49265,45153,4112
49266,45154,4112
49267,45155,4112
49268,45156,4112
49269,45157,4112
49270,45158,4112
49271,45159,4112
49273,45161,4112
49274,45162,4112
49275,45163,4112
49277,45165,4112
49278,45165,4113
49279,45166,4113
49280,45167,4113
49281,45168,4113
49283,45169,4114
49284,45170,4114
49285,45171,4114
49286,45171,4115
49287,45172,4115
49288,45173,4115
49290,45175,4115
49291,45176,4115
49292,45177,4115
49294,45179,4115
49295,45180,4115
49296,45181,4115
49298,45183,4115
49300,45184,4116
49301,45185,4116
49302,45186,4116
49303,45187,4116
49304,45188,4116
49305,45189,4116
49306,45190,4116
49307,45191,4116
49308,45192,4116
49309,45193,4116
49310,45194,4116
49311,45195,4116
49312,45196,4116
49314,45198,4116
49315,45199,4116
49316,45200,4116
49318,45202,4116
49319,45202,4117
49320,45203,4117
49321,45204,4117
49322,45205,4117
49324,45206,4118
49325,45207,4118
49326,45208,4118
49327,45208,4119
49328,45209,4119
49329,45210,4119
49331,45212,4119
49332,45213,4119
49333,45214,4119
49335,45216,4119
49336,45217,4119
49337,45218,4119
49339,45220,4119
49341,45221,4120
49342,45222,4120
49343,45223,4120
49344,45224,4120
49345,45225,4120
49346,45226,4120
49347,45227,4120
49348,45228,4120
49349,45229,4120
49350,45230,4120
49351,45231,4120
49352,45232,4120
49353,45233,4120
49355,45235,4120
49356,45236,4120
49357,45237,4120
49359,45239,4120
49360,45239,4121
49361,45240,4121
49362,45241,4121
49363,45242,4121
49365,45243,4122
49366,45244,4122
49367,45245,4122
49368,45245,4123
49369,45246,4123
49370,45247,4123
49372,45249,4123
49373,45250,4123
49374,45251,4123
49376,45253,4123
49377,45254,4123
49378,45255,4123
49380,45257,4123
49382,45258,4124
49383,45259,4124
49384,45260,4124
49385,45261,4124
49386,45261,4125
49387,45262,4125
49388,45263,4125
49389,45264,4125
49390,45265,4125
49391,45266,4125
49392,45267,4125
49393,45268,4125
49394,45269,4125
49396,45271,4125
49397,45272,4125
49398,45273,4125
49400,45275,4125
49401,45275,4126
49402,45276,4126
49403,45277,4126
49404,45278,4126
49406,45279,4127
49407,45280,4127
49408,45281,4127
49409,45281,4128
49410,45282,4128
49411,45283,4128
49413,45285,4128
49414,45286,4128
49415,45287,4128
49417,45289,4128
49418,45290,4128
49419,45291,4128
49421,45293,4128
49423,45294,4129
49424,45295,4129
49425,45296,4129
49426,45297,4129
49427,45298,4129
49428,45299,4129
49429,45300,4129
49430,45301,4129
49431,45302,4129
49432,45303,4129
49433,45304,4129
49434,45305,4129
49435,45306,4129
49437,45308,4129
49438,45309,4129
49439,45310,4129
49441,45312,4129
49442,45312,4130
49443,45313,4130
49444,45314,4130
49445,45315,4130
49447,45316,4131
49448,45317,4131
49449,45318,4131
49450,45318,4132
49451,45319,4132
49452,45320,4132
49454,45322,4132
49455,45323,4132
49456,45324,4132
49458,45326,4132
49459,45327,4132
49460,45328,4132
49462,45330,4132
49464,45331,4133
49465,45332,4133
49466,45333,4133
49467,45334,4133
49468,45335,4133
49469,45336,4133
49470,45337,4133
49471,45338,4133
49472,45339,4133
49473,45340,4133
49474,45341,4133
49475,45342,4133
49476,45343,4133
49478,45345,4133
49479,45346,4133
49480,45347,4133
49482,45349,4133
49483,45349,4134
49484,45350,4134
49485,45351,4134
49486,45352,4134
49488,45353,4135
49489,45354,4135
49490,45355,4135
49491,45355,4136
49492,45356,4136
49493,45357,4136
49495,45359,4136
49496,45360,4136
49497,45361,4136
49499,45363,4136
49500,45364,4136
49501,45365,4136
49503,45367,4136
49505,45368,4137
49506,45369,4137
49507,45370,4137
49508,45371,4137
49509,45372,4137
49510,45373,4137
49511,45374,4137
49512,45375,4137
49513,45376,4137
49514,45377,4137
49515,45378,4137
49516,45379,4137
49517,45380,4137
49519,45382,4137
49520,45383,4137
49521,45384,4137
49523,45386,4137
49524,45386,4138
49525,45387,4138
49526,45388,4138
49527,45389,4138
49529,45390,4139
49530,45391,4139
49531,45392,4139
49532,45392,4140
49533,45393,4140
49534,45394,4140
49536,45396,4140
49537,45397,4140
49538,45398,4140
49540,45400,4140
49541,45401,4140
49542,45402,4140
49544,45404,4140
49546,45405,4141
49547,45406,4141
49548,45407,4141
49549,45408,4141
49550,45409,4141
49551,45410,4141
49552,45411,4141
49553,45412,4141
49554,45413,4141
49555,45414,4141
49556,45415,4141
49557,45416,4141
49558,45417,4141
49560,45419,4141
49561,45420,4141
49562,45421,4141
49564,45423,4141
49565,45423,4142
49566,45424,4142
49567,45425,4142
49568,45426,4142
49570,45427,4143
49571,45428,4143
49572,45429,4143
49573,45429,4144
49574,45430,4144
49575,45431,4144
49577,45433,4144
49578,45434,4144
49579,45435,4144
49581,45437,4144
49582,45438,4144
49583,45439,4144
49585,45441,4144
49587,45442,4145
49588,45443,4145
49589,45444,4145
49590,45445,4145
49591,45445,4146
49592,45446,4146
49593,45447,4146
49594,45448,4146
49595,45449,4146
49596,45450,4146
49597,45451,4146
49598,45452,4146
49599,45453,4146
49601,45455,4146
49602,45456,4146
49603,45457,4146
49605,45459,4146
49606,45459,4147
49607,45460,4147
49608,45461,4147
49609,45462,4147
49611,45463,4148
49612,45464,4148
49613,45465,4148
49614,45465,4149
49615,45466,4149
49616,45467,4149
49618,45469,4149
49619,45470,4149
49620,45471,4149
49622,45473,4149
49623,45474,4149
49624,45475,4149
49626,45477,4149
49628,45478,4150
49629,45479,4150
49630,45480,4150
49631,45481,4150
49632,45482,4150
49633,45483,4150
49634,45484,4150
49635,45485,4150
49636,45486,4150
49637,45487,4150
49638,45488,4150
49639,45489,4150
49640,45490,4150
49642,45492,4150
49643,45493,4150
49644,45494,4150
49646,45496,4150
49647,45496,4151
49648,45497,4151
49649,45498,4151
49650,45499,4151
49652,45500,4152
49653,45501,4152
49654,45502,4152
49655,45502,4153
49656,45503,4153
49657,45504,4153
49659,45506,4153
49660,45507,4153
49661,45508,4153
49663,45510,4153
49664,45511,4153
49665,45512,4153
49667,45514,4153
49669,45515,4154
49670,45516,4154
49671,45517,4154
49672,45518,4154
49673,45519,4154
49674,45520,4154
49675,45521,4154
49676,45522,4154
49677,45523,4154
49678,45524,4154
49679,45525,4154
49680,45526,4154
49681,45527,4154
49683,45529,4154
49684,45530,4154
49685,45531,4154
49687,45533,4154
49688,45533,4155
49689,45534,4155
49690,45535,4155
49691,45536,4155
49693,45537,4156
49694,45538,4156
49695,45539,4156
49696,45539,4157
49697,45540,4157
49698,45541,4157
49700,45543,4157
49701,45544,4157
49702,45545,4157
49704,45547,4157
49705,45548,4157
49706,45549,4157
49708,45551,4157
49710,45552,4158
49711,45553,4158
49712,45554,4158
49713,45555,4158
49714,45555,4159
49715,45556,4159
49716,45557,4159
49717,45558,4159
49718,45559,4159
49719,45560,4159
49720,45561,4159
49721,45562,4159
49722,45563,4159
49724,45565,4159
49725,45566,4159
49726,45567,4159
49728,45569,4159
49729,45569,4160
49730,45570,4160
49731,45571,4160
49732,45572,4160
49734,45573,4161
49735,45574,4161
49736,45575,4161
49737,45575,4162
49738,45576,4162
49739,45577,4162
49741,45579,4162
49742,45580,4162
49743,45581,4162
49745,45583,4162
49746,45584,4162
49747,45585,4162
49749,45587,4162
49751,45588,4163
49752,45589,4163
49753,45590,4163
49754,45591,4163
49755,45592,4163
49756,45593,4163
49757,45594,4163
49758,45595,4163
49759,45596,4163
49760,45597,4163
49761,45598,4163
49762,45599,4163
49763,45600,4163
49765,45602,4163
49766,45603,4163
49767,45604,4163
49769,45606,4163
49770,45606,4164
49771,45607,4164
49772,45608,4164
49773,45609,4164
49775,45610,4165
49776,45611,4165
49777,45612,4165
49778,45612,4166
49779,45613,4166
49780,45614,4166
49782,45616,4166
49783,45617,4166
49784,45618,4166
49786,45620,4166
49787,45621,4166
49788,45622,4166
49790,45624,4166
49792,45625,4167
49793,45626,4167
49794,45627,4167
49795,45628,4167
49796,45629,4167
49797,45630,4167
49798,45631,4167
49799,45632,4167
49800,45633,4167
49801,45634,4167
49802,45635,4167
49803,45636,4167
49804,45637,4167
49806,45639,4167
49807,45640,4167
49808,45641,4167
49810,45643,4167
49811,45643,4168
49812,45644,4168
49813,45645,4168
49814,45646,4168
49816,45647,4169
49817,45648,4169
49818,45649,4169
49819,45649,4170
49820,45650,4170
49821,45651,4170
49823,45653,4170
49824,45654,4170
49825,45655,4170
49827,45657,4170
49828,45658,4170
49829,45659,4170
49831,45661,4170
49833,45662,4171
49834,45663,4171
49835,45664,4171
49836,45665,4171
49837,45665,4172
49838,45666,4172
49839,45667,4172
49840,45668,4172
49841,45669,4172
49842,45670,4172
49843,45671,4172
49844,45672,4172
49845,45673,4172
49847,45675,4172
49848,45676,4172
49849,45677,4172
49851,45679,4172
49852,45679,4173
49853,45680,4173
49854,45681,4173
49855,45682,4173
49857,45683,4174
49858,45684,4174
49859,45685,4174
49860,45685,4175
49861,45686,4175
49862,45687,4175
49864,45689,4175
49865,45690,4175
49866,45691,4175
49868,45693,4175
49869,45694,4175
49870,45695,4175
49872,45697,4175
49874,45698,4176
49875,45699,4176
49876,45700,4176
49877,45701,4176
49878,45702,4176
49879,45703,4176
49880,45704,4176
49881,45705,4176
49882,45706,4176
49883,45707,4176
49884,45708,4176
49885,45709,4176
49886,45710,4176
49888,45712,4176
49889,45713,4176
49890,45714,4176
49892,45716,4176
49893,45716,4177
49894,45717,4177
49895,45718,4177
49896,45719,4177
49898,45720,4178
49899,45721,4178
49900,45722,4178
49901,45722,4179
49902,45723,4179
49903,45724,4179
49905,45726,4179
49906,45727,4179
49907,45728,4179
49909,45730,4179
49910,45731,4179
49911,45732,4179
49913,45734,4179
49915,45735,4180
49916,45736,4180
49917,45737,4180
49918,45738,4180
49919,45739,4180
49920,45740,4180
49921,45741,4180
49922,45742,4180
49923,45743,4180
49924,45744,4180
49925,45745,4180
49926,45746,4180
49927,45747,4180
49929,45749,4180
49930,45750,4180
49931,45751,4180
49933,45753,4180
49934,45753,4181
49935,45754,4181
49936,45755,4181
49937,45756,4181
49939,45757,4182
49940,45758,4182
49941,45759,4182
49942,45759,4183
49943,45760,4183
49944,45761,4183
49946,45763,4183
49947,45764,4183
49948,45765,4183
49950,45767,4183
49951,45768,4183
49952,45769,4183
49954,45771,4183
49956,45772,4184
49957,45773,4184
49958,45774,4184
49959,45775,4184
49960,45775,4185
49961,45776,4185
49962,45777,4185
49963,45778,4185
49964,45779,4185
49965,45780,4185
49966,45781,4185
49967,45782,4185
49968,45783,4185
49970,45785,4185
49971,45786,4185
49972,45787,4185
49974,45789,4185
49975,45789,4186
49976,45790,4186
49977,45791,4186
49978,45792,4186
49980,45793,4187
49981,45794,4187
49982,45795,4187
49983,45795,4188
49984,45796,4188
49985,45797,4188
49987,45799,4188
49988,45800,4188
49989,45801,4188
49991,45803,4188
49992,45804,4188
49993,45805,4188
49995,45807,4188
49997,45808,4189
49998,45809,4189
49999,45810,4189
50000,45811,4189
50001,45812,4189
50002,45813,4189
50003,45814,4189
50004,45815,4189
50005,45816,4189
50006,45817,4189
50007,45818,4189
50008,45819,4189
50009,45820,4189
50011,45822,4189
50012,45823,4189
50013,45824,4189
50015,45826,4189
50016,45826,4190
50017,45827,4190
50018,45828,4190
50019,45829,4190
50021,45830,4191
50022,45831,4191
50023,45832,4191
50024,45832,4192
50025,45833,4192
50026,45834,4192
50028,45836,4192
50029,45837,4192
50030,45838,4192
50032,45840,4192
50033,45841,4192
50034,45842,4192
50036,45844,4192
50038,45845,4193
50039,45846,4193
50040,45847,4193
50041,45848,4193
50042,45849,4193
50043,45850,4193
50044,45851,4193
50045,45852,4193
50046,45853,4193
50047,45854,4193
50048,45855,4193
50049,45856,4193
50050,45857,4193
50052,45859,4193
50053,45860,4193
50054,45861,4193
50056,45863,4193
50057,45863,4194
50058,45864,4194
50059,45865,4194
50060,45866,4194
50061,45866,4195
50062,45867,4195
50063,45868,4195
50064,45868,4196
50065,45869,4196
50066,45870,4196
50068,45872,4196
50069,45873,4196
50070,45874,4196
50072,45876,4196
50073,45877,4196
50074,45878,4196
50076,45880,4196
50078,45881,4197
50079,45882,4197
50080,45883,4197
50081,45884,4197
50083,45885,4198
50084,45886,4198
50085,45887,4198
50086,45888,4198
50087,45889,4198
50088,45890,4198
50089,45891,4198
50090,45892,4198
50091,45893,4198
50093,45895,4198
50094,45896,4198
50095,45897,4198
50097,45899,4198
50098,45899,4199
50099,45900,4199
50100,45901,4199
50101,45902,4199
50102,45903,4199
50103,45904,4199
50104,45905,4199
50105,45905,4200
50106,45906,4200
50107,45907,4200
50109,45909,4200
50110,45910,4200
50111,45911,4200
50113,45913,4200
50114,45914,4200
50115,45915,4200
50117,45917,4200
50119,45918,4201
50120,45919,4201
50121,45920,4201
50122,45921,4201
50124,45922,4202
50125,45923,4202
50126,45924,4202
50127,45925,4202
50128,45926,4202
50129,45927,4202
50130,45928,4202
50131,45929,4202
50132,45930,4202
50134,45932,4202
50135,45933,4202
50136,45934,4202
50138,45936,4202
50139,45936,4203
50140,45937,4203
50141,45938,4203
50142,45939,4203
50143,45940,4203
50144,45941,4203
50145,45942,4203
50146,45942,4204
50147,45943,4204
50148,45944,4204
50150,45946,4204
50151,45947,4204
50152,45948,4204
50154,45950,4204
50155,45951,4204
50156,45952,4204
50158,45954,4204
50160,45955,4205
50161,45956,4205
50162,45957,4205
50163,45958,4205
50164,45958,4206
50165,45959,4206
50166,45960,4206
50167,45961,4206
50168,45962,4206
50169,45963,4206
50170,45964,4206
50171,45965,4206
50172,45966,4206
50174,45968,4206
50175,45969,4206
50176,45970,4206
50178,45972,4206
50179,45972,4207
50180,45973,4207
50181,45974,4207
50182,45975,4207
50184,45976,4208
50185,45977,4208
50186,45978,4208
50187,45978,4209
50188,45979,4209
50189,45980,4209
50191,45982,4209
50192,45983,4209
50193,45984,4209
50195,45986,4209
50196,45987,4209
50197,45988,4209
50199,45990,4209
50201,45991,4210
50202,45992,4210
50203,45993,4210
50204,45994,4210
50205,45995,4210
50206,45996,4210
50207,45997,4210
50208,45998,4210
50209,45999,4210
50210,46000,4210
50211,46001,4210
50212,46002,4210
50213,46003,4210
50215,46005,4210
50216,46006,4210
50217,46007,4210
50219,46009,4210
50220,46009,4211
50221,46010,4211
50222,46011,4211
50223,46012,4211
50225,46013,4212
50226,46014,4212
50227,46015,4212
50228,46015,4213
50229,46016,4213
50230,46017,4213
50232,46019,4213
50233,46020,4213
50234,46021,4213
50236,46023,4213
50237,46024,4213
50238,46025,4213
50240,46027,4213
50242,46028,4214
50243,46029,4214
50244,46030,4214
50245,46031,4214
50246,46032,4214
50247,46033,4214
50248,46034,4214
50249,46035,4214
50250,46036,4214
50251,46037,4214
50252,46038,4214
50253,46039,4214
50254,46040,4214
50256,46042,4214
50257,46043,4214
50258,46044,4214
50260,46046,4214
50261,46046,4215
50262,46047,4215
50263,46048,4215
50264,46049,4215
50266,46050,4216
50267,46051,4216
50268,46052,4216
50269,46052,4217
50270,46053,4217
50271,46054,4217
50273,46056,4217
50274,46057,4217
50275,46058,4217
50277,46060,4217
50278,46061,4217
50279,46062,4217
50281,46064,4217
50283,46065,4218
50284,46066,4218
50285,46067,4218
50286,46068,4218
50287,46068,4219
50288,46069,4219
50289,46070,4219
50290,46071,4219
50291,46072,4219
50292,46073,4219
50293,46074,4219
50294,46075,4219
50295,46076,4219
50297,46078,4219
50298,46079,4219
50299,46080,4219
50301,46082,4219
50302,46082,4220
50303,46083,4220
50304,46084,4220
50305,46085,4220
50307,46086,4221
50308,46087,4221
50309,46088,4221
50310,46088,4222
50311,46089,4222
50312,46090,4222
50314,46092,4222
50315,46093,4222
50316,46094,4222
50318,46096,4222
50319,46097,4222
50320,46098,4222
50322,46100,4222
50324,46101,4223
50325,46102,4223
50326,46103,4223
50327,46104,4223
50328,46105,4223
50329,46106,4223
50330,46107,4223
50331,46108,4223
50332,46109,4223
50333,46110,4223
50334,46111,4223
50335,46112,4223
50336,46113,4223
50338,46115,4223
50339,46116,4223
50340,46117,4223
50342,46119,4223
50343,46119,4224
50344,46120,4224
50345,46121,4224
50346,46122,4224
50348,46123,4225
50349,46124,4225
50350,46125,4225
50351,46125,4226
50352,46126,4226
50353,46127,4226
50355,46129,4226
50356,46130,4226
50357,46131,4226
50359,46133,4226
50360,46134,4226
50361,46135,4226
50363,46137,4226
50365,46138,4227
50366,46139,4227
50367,46140,4227
50368,46141,4227
50369,46142,4227
50370,46143,4227
50371,46144,4227
50372,46145,4227
50373,46146,4227
50374,46147,4227
50375,46148,4227
50376,46149,4227
50377,46150,4227
50379,46152,4227
50380,46153,4227
50381,46154,4227
50383,46156,4227
50384,46156,4228
50385,46157,4228
50386,46158,4228
50387,46159,4228
50389,46160,4229
50390,46161,4229
50391,46162,4229
50392,46162,4230
50393,46163,4230
50394,46164,4230
50396,46166,4230
50397,46167,4230
50398,46168,4230
50400,46170,4230
50401,46171,4230
50402,46172,4230
50404,46174,4230
50406,46175,4231
50407,46176,4231
50408,46177,4231
50409,46178,4231
50410,46178,4232
50411,46179,4232
50412,46180,4232
50413,46181,4232
50414,46182,4232
50415,46183,4232
50416,46184,4232
50417,46185,4232
50418,46186,4232
50420,46188,4232
50421,46189,4232
50422,46190,4232
50424,46192,4232
50425,46192,4233
50426,46193,4233
50427,46194,4233
50428,46195,4233
50430,46196,4234
50431,46197,4234
50432,46198,4234
50433,46198,4235
50434,46199,4235
50435,46200,4235
50437,46202,4235
50438,46203,4235
50439,46204,4235
50441,46206,4235
50442,46207,4235
50443,46208,4235
50445,46210,4235
50447,46211,4236
50448,46212,4236
50449,46213,4236
50450,46214,4236
50451,46215,4236
50452,46216,4236
50453,46217,4236
50454,46218,4236
50455,46219,4236
50456,46220,4236
50457,46221,4236
50458,46222,4236
50459,46223,4236
50461,46225,4236
50462,46226,4236
50463,46227,4236
50465,46229,4236
50466,46229,4237
50467,46230,4237
50468,46231,4237
50469,46232,4237
50471,46233,4238
50472,46234,4238
50473,46235,4238
50474,46235,4239
50475,46236,4239
50476,46237,4239
50478,46239,4239
50479,46240,4239
50480,46241,4239
50482,46243,4239
50483,46244,4239
50484,46245,4239
50486,46247,4239
50488,46248,4240
50489,46249,4240
50490,46250,4240
50491,46251,4240
50492,46252,4240
50493,46253,4240
50494,46254,4240
50495,46255,4240
50496,46256,4240
50497,46257,4240
50498,46258,4240
50499,46259,4240
50500,46260,4240
50502,46262,4240
50503,46263,4240
50504,46264,4240
50506,46266,4240
50507,46266,4241
50508,46267,4241
50509,46268,4241
50510,46269,4241
50512,46270,4242
50513,46271,4242
50514,46272,4242
50515,46272,4243
50516,46273,4243
50517,46274,4243
50519,46276,4243
50520,46277,4243
50521,46278,4243
50523,46280,4243
50524,46281,4243
50525,46282,4243
50527,46284,4243
50529,46285,4244
50530,46286,4244
50531,46287,4244
50532,46288,4244
50533,46288,4245
50534,46289,4245
50535,46290,4245
50536,46291,4245
50537,46292,4245
50538,46293,4245
50539,46294,4245
50540,46295,4245
50541,46296,4245
50543,46298,4245
50544,46299,4245
50545,46300,4245
50547,46302,4245
50548,46302,4246
50549,46303,4246
50550,46304,4246
50551,46305,4246
50553,46306,4247
50554,46307,4247
50555,46308,4247
50556,46308,4248
50557,46309,4248
50558,46310,4248
50560,46312,4248
50561,46313,4248
50562,46314,4248
50564,46316,4248
50565,46317,4248
50566,46318,4248
50568,46320,4248
50570,46321,4249
50571,46322,4249
50572,46323,4249
50573,46324,4249
50574,46325,4249
50575,46326,4249
50576,46327,4249
50577,46328,4249
50578,46329,4249
50579,46330,4249
50580,46331,4249
50581,46332,4249
50582,46333,4249
50584,46335,4249
50585,46336,4249
50586,46337,4249
50588,46339,4249
50589,46339,4250
50590,46340,4250
50591,46341,4250
50592,46342,4250
50594,46343,4251
50595,46344,4251
50596,46345,4251
50597,46345,4252
50598,46346,4252
50599,46347,4252
50601,46349,4252
50602,46350,4252
50603,46351,4252
50605,46353,4252
50606,46354,4252
50607,46355,4252
50609,46357,4252
50611,46358,4253
50612,46359,4253
50613,46360,4253
50614,46361,4253
50615,46362,4253
50616,46363,4253
50617,46364,4253
50618,46365,4253
50619,46366,4253
50620,46367,4253
50621,46368,4253
50622,46369,4253
50623,46370,4253
50625,46372,4253
50626,46373,4253
50627,46374,4253
50629,46376,4253
50630,46376,4254
50631,46377,4254
50632,46378,4254
50633,46379,4254
50635,46380,4255
50636,46381,4255
50637,46382,4255
50638,46382,4256
50639,46383,4256
50640,46384,4256
50642,46386,4256
50643,46387,4256
50644,46388,4256
50646,46390,4256
50647,46391,4256
50648,46392,4256
50650,46394,4256
50652,46395,4257
50653,46396,4257
50654,46397,4257
50655,46398,4257
50656,46398,4258
50657,46399,4258
50658,46400,4258
50659,46401,4258
50660,46402,4258
50661,46403,4258
50662,46404,4258
50663,46405,4258
50664,46406,4258
50666,46408,4258
50667,46409,4258
50668,46410,4258
50670,46412,4258
50671,46412,4259
50672,46413,4259
50673,46414,4259
50674,46415,4259
50676,46416,4260
50677,46417,4260
50678,46418,4260
50679,46418,4261
50680,46419,4261
50681,46420,4261
50683,46422,4261
50684,46423,4261
50685,46424,4261
50687,46426,4261
50688,46427,4261
50689,46428,4261
50691,46430,4261
50693,46431,4262
50694,46432,4262
50695,46433,4262
50696,46434,4262
50697,46435,4262
50698,46436,4262
50699,46437,4262
50700,46438,4262
50701,46439,4262
50702,46440,4262
50703,46441,4262
50704,46442,4262
50705,46443,4262
50707,46445,4262
50708,46446,4262
50709,46447,4262
50711,46449,4262
50712,46449,4263
50713,46450,4263
50714,46451,4263
50715,46452,4263
50717,46453,4264
50718,46454,4264
50719,46455,4264
50720,46455,4265
50721,46456,4265
50722,46457,4265
50724,46459,4265
50725,46460,4265
50726,46461,4265
50728,46463,4265
50729,46464,4265
50730,46465,4265
50732,46467,4265
50734,46468,4266
50735,46469,4266
50736,46470,4266
50737,46471,4266
50738,46472,4266
50739,46473,4266
50740,46474,4266
50741,46475,4266
50742,46476,4266
50743,46477,4266
50744,46478,4266
50745,46479,4266
50746,46480,4266
50748,46482,4266
50749,46483,4266
50750,46484,4266
50752,46486,4266
50753,46486,4267
50754,46487,4267
50755,46488,4267
50756,46489,4267
50758,46490,4268
50759,46491,4268
50760,46492,4268
50761,46492,4269
50762,46493,4269
50763,46494,4269
50765,46496,4269
50766,46497,4269
50767,46498,4269
50769,46500,4269
50770,46501,4269
50771,46502,4269
50773,46504,4269
50775,46505,4270
50776,46506,4270
50777,46507,4270
50778,46508,4270
50779,46508,4271
50780,46509,4271
50781,46510,4271
50782,46511,4271
50783,46512,4271
50784,46513,4271
50785,46514,4271
50786,46515,4271
50787,46516,4271
50789,46518,4271
50790,46519,4271
50791,46520,4271
50793,46522,4271
50794,46522,4272
50795,46523,4272
50796,46524,4272
50797,46525,4272
50799,46526,4273
50800,46527,4273
50801,46528,4273
50802,46528,4274
50803,46529,4274
50804,46530,4274
50806,46532,4274
50807,46533,4274
50808,46534,4274
50810,46536,4274
50811,46537,4274
50812,46538,4274
50814,46540,4274
50816,46541,4275
50817,46542,4275
50818,46543,4275
50819,46544,4275
50820,46545,4275
50821,46546,4275
50822,46547,4275
50823,46548,4275
50824,46549,4275
50825,46550,4275
50826,46551,4275
50827,46552,4275
50828,46553,4275
50830,46555,4275
50831,46556,4275
50832,46557,4275
50834,46559,4275
50835,46559,4276
50836,46560,4276
50837,46561,4276
50838,46562,4276
50840,46563,4277
50841,46564,4277
50842,46565,4277
50843,46565,4278
50844,46566,4278
50845,46567,4278
50847,46569,4278
50848,46570,4278
50849,46571,4278
50851,46573,4278
50852,46574,4278
50853,46575,4278
50855,46577,4278
50857,46578,4279
50858,46579,4279
50859,46580,4279
50860,46581,4279
50861,46582,4279
50862,46583,4279
50863,46584,4279
50864,46585,4279
50865,46586,4279
50866,46587,4279
50867,46588,4279
50868,46589,4279
50869,46590,4279
50871,46592,4279
50872,46593,4279
50873,46594,4279
50875,46596,4279
50876,46596,4280
50877,46597,4280
50878,46598,4280
50879,46599,4280
50881,46600,4281
50882,46601,4281
50883,46602,4281
50884,46602,4282
50885,46603,4282
50886,46604,4282
50888,46606,4282
50889,46607,4282
50890,46608,4282
50892,46610,4282
50893,46611,4282
50894,46612,4282
50896,46614,4282
50898,46615,4283
50899,46616,4283
50900,46617,4283
50901,46618,4283
50902,46619,4283
50903,46620,4283
50904,46621,4283
50905,46622,4283
50906,46623,4283
50907,46624,4283
50908,46625,4283
50909,46626,4283
50910,46627,4283
50912,46629,4283
50913,46630,4283
50914,46631,4283
50916,46633,4283
50917,46633,4284
50918,46634,4284
50919,46635,4284
50920,46636,4284
50922,46637,4285
50923,46638,4285
50924,46639,4285
50925,46639,4286
50926,46640,4286
50927,46641,4286
50929,46643,4286
50930,46644,4286
50931,46645,4286
50933,46647,4286
50934,46648,4286
50935,46649,4286
50937,46651,4286
50939,46652,4287
50940,46653,4287
50941,46654,4287
50942,46655,4287
50943,46656,4287
50944,46657,4287
50945,46658,4287
50946,46659,4287
50947,46660,4287
50948,46661,4287
50949,46662,4287
50950,46663,4287
50951,46664,4287
50953,46666,4287
50954,46667,4287
50955,46668,4287
50957,46670,4287
50958,46670,4288
50959,46671,4288
50960,46672,4288
50961,46673,4288
50963,46674,4289
50964,46675,4289
50965,46676,4289
50966,46676,4290
50967,46677,4290
50968,46678,4290
50970,46680,4290
50971,46681,4290
50972,46682,4290
50974,46684,4290
50975,46685,4290
50976,46686,4290
50978,46688,4290
50980,46689,4291
50981,46690,4291
50982,46691,4291
50983,46692,4291
50984,46692,4292
50985,46693,4292
50986,46694,4292
50987,46695,4292
50988,46696,4292
50989,46697,4292
50990,46698,4292
50991,46699,4292
50992,46700,4292
50994,46702,4292
50995,46703,4292
50996,46704,4292
50998,46706,4292
50999,46706,4293
51000,46707,4293
51001,46708,4293
51002,46709,4293
51004,46710,4294
51005,46711,4294
51006,46712,4294
51007,46712,4295
51008,46713,4295
51009,46714,4295
51011,46716,4295
51012,46717,4295
51013,46718,4295
51015,46720,4295
51016,46721,4295
51017,46722,4295
51019,46724,4295
51021,46725,4296
51022,46726,4296
51023,46727,4296
51024,46728,4296
51025,46729,4296
51026,46730,4296
51027,46731,4296
51028,46732,4296
51029,46733,4296
51030,46734,4296
51031,46735,4296
51032,46736,4296
51033,46737,4296
51035,46739,4296
51036,46740,4296
51037,46741,4296
51039,46743,4296
51040,46743,4297
51041,46744,4297
51042,46745,4297
51043,46746,4297
51045,46747,4298
51046,46748,4298
51047,46749,4298
51048,46749,4299
51049,46750,4299
51050,46751,4299
51052,46753,4299
51053,46754,4299
51054,46755,4299
51056,46757,4299
51057,46758,4299
51058,46759,4299
51060,46761,4299
51062,46762,4300
51063,46763,4300
51064,46764,4300
51065,46765,4300
51066,46766,4300
51067,46767,4300
51068,46768,4300
51069,46769,4300
51070,46770,4300
51071,46771,4300
51072,46772,4300
51073,46773,4300
51074,46774,4300
51076,46776,4300
51077,46777,4300
51078,46778,4300
51080,46780,4300
51081,46780,4301
51082,46781,4301
51083,46782,4301
51084,46783,4301
51086,46784,4302
51087,46785,4302
51088,46786,4302
51089,46786,4303
51090,46787,4303
51091,46788,4303
51093,46790,4303
51094,46791,4303
51095,46792,4303
51097,46794,4303
51098,46795,4303
51099,46796,4303
51101,46798,4303
51103,46799,4304
51104,46800,4304
51105,46801,4304
51106,46802,4304
51107,46803,4304
51108,46804,4304
51109,46805,4304
51110,46806,4304
51111,46807,4304
51112,46808,4304
51113,46809,4304
51114,46810,4304
51115,46811,4304
51117,46813,4304
51118,46814,4304
51119,46815,4304
51121,46817,4304
51122,46817,4305
51123,46818,4305
51124,46819,4305
51125,46820,4305
51127,46821,4306
51128,46822,4306
51129,46823,4306
51130,46823,4307
51131,46824,4307
51132,46825,4307
51134,46827,4307
51135,46828,4307
51136,46829,4307
51138,46831,4307
51139,46832,4307
51140,46833,4307
51142,46835,4307
51144,46836,4308
51145,46837,4308
51146,46838,4308
51147,46839,4308
51148,46840,4308
51149,46841,4308
51150,46842,4308
51151,46843,4308
51152,46844,4308
51153,46845,4308
51154,46846,4308
51155,46847,4308
51156,46848,4308
51158,46850,4308
51159,46851,4308
51160,46852,4308
51162,46854,4308
51163,46854,4309
51164,46855,4309
51165,46856,4309
51166,46857,4309
51168,46858,4310
51169,46859,4310
51170,46860,4310
51171,46860,4311
51172,46861,4311
51173,46862,4311
51175,46864,4311
51176,46865,4311
51177,46866,4311
51179,46868,4311
51180,46869,4311
51181,46870,4311
51183,46872,4311
51185,46873,4312
51186,46874,4312
51187,46875,4312
51188,46876,4312
51189,46876,4313
51190,46877,4313
51191,46878,4313
51192,46879,4313
51193,46880,4313
51194,46881,4313
51195,46882,4313
51196,46883,4313
51197,46884,4313
51199,46886,4313
51200,46887,4313
51201,46888,4313
51203,46890,4313
51204,46890,4314
51205,46891,4314
51206,46892,4314
51207,46893,4314
51209,46894,4315
51210,46895,4315
51211,46896,4315
51212,46896,4316
51213,46897,4316
51214,46898,4316
51216,46900,4316
51217,46901,4316
51218,46902,4316
51220,46904,4316
51221,46905,4316
51222,46906,4316
51224,46908,4316
51226,46909,4317
51227,46910,4317
51228,46911,4317
51229,46912,4317
51230,46913,4317
51231,46914,4317
51232,46915,4317
51233,46916,4317
51234,46917,4317
51235,46918,4317
51236,46919,4317
51237,46920,4317
51238,46921,4317
51240,46923,4317
51241,46924,4317
51242,46925,4317
51244,46927,4317
51245,46927,4318
51246,46928,4318
51247,46929,4318
51248,46930,4318
51250,46931,4319
51251,46932,4319
51252,46933,4319
51253,46933,4320
51254,46934,4320
51255,46935,4320
51257,46937,4320
51258,46938,4320
51259,46939,4320
51261,46941,4320
51262,46942,4320
51263,46943,4320
51265,46945,4320
51267,46946,4321
51268,46947,4321
51269,46948,4321
51270,46949,4321
51271,46950,4321
51272,46951,4321
51273,46952,4321
51274,46953,4321
51275,46954,4321
51276,46955,4321
51277,46956,4321
51278,46957,4321
51279,46958,4321
51281,46960,4321
51282,46961,4321
51283,46962,4321
51285,46964,4321
51286,46964,4322
51287,46965,4322
51288,46966,4322
51289,46967,4322
51291,46968,4323
51292,46969,4323
51293,46970,4323
51294,46970,4324
51295,46971,4324
51296,46972,4324
51298,46974,4324
51299,46975,4324
51300,46976,4324
51302,46978,4324
51303,46979,4324
51304,46980,4324
51306,46982,4324
51308,46983,4325
51309,46984,4325
51310,46985,4325
51311,46986,4325
51312,46986,4326
51313,46987,4326
51314,46988,4326
51315,46989,4326
51316,46990,4326
51317,46991,4326
51318,46992,4326
51319,46993,4326
51320,46994,4326
51322,46996,4326
51323,46997,4326
51324,46998,4326
51326,47000,4326
51327,47000,4327
51328,47001,4327
51329,47002,4327
51330,47003,4327
51332,47004,4328
51333,47005,4328
51334,47006,4328
51335,47006,4329
51336,47007,4329
51337,47008,4329
51339,47010,4329
51340,47011,4329
51341,47012,4329
51343,47014,4329
51344,47015,4329
51345,47016,4329
51347,47018,4329
51349,47019,4330
51350,47020,4330
51351,47021,4330
51352,47022,4330
51353,47023,4330
51354,47024,4330
51355,47025,4330
51356,47026,4330
51357,47027,4330
51358,47028,4330
51359,47029,4330
51360,47030,4330
51361,47031,4330
51363,47033,4330
51364,47034,4330
51365,47035,4330
51367,47037,4330
51368,47037,4331
51369,47038,4331
51370,47039,4331
51371,47040,4331
51373,47041,4332
51374,47042,4332
51375,47043,4332
51376,47043,4333
51377,47044,4333
51378,47045,4333
51380,47047,4333
51381,47048,4333
51382,47049,4333
51384,47051,4333
51385,47052,4333
51386,47053,4333
51388,47055,4333
51390,47056,4334
51391,47057,4334
51392,47058,4334
51393,47059,4334
51394,47060,4334
51395,47061,4334
51396,47062,4334
51397,47063,4334
51398,47064,4334
51399,47065,4334
51400,47066,4334
51401,47067,4334
51402,47068,4334
51404,47070,4334
51405,47071,4334
51406,47072,4334
51408,47074,4334
51409,47074,4335
51410,47075,4335
51411,47076,4335
51412,47077,4335
51414,47078,4336
51415,47079,4336
51416,47080,4336
51417,47080,4337
51418,47081,4337
51419,47082,4337
51421,47084,4337
51422,47085,4337
51423,47086,4337
51425,47088,4337
51426,47089,4337
51427,47090,4337
51429,47092,4337
51431,47093,4338
51432,47094,4338
51433,47095,4338
51434,47096,4338
51435,47097,4338
51436,47098,4338
51437,47099,4338
51438,47100,4338
51439,47101,4338
51440,47102,4338
51441,47103,4338
51442,47104,4338
51443,47105,4338
51445,47107,4338
51446,47108,4338
51447,47109,4338
51449,47111,4338
51450,47111,4339
51451,47112,4339
51452,47113,4339
51453,47114,4339
51454,47114,4340
51455,47115,4340
51456,47116,4340
51457,47116,4341
51458,47117,4341
51459,47118,4341
51461,47120,4341
51462,47121,4341
51463,47122,4341
51465,47124,4341
51466,47125,4341
51467,47126,4341
51469,47128,4341
51471,47129,4342
51472,47130,4342
51473,47131,4342
51474,47132,4342
51476,47133,4343
51477,47134,4343
51478,47135,4343
51479,47136,4343
51480,47137,4343
51481,47138,4343
51482,47139,4343
51483,47140,4343
51484,47141,4343
51486,47143,4343
51487,47144,4343
51488,47145,4343
51490,47147,4343
51491,47147,4344
51492,47148,4344
51493,47149,4344
51494,47150,4344
51495,47150,4345
51496,47151,4345
51497,47152,4345
51498,47152,4346
51499,47153,4346
51500,47154,4346
51502,47156,4346
51503,47157,4346
51504,47158,4346
51506,47160,4346
51507,47161,4346
51508,47162,4346
51510,47164,4346
51512,47165,4347
51513,47166,4347
51514,47167,4347
51515,47168,4347
51517,47169,4348
51518,47170,4348
51519,47171,4348
51520,47172,4348
51521,47173,4348
51522,47174,4348
51523,47175,4348
51524,47176,4348
51525,47177,4348
51527,47179,4348
51528,47180,4348
51529,47181,4348
51531,47183,4348
51532,47183,4349
51533,47184,4349
51534,47185,4349
51535,47186,4349
51536,47186,4350
51537,47187,4350
51538,47188,4350
51539,47188,4351
51540,47189,4351
51541,47190,4351
51543,47192,4351
51544,47193,4351
51545,47194,4351
51547,47196,4351
51548,47197,4351
51549,47198,4351
51551,47200,4351
51553,47201,4352
51554,47202,4352
51555,47203,4352
51556,47204,4352
51558,47205,4353
51559,47206,4353
51560,47207,4353
51561,47208,4353
51562,47209,4353
51563,47210,4353
51564,47211,4353
51565,47212,4353
51566,47213,4353
51568,47215,4353
51569,47216,4353
51570,47217,4353
51572,47219,4353
51573,47219,4354
51574,47220,4354
51575,47221,4354
51576,47222,4354
51577,47222,4355
51578,47223,4355
51579,47224,4355
51580,47224,4356
51581,47225,4356
51582,47226,4356
51584,47228,4356
51585,47229,4356
51586,47230,4356
51588,47232,4356
51589,47233,4356
51590,47234,4356
51592,47236,4356
51594,47237,4357
51595,47238,4357
51596,47239,4357
51597,47240,4357
51599,47241,4358
51600,47242,4358
51601,47243,4358
51602,47244,4358
51603,47245,4358
51604,47246,4358
51605,47247,4358
51606,47248,4358
51607,47249,4358
51609,47251,4358
51610,47252,4358
51611,47253,4358
51613,47255,4358
51614,47255,4359
51615,47256,4359
51616,47257,4359
51617,47258,4359
51618,47258,4360
51619,47259,4360
51620,47260,4360
51621,47260,4361
51622,47261,4361
51623,47262,4361
51625,47264,4361
51626,47265,4361
51627,47266,4361
51629,47268,4361
51630,47269,4361
51631,47270,4361
51633,47272,4361
51635,47273,4362
51636,47274,4362
51637,47275,4362
51638,47276,4362
51640,47277,4363
51641,47278,4363
51642,47279,4363
51643,47280,4363
51644,47281,4363
51645,47282,4363
51646,47283,4363
51647,47284,4363
51648,47285,4363
51650,47287,4363
51651,47288,4363
51652,47289,4363
51654,47291,4363
51655,47291,4364
51656,47292,4364
51657,47293,4364
51658,47294,4364
51659,47294,4365
51660,47295,4365
51661,47296,4365
51662,47296,4366
51663,47297,4366
51664,47298,4366
51666,47300,4366
51667,47301,4366
51668,47302,4366
51670,47304,4366
51671,47305,4366
51672,47306,4366
51674,47308,4366
51676,47309,4367
51677,47310,4367
51678,47311,4367
51679,47312,4367
51681,47313,4368
51682,47314,4368
51683,47315,4368
51684,47316,4368
51685,47317,4368
51686,47318,4368
51687,47319,4368
51688,47320,4368
51689,47321,4368
51691,47323,4368
51692,47324,4368
51693,47325,4368
51695,47327,4368
51696,47327,4369
51697,47328,4369
51698,47329,4369
51699,47330,4369
51700,47331,4369
51701,47332,4369
51702,47333,4369
51703,47333,4370
51704,47334,4370
51705,47335,4370
51707,47337,4370
51708,47338,4370
51709,47339,4370
51711,47341,4370
51712,47342,4370
51713,47343,4370
51715,47345,4370
51717,47346,4371
51718,47347,4371
51719,47348,4371
51720,47349,4371
51721,47349,4372
51722,47350,4372
51723,47351,4372
51724,47352,4372
51725,47353,4372
51726,47354,4372
51727,47355,4372
51728,47356,4372
51729,47357,4372
51731,47359,4372
51732,47360,4372
51733,47361,4372
51735,47363,4372
51736,47363,4373
51737,47364,4373
51738,47365,4373
51739,47366,4373
51741,47367,4374
51742,47368,4374
51743,47369,4374
51744,47369,4375
51745,47370,4375
51746,47371,4375
51748,47373,4375
51749,47374,4375
51750,47375,4375
51752,47377,4375
51753,47378,4375
51754,47379,4375
51756,47381,4375
51758,47382,4376
51759,47383,4376
51760,47384,4376
51761,47385,4376
51762,47385,4377
51763,47386,4377
51764,47387,4377
51765,47388,4377
51766,47389,4377
51767,47390,4377
51768,47391,4377
51769,47392,4377
51770,47393,4377
51772,47395,4377
51773,47396,4377
51774,47397,4377
51776,47399,4377
51777,47399,4378
51778,47400,4378
51779,47401,4378
51780,47402,4378
51782,47403,4379
51783,47404,4379
51784,47405,4379
51785,47405,4380
51786,47406,4380
51787,47407,4380
51789,47409,4380
51790,47410,4380
51791,47411,4380
51793,47413,4380
51794,47414,4380
51795,47415,4380
51797,47417,4380
51799,47418,4381
51800,47419,4381
51801,47420,4381
51802,47421,4381
51803,47421,4382
51804,47422,4382
51805,47423,4382
51806,47424,4382
51807,47425,4382
51808,47426,4382
51809,47427,4382
51810,47428,4382
51811,47429,4382
51813,47431,4382
51814,47432,4382
51815,47433,4382
51817,47435,4382
51818,47435,4383
51819,47436,4383
51820,47437,4383
51821,47438,4383
51823,47439,4384
51824,47440,4384
51825,47441,4384
51826,47441,4385
51827,47442,4385
51828,47443,4385
51830,47445,4385
51831,47446,4385
51832,47447,4385
51834,47449,4385
51835,47450,4385
51836,47451,4385
51838,47453,4385
51840,47454,4386
51841,47455,4386
51842,47456,4386
51843,47457,4386
51844,47458,4386
51845,47459,4386
51846,47460,4386
51847,47461,4386
51848,47462,4386
51849,47463,4386
51850,47464,4386
51851,47465,4386
51852,47466,4386
51854,47468,4386
51855,47469,4386
51856,47470,4386
51858,47472,4386
51859,47472,4387
51860,47473,4387
51861,47474,4387
51862,47475,4387
51863,47475,4388
51864,47476,4388
51865,47477,4388
51866,47477,4389
51867,47478,4389
51868,47479,4389
51870,47481,4389
51871,47482,4389
51872,47483,4389
51874,47485,4389
51875,47486,4389
51876,47487,4389
51878,47489,4389
51880,47490,4390
51881,47491,4390
51882,47492,4390
51883,47493,4390
51885,47494,4391
51886,47495,4391
51887,47496,4391
51888,47497,4391
51889,47498,4391
51890,47499,4391
51891,47500,4391
51892,47501,4391
51893,47502,4391
51895,47504,4391
51896,47505,4391
51897,47506,4391
51899,47508,4391
51900,47508,4392
51901,47509,4392
51902,47510,4392
51903,47511,4392
51904,47511,4393
51905,47512,4393
51906,47513,4393
51907,47513,4394
51908,47514,4394
51909,47515,4394
51911,47517,4394
51912,47518,4394
51913,47519,4394
51915,47521,4394
51916,47522,4394
51917,47523,4394
51919,47525,4394
51921,47526,4395
51922,47527,4395
51923,47528,4395
51924,47529,4395
51926,47530,4396
51927,47531,4396
51928,47532,4396
51929,47533,4396
51930,47534,4396
51931,47535,4396
51932,47536,4396
51933,47537,4396
51934,47538,4396
51936,47540,4396
51937,47541,4396
51938,47542,4396
51940,47544,4396
51941,47544,4397
51942,47545,4397
51943,47546,4397
51944,47547,4397
51945,47547,4398
51946,47548,4398
51947,47549,4398
51948,47549,4399
51949,47550,4399
51950,47551,4399
51952,47553,4399
51953,47554,4399
51954,47555,4399
51956,47557,4399
51957,47558,4399
51958,47559,4399
51960,47561,4399
51962,47562,4400
51963,47563,4400
51964,47564,4400
51965,47565,4400
51967,47566,4401
51968,47567,4401
51969,47568,4401
51970,47569,4401
51971,47570,4401
51972,47571,4401
51973,47572,4401
51974,47573,4401
51975,47574,4401
51977,47576,4401
51978,47577,4401
51979,47578,4401
51981,47580,4401
51982,47580,4402
51983,47581,4402
51984,47582,4402
51985,47583,4402
51986,47583,4403
51987,47584,4403
51988,47585,4403
51989,47585,4404
51990,47586,4404
51991,47587,4404
51993,47589,4404
51994,47590,4404
51995,47591,4404
51997,47593,4404
51998,47594,4404
51999,47595,4404
52001,47597,4404
52003,47598,4405
52004,47599,4405
52005,47600,4405
52006,47601,4405
52007,47601,4406
52008,47602,4406
52009,47603,4406
52010,47604,4406
52011,47605,4406
52012,47606,4406
52013,47607,4406
52014,47608,4406
52015,47609,4406
52017,47611,4406
52018,47612,4406
52019,47613,4406
52021,47615,4406
52022,47615,4407
52023,47616,4407
52024,47617,4407
52025,47618,4407
52027,47619,4408
52028,47620,4408
52029,47621,4408
52030,47621,4409
52031,47622,4409
52032,47623,4409
52034,47625,4409
52035,47626,4409
52036,47627,4409
52038,47629,4409
52039,47630,4409
52040,47631,4409
52042,47633,4409
52044,47634,4410
52045,47635,4410
52046,47636,4410
52047,47637,4410
52048,47638,4410
52049,47639,4410
52050,47640,4410
52051,47641,4410
52052,47642,4410
52053,47643,4410
52054,47644,4410
52055,47645,4410
52056,47646,4410
52058,47648,4410
52059,47649,4410
52060,47650,4410
52062,47652,4410
52063,47652,4411
52064,47653,4411
52065,47654,4411
52066,47655,4411
52068,47656,4412
52069,47657,4412
52070,47658,4412
52071,47658,4413
52072,47659,4413
52073,47660,4413
52075,47662,4413
52076,47663,4413
52077,47664,4413
52079,47666,4413
52080,47667,4413
52081,47668,4413
52083,47670,4413
52085,47671,4414
52086,47672,4414
52087,47673,4414
52088,47674,4414
52089,47675,4414
52090,47676,4414
52091,47677,4414
52092,47678,4414
52093,47679,4414
52094,47680,4414
52095,47681,4414
52096,47682,4414
52097,47683,4414
52099,47685,4414
52100,47686,4414
52101,47687,4414
52103,47689,4414
52104,47689,4415
52105,47690,4415
52106,47691,4415
52107,47692,4415
52109,47693,4416
52110,47694,4416
52111,47695,4416
52112,47695,4417
52113,47696,4417
52114,47697,4417
52116,47699,4417
52117,47700,4417
52118,47701,4417
52120,47703,4417
52121,47704,4417
52122,47705,4417
52124,47707,4417
52126,47708,4418
52127,47709,4418
52128,47710,4418
52129,47711,4418
52131,47712,4419
52132,47713,4419
52133,47714,4419
52134,47715,4419
52135,47716,4419
52136,47717,4419
52137,47718,4419
52138,47719,4419
52139,47720,4419
52141,47722,4419
52142,47723,4419
52143,47724,4419
52145,47726,4419
52146,47726,4420
52147,47727,4420
52148,47728,4420
52149,47729,4420
52150,47730,4420
52151,47731,4420
52152,47732,4420
52153,47732,4421
52154,47733,4421
52155,47734,4421
52157,47736,4421
52158,47737,4421
52159,47738,4421
52161,47740,4421
52162,47741,4421
52163,47742,4421
52165,47744,4421
52167,47745,4422
52168,47746,4422
52169,47747,4422
52170,47748,4422
52172,47749,4423
52173,47750,4423
52174,47751,4423
52175,47752,4423
52176,47753,4423
52177,47754,4423
52178,47755,4423
52179,47756,4423
52180,47757,4423
52182,47759,4423
52183,47760,4423
52184,47761,4423
52186,47763,4423
52187,47763,4424
52188,47764,4424
52189,47765,4424
52190,47766,4424
52191,47767,4424
52192,47768,4424
52193,47769,4424
52194,47769,4425
52195,47770,4425
52196,47771,4425
52198,47773,4425
52199,47774,4425
52200,47775,4425
52202,47777,4425
52203,47778,4425
52204,47779,4425
52206,47781,4425
52208,47782,4426
52209,47783,4426
52210,47784,4426
52211,47785,4426
52213,47786,4427
52214,47787,4427
52215,47788,4427
52216,47789,4427
52217,47790,4427
52218,47791,4427
52219,47792,4427
52220,47793,4427
52221,47794,4427
52223,47796,4427
52224,47797,4427
52225,47798,4427
52227,47800,4427
52228,47800,4428
52229,47801,4428
52230,47802,4428
52231,47803,4428
52232,47804,4428
52233,47805,4428
52234,47806,4428
52235,47806,4429
52236,47807,4429
52237,47808,4429
52239,47810,4429
52240,47811,4429
52241,47812,4429
52243,47814,4429
52244,47815,4429
52245,47816,4429
52247,47818,4429
52249,47819,4430
52250,47820,4430
52251,47821,4430
52252,47822,4430
52254,47823,4431
52255,47824,4431
52256,47825,4431
52257,47826,4431
52258,47827,4431
52259,47828,4431
52260,47829,4431
52261,47830,4431
52262,47831,4431
52264,47833,4431
52265,47834,4431
52266,47835,4431
52268,47837,4431
52269,47837,4432
52270,47838,4432
52271,47839,4432
52272,47840,4432
52273,47841,4432
52274,47842,4432
52275,47843,4432
52276,47843,4433
52277,47844,4433
52278,47845,4433
52280,47847,4433
52281,47848,4433
52282,47849,4433
52284,47851,4433
52285,47852,4433
52286,47853,4433
52288,47855,4433
52290,47856,4434
52291,47857,4434
52292,47858,4434
52293,47859,4434
52295,47860,4435
52296,47861,4435
52297,47862,4435
52298,47863,4435
52299,47864,4435
52300,47865,4435
52301,47866,4435
52302,47867,4435
52303,47868,4435
52305,47870,4435
52306,47871,4435
52307,47872,4435
52309,47874,4435
52310,47874,4436
52311,47875,4436
52312,47876,4436
52313,47877,4436
52314,47878,4436
52315,47879,4436
52316,47880,4436
52317,47880,4437
52318,47881,4437
52319,47882,4437
52321,47884,4437
52322,47885,4437
52323,47886,4437
52325,47888,4437
52326,47889,4437
52327,47890,4437
52329,47892,4437
52331,47893,4438
52332,47894,4438
52333,47895,4438
52334,47896,4438
52336,47897,4439
52337,47898,4439
52338,47899,4439
52339,47900,4439
52340,47901,4439
52341,47902,4439
52342,47903,4439
52343,47904,4439
52344,47905,4439
52346,47907,4439
52347,47908,4439
52348,47909,4439
52350,47911,4439
52351,47911,4440
52352,47912,4440
52353,47913,4440
52354,47914,4440
52355,47915,4440
52356,47916,4440
52357,47917,4440
52358,47917,4441
52359,47918,4441
52360,47919,4441
52362,47921,4441
52363,47922,4441
52364,47923,4441
52366,47925,4441
52367,47926,4441
52368,47927,4441
52370,47929,4441
52372,47930,4442
52373,47931,4442
52374,47932,4442
52375,47933,4442
52377,47934,4443
52378,47935,4443
52379,47936,4443
52380,47937,4443
52381,47938,4443
52382,47939,4443
52383,47940,4443
52384,47941,4443
52385,47942,4443
52387,47944,4443
52388,47945,4443
52389,47946,4443
52391,47948,4443
52392,47948,4444
52393,47949,4444
52394,47950,4444
52395,47951,4444
52396,47952,4444
52397,47953,4444
52398,47954,4444
52399,47954,4445
52400,47955,4445
52401,47956,4445
52403,47958,4445
52404,47959,4445
52405,47960,4445
52407,47962,4445
52408,47963,4445
52409,47964,4445
52411,47966,4445
52413,47967,4446
52414,47968,4446
52415,47969,4446
52416,47970,4446
52418,47971,4447
52419,47972,4447
52420,47973,4447
52421,47974,4447
52422,47975,4447
52423,47976,4447
52424,47977,4447
52425,47978,4447
52426,47979,4447
52428,47981,4447
52429,47982,4447
52430,47983,4447
52432,47985,4447
52433,47985,4448
52434,47986,4448
52435,47987,4448
52436,47988,4448
52437,47989,4448
52438,47990,4448
52439,47991,4448
52440,47991,4449
52441,47992,4449
52442,47993,4449
52444,47995,4449
52445,47996,4449
52446,47997,4449
52448,47999,4449
52449,48000,4449
52450,48001,4449
52452,48003,4449
52454,48004,4450
52455,48005,4450
52456,48006,4450
52457,48007,4450
52459,48008,4451
52460,48009,4451
52461,48010,4451
52462,48011,4451
52463,48012,4451
52464,48013,4451
52465,48014,4451
52466,48015,4451
52467,48016,4451
52469,48018,4451
52470,48019,4451
52471,48020,4451
52473,48022,4451
52474,48022,4452
52475,48023,4452
52476,48024,4452
52477,48025,4452
52478,48026,4452
52479,48027,4452
52480,48028,4452
52481,48028,4453
52482,48029,4453
52483,48030,4453
52485,48032,4453
52486,48033,4453
52487,48034,4453
52489,48036,4453
52490,48037,4453
52491,48038,4453
52493,48040,4453
52495,48041,4454
52496,48042,4454
52497,48043,4454
52498,48044,4454
52500,48045,4455
52501,48046,4455
52502,48047,4455
52503,48048,4455
52504,48049,4455
52505,48050,4455
52506,48051,4455
52507,48052,4455
52508,48053,4455
52510,48055,4455
52511,48056,4455
52512,48057,4455
52514,48059,4455
52515,48059,4456
52516,48060,4456
52517,48061,4456
52518,48062,4456
52519,48063,4456
52520,48064,4456
52521,48065,4456
52522,48065,4457
52523,48066,4457
52524,48067,4457
52526,48069,4457
52527,48070,4457
52528,48071,4457
52530,48073,4457
52531,48074,4457
52532,48075,4457
52534,48077,4457
52536,48078,4458
52537,48079,4458
52538,48080,4458
52539,48081,4458
52541,48082,4459
52542,48083,4459
52543,48084,4459
52544,48085,4459
52545,48086,4459
52546,48087,4459
52547,48088,4459
52548,48089,4459
52549,48090,4459
52551,48092,4459
52552,48093,4459
52553,48094,4459
52555,48096,4459
52556,48096,4460
52557,48097,4460
52558,48098,4460
52559,48099,4460
52560,48100,4460
52561,48101,4460
52562,48102,4460
52563,48102,4461
52564,48103,4461
52565,48104,4461
52567,48106,4461
52568,48107,4461
52569,48108,4461
52571,48110,4461
52572,48111,4461
52573,48112,4461
52575,48114,4461
52577,48115,4462
52578,48116,4462
52579,48117,4462
52580,48118,4462
52581,48118,4463
52582,48119,4463
52583,48120,4463
52584,48121,4463
52585,48122,4463
52586,48123,4463
52587,48124,4463
52588,48125,4463
52589,48126,4463
52591,48128,4463
52592,48129,4463
52593,48130,4463
52595,48132,4463
52596,48132,4464
52597,48133,4464
52598,48134,4464
52599,48135,4464
52601,48136,4465
52602,48137,4465
52603,48138,4465
52604,48138,4466
52605,48139,4466
52606,48140,4466
52608,48142,4466
52609,48143,4466
52610,48144,4466
52612,48146,4466
52613,48147,4466
52614,48148,4466
52616,48150,4466
52618,48151,4467
52619,48152,4467
52620,48153,4467
52621,48154,4467
52622,48155,4467
52623,48156,4467
52624,48157,4467
52625,48158,4467
52626,48159,4467
52627,48160,4467
52628,48161,4467
52629,48162,4467
52630,48163,4467
52632,48165,4467
52633,48166,4467
52634,48167,4467
52636,48169,4467
52637,48169,4468
52638,48170,4468
52639,48171,4468
52640,48172,4468
52642,48173,4469
52643,48174,4469
52644,48175,4469
52645,48175,4470
52646,48176,4470
52647,48177,4470
52649,48179,4470
52650,48180,4470
52651,48181,4470
52653,48183,4470
52654,48184,4470
52655,48185,4470
52657,48187,4470
52659,48188,4471
52660,48189,4471
52661,48190,4471
52662,48191,4471
52663,48192,4471
52664,48193,4471
52665,48194,4471
52666,48195,4471
52667,48196,4471
52668,48197,4471
52669,48198,4471
52670,48199,4471
52671,48200,4471
52673,48202,4471
52674,48203,4471
52675,48204,4471
52677,48206,4471
52678,48206,4472
52679,48207,4472
52680,48208,4472
52681,48209,4472
52683,48210,4473
52684,48211,4473
52685,48212,4473
52686,48212,4474
52687,48213,4474
52688,48214,4474
52690,48216,4474
52691,48217,4474
52692,48218,4474
52694,48220,4474
52695,48221,4474
52696,48222,4474
52698,48224,4474
52700,48225,4475
52701,48226,4475
52702,48227,4475
52703,48228,4475
52704,48229,4475
52705,48230,4475
52706,48231,4475
52707,48232,4475
52708,48233,4475
52709,48234,4475
52710,48235,4475
52711,48236,4475
52712,48237,4475
52714,48239,4475
52715,48240,4475
52716,48241,4475
52718,48243,4475
52719,48243,4476
52720,48244,4476
52721,48245,4476
52722,48246,4476
52724,48247,4477
52725,48248,4477
52726,48249,4477
52727,48249,4478
52728,48250,4478
52729,48251,4478
52731,48253,4478
52732,48254,4478
52733,48255,4478
52735,48257,4478
52736,48258,4478
52737,48259,4478
52739,48261,4478
52741,48262,4479
52742,48263,4479
52743,48264,4479
52744,48265,4479
52745,48266,4479
52746,48267,4479
52747,48268,4479
52748,48269,4479
52749,48270,4479
52750,48271,4479
52751,48272,4479
52752,48273,4479
52753,48274,4479
52755,48276,4479
52756,48277,4479
52757,48278,4479
52759,48280,4479
52760,48280,4480
52761,48281,4480
52762,48282,4480
52763,48283,4480
52765,48284,4481
52766,48285,4481
52767,48286,4481
52768,48286,4482
52769,48287,4482
52770,48288,4482
52772,48290,4482
52773,48291,4482
52774,48292,4482
52776,48294,4482
52777,48295,4482
52778,48296,4482
52780,48298,4482
52782,48299,4483
52783,48300,4483
52784,48301,4483
52785,48302,4483
52786,48303,4483
52787,48304,4483
52788,48305,4483
52789,48306,4483
52790,48307,4483
52791,48308,4483
52792,48309,4483
52793,48310,4483
52794,48311,4483
52796,48313,4483
52797,48314,4483
52798,48315,4483
52800,48317,4483
52801,48317,4484
52802,48318,4484
52803,48319,4484
52804,48320,4484
52806,48321,4485
52807,48322,4485
52808,48323,4485
52809,48323,4486
52810,48324,4486
52811,48325,4486
52813,48327,4486
52814,48328,4486
52815,48329,4486
52817,48331,4486
52818,48332,4486
52819,48333,4486
52821,48335,4486
52823,48336,4487
52824,48337,4487
52825,48338,4487
52826,48339,4487
52827,48340,4487
52828,48341,4487
52829,48342,4487
52830,48343,4487
52831,48344,4487
52832,48345,4487
52833,48346,4487
52834,48347,4487
52835,48348,4487
52837,48350,4487
52838,48351,4487
52839,48352,4487
52841,48354,4487
52842,48354,4488
52843,48355,4488
52844,48356,4488
52845,48357,4488
52847,48358,4489
52848,48359,4489
52849,48360,4489
52850,48360,4490
52851,48361,4490
52852,48362,4490
52854,48364,4490
52855,48365,4490
52856,48366,4490
52858,48368,4490
52859,48369,4490
52860,48370,4490
52862,48372,4490
52864,48373,4491
52865,48374,4491
52866,48375,4491
52867,48376,4491
52868,48377,4491
52869,48378,4491
52870,48379,4491
52871,48380,4491
52872,48381,4491
52873,48382,4491
52874,48383,4491
52875,48384,4491
52876,48385,4491
52878,48387,4491
52879,48388,4491
52880,48389,4491
52882,48391,4491
52883,48391,4492
52884,48392,4492
52885,48393,4492
52886,48394,4492
52888,48395,4493
52889,48396,4493
52890,48397,4493
52891,48397,4494
52892,48398,4494
52893,48399,4494
52895,48401,4494
52896,48402,4494
52897,48403,4494
52899,48405,4494
52900,48406,4494
52901,48407,4494
52903,48409,4494
52905,48410,4495
52906,48411,4495
52907,48412,4495
52908,48413,4495
52909,48414,4495
52910,48415,4495
52911,48416,4495
52912,48417,4495
52913,48418,4495
52914,48419,4495
52915,48420,4495
52916,48421,4495
52917,48422,4495
52919,48424,4495
52920,48425,4495
52921,48426,4495
52923,48428,4495
52924,48428,4496
52925,48429,4496
52926,48430,4496
52927,48431,4496
52928,48431,4497
52929,48432,4497
52930,48433,4497
52931,48433,4498
52932,48434,4498
52933,48435,4498
52935,48437,4498
52936,48438,4498
52937,48439,4498
52939,48441,4498
52940,48442,4498
52941,48443,4498
52943,48445,4498
52945,48446,4499
52946,48447,4499
52947,48448,4499
52948,48449,4499
52950,48450,4500
52951,48451,4500
52952,48452,4500
52953,48453,4500
52954,48454,4500
52955,48455,4500
52956,48456,4500
52957,48457,4500
52958,48458,4500
52960,48460,4500
52961,48461,4500
52962,48462,4500
52964,48464,4500
52965,48464,4501
52966,48465,4501
52967,48466,4501
52968,48467,4501
52969,48468,4501
52970,48469,4501
52971,48470,4501
52972,48470,4502
52973,48471,4502
52974,48472,4502
52976,48474,4502
52977,48475,4502
52978,48476,4502
52980,48478,4502
52981,48479,4502
52982,48480,4502
52984,48482,4502
52986,48483,4503
52987,48484,4503
52988,48485,4503
52989,48486,4503
52991,48487,4504
52992,48488,4504
52993,48489,4504
52994,48490,4504
52995,48491,4504
52996,48492,4504
52997,48493,4504
52998,48494,4504
52999,48495,4504
53001,48497,4504
53002,48498,4504
53003,48499,4504
53005,48501,4504
53006,48501,4505
53007,48502,4505
53008,48503,4505
53009,48504,4505
53010,48505,4505
53011,48506,4505
53012,48507,4505
53013,48507,4506
53014,48508,4506
53015,48509,4506
53017,48511,4506
53018,48512,4506
53019,48513,4506
53021,48515,4506
53022,48516,4506
53023,48517,4506
53025,48519,4506
53027,48520,4507
53028,48521,4507
53029,48522,4507
53030,48523,4507
53032,48524,4508
53033,48525,4508
53034,48526,4508
53035,48527,4508
53036,48528,4508
53037,48529,4508
53038,48530,4508
53039,48531,4508
53040,48532,4508
53042,48534,4508
53043,48535,4508
53044,48536,4508
53046,48538,4508
53047,48538,4509
53048,48539,4509
53049,48540,4509
53050,48541,4509
53051,48542,4509
53052,48543,4509
53053,48544,4509
53054,48544,4510
53055,48545,4510
53056,48546,4510
53058,48548,4510
53059,48549,4510
53060,48550,4510
53062,48552,4510
53063,48553,4510
53064,48554,4510
53066,48556,4510
53068,48557,4511
53069,48558,4511
53070,48559,4511
53071,48560,4511
53073,48561,4512
53074,48562,4512
53075,48563,4512
53076,48564,4512
53077,48565,4512
53078,48566,4512
53079,48567,4512
53080,48568,4512
53081,48569,4512
53083,48571,4512
53084,48572,4512
53085,48573,4512
53087,48575,4512
53088,48575,4513
53089,48576,4513
53090,48577,4513
53091,48578,4513
53092,48579,4513
53093,48580,4513
53094,48581,4513
53095,48581,4514
53096,48582,4514
53097,48583,4514
53099,48585,4514
53100,48586,4514
53101,48587,4514
53103,48589,4514
53104,48590,4514
53105,48591,4514
53107,48593,4514
53109,48594,4515
53110,48595,4515
53111,48596,4515
53112,48597,4515
53114,48598,4516
53115,48599,4516
53116,48600,4516
53117,48601,4516
53118,48602,4516
53119,48603,4516
53120,48604,4516
53121,48605,4516
53122,48606,4516
53124,48608,4516
53125,48609,4516
53126,48610,4516
53128,48612,4516
53129,48612,4517
53130,48613,4517
53131,48614,4517
53132,48615,4517
53133,48616,4517
53134,48617,4517
53135,48618,4517
53136,48618,4518
53137,48619,4518
53138,48620,4518
53140,48622,4518
53141,48623,4518
53142,48624,4518
53144,48626,4518
53145,48627,4518
53146,48628,4518
53148,48630,4518
53150,48631,4519
53151,48632,4519
53152,48633,4519
53153,48634,4519
53155,48635,4520
53156,48636,4520
53157,48637,4520
53158,48638,4520
53159,48639,4520
53160,48640,4520
53161,48641,4520
53162,48642,4520
53163,48643,4520
53165,48645,4520
53166,48646,4520
53167,48647,4520
53169,48649,4520
53170,48649,4521
53171,48650,4521
53172,48651,4521
53173,48652,4521
53174,48653,4521
53175,48654,4521
53176,48655,4521
53177,48655,4522
53178,48656,4522
53179,48657,4522
53181,48659,4522
53182,48660,4522
53183,48661,4522
53185,48663,4522
53186,48664,4522
53187,48665,4522
53189,48667,4522
53191,48668,4523
53192,48669,4523
53193,48670,4523
53194,48671,4523
53196,48672,4524
53197,48673,4524
53198,48674,4524
53199,48675,4524
53200,48676,4524
53201,48677,4524
53202,48678,4524
53203,48679,4524
53204,48680,4524
53206,48682,4524
53207,48683,4524
53208,48684,4524
53210,48686,4524
53211,48686,4525
53212,48687,4525
53213,48688,4525
53214,48689,4525
53215,48690,4525
53216,48691,4525
53217,48692,4525
53218,48692,4526
53219,48693,4526
53220,48694,4526
53222,48696,4526
53223,48697,4526
53224,48698,4526
53226,48700,4526
53227,48701,4526
53228,48702,4526
53230,48704,4526
53232,48705,4527
53233,48706,4527
53234,48707,4527
53235,48708,4527
53237,48709,4528
53238,48710,4528
53239,48711,4528
53240,48712,4528
53241,48713,4528
53242,48714,4528
53243,48715,4528
53244,48716,4528
53245,48717,4528
53247,48719,4528
53248,48720,4528
53249,48721,4528
53251,48723,4528
53252,48723,4529
53253,48724,4529
53254,48725,4529
53255,48726,4529
53256,48727,4529
53257,48728,4529
53258,48729,4529
53259,48729,4530
53260,48730,4530
53261,48731,4530
53263,48733,4530
53264,48734,4530
53265,48735,4530
53267,48737,4530
53268,48738,4530
53269,48739,4530
53271,48741,4530
53273,48742,4531
53274,48743,4531
53275,48744,4531
53276,48745,4531
53277,48745,4532
53278,48746,4532
53279,48747,4532
53280,48748,4532
53281,48749,4532
53282,48750,4532
53283,48751,4532
53284,48752,4532
53285,48753,4532
53287,48755,4532
53288,48756,4532
53289,48757,4532
53291,48759,4532
53292,48759,4533
53293,48760,4533
53294,48761,4533
53295,48762,4533
53297,48763,4534
53298,48764,4534
53299,48765,4534
53300,48765,4535
53301,48766,4535
53302,48767,4535
53304,48769,4535
53305,48770,4535
53306,48771,4535
53308,48773,4535
53309,48774,4535
53310,48775,4535
53312,48777,4535
53314,48778,4536
53315,48779,4536
53316,48780,4536
53317,48781,4536
53318,48782,4536
53319,48783,4536
53320,48784,4536
53321,48785,4536
53322,48786,4536
53323,48787,4536
53324,48788,4536
53325,48789,4536
53326,48790,4536
53328,48792,4536
53329,48793,4536
53330,48794,4536
53332,48796,4536
53333,48796,4537
53334,48797,4537
53335,48798,4537
53336,48799,4537
53338,48800,4538
53339,48801,4538
53340,48802,4538
53341,48802,4539
53342,48803,4539
53343,48804,4539
53345,48806,4539
53346,48807,4539
53347,48808,4539
53349,48810,4539
53350,48811,4539
53351,48812,4539
53353,48814,4539
53355,48815,4540
53356,48816,4540
53357,48817,4540
53358,48818,4540
53359,48819,4540
53360,48820,4540
53361,48821,4540
53362,48822,4540
53363,48823,4540
53364,48824,4540
53365,48825,4540
53366,48826,4540
53367,48827,4540
53369,48829,4540
53370,48830,4540
53371,48831,4540
53373,48833,4540
53374,48833,4541
53375,48834,4541
53376,48835,4541
53377,48836,4541
53379,48837,4542
53380,48838,4542
53381,48839,4542
53382,48839,4543
53383,48840,4543
53384,48841,4543
53386,48843,4543
53387,48844,4543
53388,48845,4543
53390,48847,4543
53391,48848,4543
53392,48849,4543
53394,48851,4543
53396,48852,4544
53397,48853,4544
53398,48854,4544
53399,48855,4544
53400,48856,4544
53401,48857,4544
53402,48858,4544
53403,48859,4544
53404,48860,4544
53405,48861,4544
53406,48862,4544
53407,48863,4544
53408,48864,4544
53410,48866,4544
53411,48867,4544
53412,48868,4544
53414,48870,4544
53415,48870,4545
53416,48871,4545
53417,48872,4545
53418,48873,4545
53420,48874,4546
53421,48875,4546
53422,48876,4546
53423,48876,4547
53424,48877,4547
53425,48878,4547
53427,48880,4547
53428,48881,4547
53429,48882,4547
53431,48884,4547
53432,48885,4547
53433,48886,4547
53435,48888,4547
53437,48889,4548
53438,48890,4548
53439,48891,4548
53440,48892,4548
53441,48893,4548
53442,48894,4548
53443,48895,4548
53444,48896,4548
53445,48897,4548
53446,48898,4548
53447,48899,4548
53448,48900,4548
53449,48901,4548
53451,48903,4548
53452,48904,4548
53453,48905,4548
53455,48907,4548
53456,48907,4549
53457,48908,4549
53458,48909,4549
53459,48910,4549
53461,48911,4550
53462,48912,4550
53463,48913,4550
53464,48913,4551
53465,48914,4551
53466,48915,4551
53468,48917,4551
53469,48918,4551
53470,48919,4551
53472,48921,4551
53473,48922,4551
53474,48923,4551
53476,48925,4551
53478,48926,4552
53479,48927,4552
53480,48928,4552
53481,48929,4552
53482,48930,4552
53483,48931,4552
53484,48932,4552
53485,48933,4552
53486,48934,4552
53487,48935,4552
53488,48936,4552
53489,48937,4552
53490,48938,4552
53492,48940,4552
53493,48941,4552
53494,48942,4552
53496,48944,4552
53497,48944,4553
53498,48945,4553
53499,48946,4553
53500,48947,4553
53502,48948,4554
53503,48949,4554
53504,48950,4554
53505,48950,4555
53506,48951,4555
53507,48952,4555
53509,48954,4555
53510,48955,4555
53511,48956,4555
53513,48958,4555
53514,48959,4555
53515,48960,4555
53517,48962,4555
53519,48963,4556
53520,48964,4556
53521,48965,4556
53522,48966,4556
53523,48967,4556
53524,48968,4556
53525,48969,4556
53526,48970,4556
53527,48971,4556
53528,48972,4556
53529,48973,4556
53530,48974,4556
53531,48975,4556
53533,48977,4556
53534,48978,4556
53535,48979,4556
53537,48981,4556
53538,48981,4557
53539,48982,4557
53540,48983,4557
53541,48984,4557
53543,48985,4558
53544,48986,4558
53545,48987,4558
53546,48987,4559
53547,48988,4559
53548,48989,4559
53550,48991,4559
53551,48992,4559
53552,48993,4559
53554,48995,4559
53555,48996,4559
53556,48997,4559
53558,48999,4559
53560,49000,4560
53561,49001,4560
53562,49002,4560
53563,49003,4560
53564,49004,4560
53565,49005,4560
53566,49006,4560
53567,49007,4560
53568,49008,4560
53569,49009,4560
53570,49010,4560
53571,49011,4560
53572,49012,4560
53574,49014,4560
53575,49015,4560
53576,49016,4560
53578,49018,4560
53579,49018,4561
53580,49019,4561
53581,49020,4561
53582,49021,4561
53584,49022,4562
53585,49023,4562
53586,49024,4562
53587,49024,4563
53588,49025,4563
53589,49026,4563
53591,49028,4563
53592,49029,4563
53593,49030,4563
53595,49032,4563
53596,49033,4563
53597,49034,4563
53599,49036,4563
53601,49037,4564
53602,49038,4564
53603,49039,4564
53604,49040,4564
53605,49041,4564
53606,49042,4564
53607,49043,4564
53608,49044,4564
53609,49045,4564
53610,49046,4564
53611,49047,4564
53612,49048,4564
53613,49049,4564
53615,49051,4564
53616,49052,4564
53617,49053,4564
53619,49055,4564
53620,49055,4565
53621,49056,4565
53622,49057,4565
53623,49058,4565
53625,49059,4566
53626,49060,4566
53627,49061,4566
53628,49061,4567
53629,49062,4567
53630,49063,4567
53632,49065,4567
53633,49066,4567
53634,49067,4567
53636,49069,4567
53637,49070,4567
53638,49071,4567
53640,49073,4567
53642,49074,4568
53643,49075,4568
53644,49076,4568
53645,49077,4568
53646,49078,4568
53647,49079,4568
53648,49080,4568
53649,49081,4568
53650,49082,4568
53651,49083,4568
53652,49084,4568
53653,49085,4568
53654,49086,4568
53656,49088,4568
53657,49089,4568
53658,49090,4568
53660,49092,4568
53661,49092,4569
53662,49093,4569
53663,49094,4569
53664,49095,4569
53665,49095,4570
53666,49096,4570
53667,49097,4570
53668,49097,4571
53669,49098,4571
53670,49099,4571
53672,49101,4571
53673,49102,4571
53674,49103,4571
53676,49105,4571
53677,49106,4571
53678,49107,4571
53680,49109,4571
53682,49110,4572
53683,49111,4572
53684,49112,4572
53685,49113,4572
53687,49114,4573
53688,49115,4573
53689,49116,4573
53690,49117,4573
53691,49118,4573
53692,49119,4573
53693,49120,4573
53694,49121,4573
53695,49122,4573
53697,49124,4573
53698,49125,4573
53699,49126,4573
53701,49128,4573
53702,49128,4574
53703,49129,4574
53704,49130,4574
53705,49131,4574
53706,49132,4574
53707,49133,4574
53708,49134,4574
53709,49134,4575
53710,49135,4575
53711,49136,4575
53713,49138,4575
53714,49139,4575
53715,49140,4575
53717,49142,4575
53718,49143,4575
53719,49144,4575
53721,49146,4575
53723,49147,4576
53724,49148,4576
53725,49149,4576
53726,49150,4576
53728,49151,4577
53729,49152,4577
53730,49153,4577
53731,49154,4577
53732,49155,4577
53733,49156,4577
53734,49157,4577
53735,49158,4577
53736,49159,4577
53738,49161,4577
53739,49162,4577
53740,49163,4577
53742,49165,4577
53743,49165,4578
53744,49166,4578
53745,49167,4578
53746,49168,4578
53747,49169,4578
53748,49170,4578
53749,49171,4578
53750,49171,4579
53751,49172,4579
53752,49173,4579
53754,49175,4579
53755,49176,4579
53756,49177,4579
53758,49179,4579
53759,49180,4579
53760,49181,4579
53762,49183,4579
53764,49184,4580
53765,49185,4580
53766,49186,4580
53767,49187,4580
53769,49188,4581
53770,49189,4581
53771,49190,4581
53772,49191,4581
53773,49192,4581
53774,49193,4581
53775,49194,4581
53776,49195,4581
53777,49196,4581
53779,49198,4581
53780,49199,4581
53781,49200,4581
53783,49202,4581
53784,49202,4582
53785,49203,4582
53786,49204,4582
53787,49205,4582
53788,49206,4582
53789,49207,4582
53790,49208,4582
53791,49208,4583
53792,49209,4583
53793,49210,4583
53795,49212,4583
53796,49213,4583
53797,49214,4583
53799,49216,4583
53800,49217,4583
53801,49218,4583
53803,49220,4583
53805,49221,4584
53806,49222,4584
53807,49223,4584
53808,49224,4584
53810,49225,4585
53811,49226,4585
53812,49227,4585
53813,49228,4585
53814,49229,4585
53815,49230,4585
53816,49231,4585
53817,49232,4585
53818,49233,4585
53820,49235,4585
53821,49236,4585
53822,49237,4585
53824,49239,4585
53825,49239,4586
53826,49240,4586
53827,49241,4586
53828,49242,4586
53829,49243,4586
53830,49244,4586
53831,49245,4586
53832,49245,4587
53833,49246,4587
53834,49247,4587
53836,49249,4587
53837,49250,4587
53838,49251,4587
53840,49253,4587
53841,49254,4587
53842,49255,4587
53844,49257,4587
53846,49258,4588
53847,49259,4588
53848,49260,4588
53849,49261,4588
53851,49262,4589
53852,49263,4589
53853,49264,4589
53854,49265,4589
53855,49266,4589
53856,49267,4589
53857,49268,4589
53858,49269,4589
53859,49270,4589
53861,49272,4589
53862,49273,4589
53863,49274,4589
53865,49276,4589
53866,49276,4590
53867,49277,4590
53868,49278,4590
53869,49279,4590
53870,49280,4590
53871,49281,4590
53872,49282,4590
53873,49282,4591
53874,49283,4591
53875,49284,4591
53877,49286,4591
53878,49287,4591
53879,49288,4591
53881,49290,4591
53882,49291,4591
53883,49292,4591
53885,49294,4591
53887,49295,4592
53888,49296,4592
53889,49297,4592
53890,49298,4592
53892,49299,4593
53893,49300,4593
53894,49301,4593
53895,49302,4593
53896,49303,4593
53897,49304,4593
53898,49305,4593
53899,49306,4593
53900,49307,4593
53902,49309,4593
53903,49310,4593
53904,49311,4593
53906,49313,4593
53907,49313,4594
53908,49314,4594
53909,49315,4594
53910,49316,4594
53911,49317,4594
53912,49318,4594
53913,49319,4594
53914,49319,4595
53915,49320,4595
53916,49321,4595
53918,49323,4595
53919,49324,4595
53920,49325,4595
53922,49327,4595
53923,49328,4595
53924,49329,4595
53926,49331,4595
53928,49332,4596
53929,49333,4596
53930,49334,4596
53931,49335,4596
53933,49336,4597
53934,49337,4597
53935,49338,4597
53936,49339,4597
53937,49340,4597
53938,49341,4597
53939,49342,4597
53940,49343,4597
53941,49344,4597
53943,49346,4597
53944,49347,4597
53945,49348,4597
53947,49350,4597
53948,49350,4598
53949,49351,4598
53950,49352,4598
53951,49353,4598
53952,49354,4598
53953,49355,4598
53954,49356,4598
53955,49356,4599
53956,49357,4599
53957,49358,4599
53959,49360,4599
53960,49361,4599
53961,49362,4599
53963,49364,4599
53964,49365,4599
53965,49366,4599
53967,49368,4599
53969,49369,4600
53970,49370,4600
53971,49371,4600
53972,49372,4600
53974,49373,4601
53975,49374,4601
53976,49375,4601
53977,49376,4601
53978,49377,4601
53979,49378,4601
53980,49379,4601
53981,49380,4601
53982,49381,4601
53984,49383,4601
53985,49384,4601
53986,49385,4601
53988,49387,4601
53989,49387,4602
53990,49388,4602
53991,49389,4602
53992,49390,4602
53993,49391,4602
53994,49392,4602
53995,49393,4602
53996,49393,4603
53997,49394,4603
53998,49395,4603
54000,49397,4603
54001,49398,4603
54002,49399,4603
54004,49401,4603
54005,49402,4603
54006,49403,4603
54008,49405,4603
54010,49406,4604
54011,49407,4604
54012,49408,4604
54013,49409,4604
54015,49410,4605
54016,49411,4605
54017,49412,4605
54018,49413,4605
54019,49414,4605
54020,49415,4605
54021,49416,4605
54022,49417,4605
54023,49418,4605
54025,49420,4605
54026,49421,4605
54027,49422,4605
54029,49424,4605
54030,49424,4606
54031,49425,4606
54032,49426,4606
54033,49427,4606
54034,49428,4606
54035,49429,4606
54036,49430,4606
54037,49430,4607
54038,49431,4607
54039,49432,4607
54041,49434,4607
54042,49435,4607
54043,49436,4607
54045,49438,4607
54046,49439,4607
54047,49440,4607
54049,49442,4607
54051,49443,4608
54052,49444,4608
54053,49445,4608
54054,49446,4608
54055,49446,4609
54056,49447,4609
54057,49448,4609
54058,49449,4609
54059,49450,4609
54060,49451,4609
54061,49452,4609
54062,49453,4609
54063,49454,4609
54065,49456,4609
54066,49457,4609
54067,49458,4609
54069,49460,4609
54070,49460,4610
54071,49461,4610
54072,49462,4610
54073,49463,4610
54075,49464,4611
54076,49465,4611
54077,49466,4611
54078,49466,4612
54079,49467,4612
54080,49468,4612
54082,49470,4612
54083,49471,4612
54084,49472,4612
54086,49474,4612
54087,49475,4612
54088,49476,4612
54090,49478,4612
54092,49479,4613
54093,49480,4613
54094,49481,4613
54095,49482,4613
54096,49483,4613
54097,49484,4613
54098,49485,4613
54099,49486,4613
54100,49487,4613
54101,49488,4613
54102,49489,4613
54103,49490,4613
54104,49491,4613
54106,49493,4613
54107,49494,4613
54108,49495,4613
54110,49497,4613
54111,49497,4614
54112,49498,4614
54113,49499,4614
54114,49500,4614
54116,49501,4615
54117,49502,4615
54118,49503,4615
54119,49503,4616
54120,49504,4616
54121,49505,4616
54123,49507,4616
54124,49508,4616
54125,49509,4616
54127,49511,4616
54128,49512,4616
54129,49513,4616
54131,49515,4616
54133,49516,4617
54134,49517,4617
54135,49518,4617
54136,49519,4617
54137,49520,4617
54138,49521,4617
54139,49522,4617
54140,49523,4617
54141,49524,4617
54142,49525,4617
54143,49526,4617
54144,49527,4617
54145,49528,4617
54147,49530,4617
54148,49531,4617
54149,49532,4617
54151,49534,4617
54152,49534,4618
54153,49535,4618
54154,49536,4618
54155,49537,4618
54157,49538,4619
54158,49539,4619
54159,49540,4619
54160,49540,4620
54161,49541,4620
54162,49542,4620
54164,49544,4620
54165,49545,4620
54166,49546,4620
54168,49548,4620
54169,49549,4620
54170,49550,4620
54172,49552,4620
54174,49553,4621
54175,49554,4621
54176,49555,4621
54177,49556,4621
54178,49557,4621
54179,49558,4621
54180,49559,4621
54181,49560,4621
54182,49561,4621
54183,49562,4621
54184,49563,4621
54185,49564,4621
54186,49565,4621
54188,49567,4621
54189,49568,4621
54190,49569,4621
54192,49571,4621
54193,49571,4622
54194,49572,4622
54195,49573,4622
54196,49574,4622
54198,49575,4623
54199,49576,4623
54200,49577,4623
54201,49577,4624
54202,49578,4624
54203,49579,4624
54205,49581,4624
54206,49582,4624
54207,49583,4624
54209,49585,4624
54210,49586,4624
54211,49587,4624
54213,49589,4624
54215,49590,4625
54216,49591,4625
54217,49592,4625
54218,49593,4625
54219,49594,4625
54220,49595,4625
54221,49596,4625
54222,49597,4625
54223,49598,4625
54224,49599,4625
54225,49600,4625
54226,49601,4625
54227,49602,4625
54229,49604,4625
54230,49605,4625
54231,49606,4625
54233,49608,4625
54234,49608,4626
54235,49609,4626
54236,49610,4626
54237,49611,4626
54239,49612,4627
54240,49613,4627
54241,49614,4627
54242,49614,4628
54243,49615,4628
54244,49616,4628
54246,49618,4628
54247,49619,4628
54248,49620,4628
54250,49622,4628
54251,49623,4628
54252,49624,4628
54254,49626,4628
54256,49627,4629
54257,49628,4629
54258,49629,4629
54259,49630,4629
54260,49631,4629
54261,49632,4629
54262,49633,4629
54263,49634,4629
54264,49635,4629
54265,49636,4629
54266,49637,4629
54267,49638,4629
54268,49639,4629
54270,49641,4629
54271,49642,4629
54272,49643,4629
54274,49645,4629
54275,49645,4630
54276,49646,4630
54277,49647,4630
54278,49648,4630
54280,49649,4631
54281,49650,4631
54282,49651,4631
54283,49651,4632
54284,49652,4632
54285,49653,4632
54287,49655,4632
54288,49656,4632
54289,49657,4632
54291,49659,4632
54292,49660,4632
54293,49661,4632
54295,49663,4632
54297,49664,4633
54298,49665,4633
54299,49666,4633
54300,49667,4633
54301,49668,4633
54302,49669,4633
54303,49670,4633
54304,49671,4633
54305,49672,4633
54306,49673,4633
54307,49674,4633
54308,49675,4633
54309,49676,4633
54311,49678,4633
54312,49679,4633
54313,49680,4633
54315,49682,4633
54316,49682,4634
54317,49683,4634
54318,49684,4634
54319,49685,4634
54321,49686,4635
54322,49687,4635
54323,49688,4635
54324,49688,4636
54325,49689,4636
54326,49690,4636
54328,49692,4636
54329,49693,4636
54330,49694,4636
54332,49696,4636
54333,49697,4636
54334,49698,4636
54336,49700,4636
54338,49701,4637
54339,49702,4637
54340,49703,4637
54341,49704,4637
54342,49705,4637
54343,49706,4637
54344,49707,4637
54345,49708,4637
54346,49709,4637
54347,49710,4637
54348,49711,4637
54349,49712,4637
54350,49713,4637
54352,49715,4637
54353,49716,4637
54354,49717,4637
54356,49719,4637
54357,49719,4638
54358,49720,4638
54359,49721,4638
54360,49722,4638
54362,49723,4639
54363,49724,4639
54364,49725,4639
54365,49725,4640
54366,49726,4640
54367,49727,4640
54369,49729,4640
54370,49730,4640
54371,49731,4640
54373,49733,4640
54374,49734,4640
54375,49735,4640
54377,49737,4640
54379,49738,4641
54380,49739,4641
54381,49740,4641
54382,49741,4641
54383,49742,4641
54384,49743,4641
54385,49744,4641
54386,49745,4641
54387,49746,4641
54388,49747,4641
54389,49748,4641
54390,49749,4641
54391,49750,4641
54393,49752,4641
54394,49753,4641
54395,49754,4641
54397,49756,4641
54398,49756,4642
54399,49757,4642
54400,49758,4642
54401,49759,4642
54403,49760,4643
54404,49761,4643
54405,49762,4643
54406,49762,4644
54407,49763,4644
54408,49764,4644
54410,49766,4644
54411,49767,4644
54412,49768,4644
54414,49770,4644
54415,49771,4644
54416,49772,4644
54418,49774,4644
54420,49775,4645
54421,49776,4645
54422,49777,4645
54423,49778,4645
54424,49779,4645
54425,49780,4645
54426,49781,4645
54427,49782,4645
54428,49783,4645
54429,49784,4645
54430,49785,4645
54431,49786,4645
54432,49787,4645
54434,49789,4645
54435,49790,4645
54436,49791,4645
54438,49793,4645
54439,49793,4646
54440,49794,4646
54441,49795,4646
54442,49796,4646
54443,49796,4647
54444,49797,4647
54445,49798,4647
54446,49798,4648
54447,49799,4648
54448,49800,4648
54450,49802,4648
54451,49803,4648
54452,49804,4648
54454,49806,4648
54455,49807,4648
54456,49808,4648
54458,49810,4648
54460,49811,4649
54461,49812,4649
54462,49813,4649
54463,49814,4649
54465,49815,4650
54466,49816,4650
54467,49817,4650
54468,49818,4650
54469,49819,4650
54470,49820,4650
54471,49821,4650
54472,49822,4650
54473,49823,4650
54475,49825,4650
54476,49826,4650
54477,49827,4650
54479,49829,4650
54480,49829,4651
54481,49830,4651
54482,49831,4651
54483,49832,4651
54484,49833,4651
54485,49834,4651
54486,49835,4651
54487,49835,4652
54488,49836,4652
54489,49837,4652
54491,49839,4652
54492,49840,4652
54493,49841,4652
54495,49843,4652
54496,49844,4652
54497,49845,4652
54499,49847,4652
54501,49848,4653
54502,49849,4653
54503,49850,4653
54504,49851,4653
54506,49852,4654
54507,49853,4654
54508,49854,4654
54509,49855,4654
54510,49856,4654
54511,49857,4654
54512,49858,4654
54513,49859,4654
54514,49860,4654
54516,49862,4654
54517,49863,4654
54518,49864,4654
54520,49866,4654
54521,49866,4655
54522,49867,4655
54523,49868,4655
54524,49869,4655
54525,49870,4655
54526,49871,4655
54527,49872,4655
54528,49872,4656
54529,49873,4656
54530,49874,4656
54532,49876,4656
54533,49877,4656
54534,49878,4656
54536,49880,4656
54537,49881,4656
54538,49882,4656
54540,49884,4656
54542,49885,4657
54543,49886,4657
54544,49887,4657
54545,49888,4657
54547,49889,4658
54548,49890,4658
54549,49891,4658
54550,49892,4658
54551,49893,4658
54552,49894,4658
54553,49895,4658
54554,49896,4658
54555,49897,4658
54557,49899,4658
54558,49900,4658
54559,49901,4658
54561,49903,4658
54562,49903,4659
54563,49904,4659
54564,49905,4659
54565,49906,4659
54566,49907,4659
54567,49908,4659
54568,49909,4659
54569,49909,4660
54570,49910,4660
54571,49911,4660
54573,49913,4660
54574,49914,4660
54575,49915,4660
54577,49917,4660
54578,49918,4660
54579,49919,4660
54581,49921,4660
54583,49922,4661
54584,49923,4661
54585,49924,4661
54586,49925,4661
54588,49926,4662
54589,49927,4662
54590,49928,4662
54591,49929,4662
54592,49930,4662
54593,49931,4662
54594,49932,4662
54595,49933,4662
54596,49934,4662
54598,49936,4662
54599,49937,4662
54600,49938,4662
54602,49940,4662
54603,49940,4663
54604,49941,4663
54605,49942,4663
54606,49943,4663
54607,49944,4663
54608,49945,4663
54609,49946,4663
54610,49946,4664
54611,49947,4664
54612,49948,4664
54614,49950,4664
54615,49951,4664
54616,49952,4664
54618,49954,4664
54619,49955,4664
54620,49956,4664
54622,49958,4664
54624,49959,4665
54625,49960,4665
54626,49961,4665
54627,49962,4665
54629,49963,4666
54630,49964,4666
54631,49965,4666
54632,49966,4666
54633,49967,4666
54634,49968,4666
54635,49969,4666
54636,49970,4666
54637,49971,4666
54639,49973,4666
54640,49974,4666
54641,49975,4666
54643,49977,4666
54644,49977,4667
54645,49978,4667
54646,49979,4667
54647,49980,4667
54648,49981,4667
54649,49982,4667
54650,49983,4667
54651,49983,4668
54652,49984,4668
54653,49985,4668
54655,49987,4668
54656,49988,4668
54657,49989,4668
54659,49991,4668
54660,49992,4668
54661,49993,4668
54663,49995,4668
54665,49996,4669
54666,49997,4669
54667,49998,4669
54668,49999,4669
54670,50000,4670
54671,50001,4670
54672,50002,4670
54673,50003,4670
54674,50004,4670
54675,50005,4670
54676,50006,4670
54677,50007,4670
54678,50008,4670
54680,50010,4670
54681,50011,4670
54682,50012,4670
54684,50014,4670
54685,50014,4671
54686,50015,4671
54687,50016,4671
54688,50017,4671
54689,50018,4671
54690,50019,4671
54691,50020,4671
54692,50020,4672
54693,50021,4672
54694,50022,4672
54696,50024,4672
54697,50025,4672
54698,50026,4672
54700,50028,4672
54701,50029,4672
54702,50030,4672
54704,50032,4672
54706,50033,4673
54707,50034,4673
54708,50035,4673
54709,50036,4673
54711,50037,4674
54712,50038,4674
54713,50039,4674
54714,50040,4674
54715,50041,4674
54716,50042,4674
54717,50043,4674
54718,50044,4674
54719,50045,4674
54721,50047,4674
54722,50048,4674
54723,50049,4674
54725,50051,4674
54726,50051,4675
54727,50052,4675
54728,50053,4675
54729,50054,4675
54730,50055,4675
54731,50056,4675
54732,50057,4675
54733,50057,4676
54734,50058,4676
54735,50059,4676
54737,50061,4676
54738,50062,4676
54739,50063,4676
54741,50065,4676
54742,50066,4676
54743,50067,4676
54745,50069,4676
54747,50070,4677
54748,50071,4677
54749,50072,4677
54750,50073,4677
54752,50074,4678
54753,50075,4678
54754,50076,4678
54755,50077,4678
54756,50078,4678
54757,50079,4678
54758,50080,4678
54759,50081,4678
54760,50082,4678
54762,50084,4678
54763,50085,4678
54764,50086,4678
54766,50088,4678
54767,50088,4679
54768,50089,4679
54769,50090,4679
54770,50091,4679
54771,50092,4679
54772,50093,4679
54773,50094,4679
54774,50094,4680
54775,50095,4680
54776,50096,4680
54778,50098,4680
54779,50099,4680
54780,50100,4680
54782,50102,4680
54783,50103,4680
54784,50104,4680
54786,50106,4680
54788,50107,4681
54789,50108,4681
54790,50109,4681
54791,50110,4681
54793,50111,4682
54794,50112,4682
54795,50113,4682
54796,50114,4682
54797,50115,4682
54798,50116,4682
54799,50117,4682
54800,50118,4682
54801,50119,4682
54803,50121,4682
54804,50122,4682
54805,50123,4682
54807,50125,4682
54808,50125,4683
54809,50126,4683
54810,50127,4683
54811,50128,4683
54812,50129,4683
54813,50130,4683
54814,50131,4683
54815,50131,4684
54816,50132,4684
54817,50133,4684
54819,50135,4684
54820,50136,4684
54821,50137,4684
54823,50139,4684
54824,50140,4684
54825,50141,4684
54827,50143,4684
54829,50144,4685
54830,50145,4685
54831,50146,4685
54832,50147,4685
54833,50147,4686
54834,50148,4686
54835,50149,4686
54836,50150,4686
54837,50151,4686
54838,50152,4686
54839,50153,4686
54840,50154,4686
54841,50155,4686
54843,50157,4686
54844,50158,4686
54845,50159,4686
54847,50161,4686
54848,50161,4687
54849,50162,4687
54850,50163,4687
54851,50164,4687
54853,50165,4688
54854,50166,4688
54855,50167,4688
54856,50167,4689
54857,50168,4689
54858,50169,4689
54860,50171,4689
54861,50172,4689
54862,50173,4689
54864,50175,4689
54865,50176,4689
54866,50177,4689
54868,50179,4689
54870,50180,4690
54871,50181,4690
54872,50182,4690
54873,50183,4690
54874,50184,4690
54875,50185,4690
54876,50186,4690
54877,50187,4690
54878,50188,4690
54879,50189,4690
54880,50190,4690
54881,50191,4690
54882,50192,4690
54884,50194,4690
54885,50195,4690
54886,50196,4690
54888,50198,4690
54889,50198,4691
54890,50199,4691
54891,50200,4691
54892,50201,4691
54894,50202,4692
54895,50203,4692
54896,50204,4692
54897,50204,4693
54898,50205,4693
54899,50206,4693
54901,50208,4693
54902,50209,4693
54903,50210,4693
54905,50212,4693
54906,50213,4693
54907,50214,4693
54909,50216,4693
54911,50217,4694
54912,50218,4694
54913,50219,4694
54914,50220,4694
54915,50221,4694
54916,50222,4694
54917,50223,4694
54918,50224,4694
54919,50225,4694
54920,50226,4694
54921,50227,4694
54922,50228,4694
54923,50229,4694
54925,50231,4694
54926,50232,4694
54927,50233,4694
54929,50235,4694
54930,50235,4695
54931,50236,4695
54932,50237,4695
54933,50238,4695
54935,50239,4696
54936,50240,4696
54937,50241,4696
54938,50241,4697
54939,50242,4697
54940,50243,4697
54942,50245,4697
54943,50246,4697
54944,50247,4697
54946,50249,4697
54947,50250,4697
54948,50251,4697
54950,50253,4697
54952,50254,4698
54953,50255,4698
54954,50256,4698
54955,50257,4698
54956,50258,4698
54957,50259,4698
54958,50260,4698
54959,50261,4698
54960,50262,4698
54961,50263,4698
54962,50264,4698
54963,50265,4698
54964,50266,4698
54966,50268,4698
54967,50269,4698
54968,50270,4698
54970,50272,4698
54971,50272,4699
54972,50273,4699
54973,50274,4699
54974,50275,4699
54976,50276,4700
54977,50277,4700
54978,50278,4700
54979,50278,4701
54980,50279,4701
54981,50280,4701
54983,50282,4701
54984,50283,4701
54985,50284,4701
54987,50286,4701
54988,50287,4701
54989,50288,4701
54991,50290,4701
54993,50291,4702
54994,50292,4702
54995,50293,4702
54996,50294,4702
54997,50295,4702
54998,50296,4702
54999,50297,4702
55000,50298,4702
55001,50299,4702
55002,50300,4702
55003,50301,4702
55004,50302,4702
55005,50303,4702
55007,50305,4702
55008,50306,4702
55009,50307,4702
55011,50309,4702
55012,50309,4703
55013,50310,4703
55014,50311,4703
55015,50312,4703
55017,50313,4704
55018,50314,4704
55019,50315,4704
55020,50315,4705
55021,50316,4705
55022,50317,4705
55024,50319,4705
55025,50320,4705
55026,50321,4705
55028,50323,4705
55029,50324,4705
55030,50325,4705
55032,50327,4705
55034,50328,4706
55035,50329,4706
55036,50330,4706
55037,50331,4706
55038,50332,4706
55039,50333,4706
55040,50334,4706
55041,50335,4706
55042,50336,4706
55043,50337,4706
55044,50338,4706
55045,50339,4706
55046,50340,4706
55048,50342,4706
55049,50343,4706
55050,50344,4706
55052,50346,4706
55053,50346,4707
55054,50347,4707
55055,50348,4707
55056,50349,4707
55058,50350,4708
55059,50351,4708
55060,50352,4708
55061,50352,4709
55062,50353,4709
55063,50354,4709
55065,50356,4709
55066,50357,4709
55067,50358,4709
55069,50360,4709
55070,50361,4709
55071,50362,4709
55073,50364,4709
55075,50365,4710
55076,50366,4710
55077,50367,4710
55078,50368,4710
55079,50369,4710
55080,50370,4710
55081,50371,4710
55082,50372,4710
55083,50373,4710
55084,50374,4710
55085,50375,4710
55086,50376,4710
55087,50377,4710
55089,50379,4710
55090,50380,4710
55091,50381,4710
55093,50383,4710
55094,50383,4711
55095,50384,4711
55096,50385,4711
55097,50386,4711
55099,50387,4712
55100,50388,4712
55101,50389,4712
55102,50389,4713
55103,50390,4713
55104,50391,4713
55106,50393,4713
55107,50394,4713
55108,50395,4713
55110,50397,4713
55111,50398,4713
55112,50399,4713
55114,50401,4713
55116,50402,4714
55117,50403,4714
55118,50404,4714
55119,50405,4714
55120,50406,4714
55121,50407,4714
55122,50408,4714
55123,50409,4714
55124,50410,4714
55125,50411,4714
55126,50412,4714
55127,50413,4714
55128,50414,4714
55130,50416,4714
55131,50417,4714
55132,50418,4714
55134,50420,4714
55135,50420,4715
55136,50421,4715
55137,50422,4715
55138,50423,4715
55140,50424,4716
55141,50425,4716
55142,50426,4716
55143,50426,4717
55144,50427,4717
55145,50428,4717
55147,50430,4717
55148,50431,4717
55149,50432,4717
55151,50434,4717
55152,50435,4717
55153,50436,4717
55155,50438,4717
55157,50439,4718
55158,50440,4718
55159,50441,4718
55160,50442,4718
55161,50443,4718
55162,50444,4718
55163,50445,4718
55164,50446,4718
55165,50447,4718
55166,50448,4718
55167,50449,4718
55168,50450,4718
55169,50451,4718
55171,50453,4718
55172,50454,4718
55173,50455,4718
55175,50457,4718
55176,50457,4719
55177,50458,4719
55178,50459,4719
55179,50460,4719
55181,50461,4720
55182,50462,4720
55183,50463,4720
55184,50463,4721
55185,50464,4721
55186,50465,4721
55188,50467,4721
55189,50468,4721
55190,50469,4721
55192,50471,4721
55193,50472,4721
55194,50473,4721
55196,50475,4721
55198,50476,4722
55199,50477,4722
55200,50478,4722
55201,50479,4722
55202,50480,4722
55203,50481,4722
55204,50482,4722
55205,50483,4722
55206,50484,4722
55207,50485,4722
55208,50486,4722
55209,50487,4722
55210,50488,4722
55212,50490,4722
55213,50491,4722
55214,50492,4722
55216,50494,4722
55217,50494,4723
55218,50495,4723
55219,50496,4723
55220,50497,4723
55221,50497,4724
55222,50498,4724
55223,50499,4724
55224,50499,4725
55225,50500,4725
55226,50501,4725
55228,50503,4725
55229,50504,4725
55230,50505,4725
55232,50507,4725
55233,50508,4725
55234,50509,4725
55236,50511,4725
55238,50512,4726
55239,50513,4726
55240,50514,4726
55241,50515,4726
55243,50516,4727
55244,50517,4727
55245,50518,4727
55246,50519,4727
55247,50520,4727
55248,50521,4727
55249,50522,4727
55250,50523,4727
55251,50524,4727
55253,50526,4727
55254,50527,4727
55255,50528,4727
55257,50530,4727
55258,50530,4728
55259,50531,4728
55260,50532,4728
55261,50533,4728
55262,50534,4728
55263,50535,4728
55264,50536,4728
55265,50536,4729
55266,50537,4729
55267,50538,4729
55269,50540,4729
55270,50541,4729
55271,50542,4729
55273,50544,4729
55274,50545,4729
55275,50546,4729
55277,50548,4729
55279,50549,4730
55280,50550,4730
55281,50551,4730
55282,50552,4730
55284,50553,4731
55285,50554,4731
55286,50555,4731
55287,50556,4731
55288,50557,4731
55289,50558,4731
55290,50559,4731
55291,50560,4731
55292,50561,4731
55294,50563,4731
55295,50564,4731
55296,50565,4731
55298,50567,4731
55299,50567,4732
55300,50568,4732
55301,50569,4732
55302,50570,4732
55303,50571,4732
55304,50572,4732
55305,50573,4732
55306,50573,4733
55307,50574,4733
55308,50575,4733
55310,50577,4733
55311,50578,4733
55312,50579,4733
55314,50581,4733
55315,50582,4733
55316,50583,4733
55318,50585,4733
55320,50586,4734
55321,50587,4734
55322,50588,4734
55323,50589,4734
55325,50590,4735
55326,50591,4735
55327,50592,4735
55328,50593,4735
55329,50594,4735
55330,50595,4735
55331,50596,4735
55332,50597,4735
55333,50598,4735
55335,50600,4735
55336,50601,4735
55337,50602,4735
55339,50604,4735
55340,50604,4736
55341,50605,4736
55342,50606,4736
55343,50607,4736
55344,50608,4736
55345,50609,4736
55346,50610,4736
55347,50610,4737
55348,50611,4737
55349,50612,4737
55351,50614,4737
55352,50615,4737
55353,50616,4737
55355,50618,4737
55356,50619,4737
55357,50620,4737
55359,50622,4737
55361,50623,4738
55362,50624,4738
55363,50625,4738
55364,50626,4738
55366,50627,4739
55367,50628,4739
55368,50629,4739
55369,50630,4739
55370,50631,4739
55371,50632,4739
55372,50633,4739
55373,50634,4739
55374,50635,4739
55376,50637,4739
55377,50638,4739
55378,50639,4739
55380,50641,4739
55381,50641,4740
55382,50642,4740
55383,50643,4740
55384,50644,4740
55385,50645,4740
55386,50646,4740
55387,50647,4740
55388,50647,4741
55389,50648,4741
55390,50649,4741
55392,50651,4741
55393,50652,4741
55394,50653,4741
55396,50655,4741
55397,50656,4741
55398,50657,4741
55400,50659,4741
55402,50660,4742
55403,50661,4742
55404,50662,4742
55405,50663,4742
55407,50664,4743
55408,50665,4743
55409,50666,4743
55410,50667,4743
55411,50668,4743
55412,50669,4743
55413,50670,4743
55414,50671,4743
55415,50672,4743
55417,50674,4743
55418,50675,4743
55419,50676,4743
55421,50678,4743
55422,50678,4744
55423,50679,4744
55424,50680,4744
55425,50681,4744
55426,50682,4744
55427,50683,4744
55428,50684,4744
55429,50684,4745
55430,50685,4745
55431,50686,4745
55433,50688,4745
55434,50689,4745
55435,50690,4745
55437,50692,4745
55438,50693,4745
55439,50694,4745
55441,50696,4745
55443,50697,4746
55444,50698,4746
55445,50699,4746
55446,50700,4746
55448,50701,4747
55449,50702,4747
55450,50703,4747
55451,50704,4747
55452,50705,4747
55453,50706,4747
55454,50707,4747
55455,50708,4747
55456,50709,4747
55458,50711,4747
55459,50712,4747
55460,50713,4747
55462,50715,4747
55463,50715,4748
55464,50716,4748
55465,50717,4748
55466,50718,4748
55467,50719,4748
55468,50720,4748
55469,50721,4748
55470,50721,4749
55471,50722,4749
55472,50723,4749
55474,50725,4749
55475,50726,4749
55476,50727,4749
55478,50729,4749
55479,50730,4749
55480,50731,4749
55482,50733,4749
55484,50734,4750
55485,50735,4750
55486,50736,4750
55487,50737,4750
55489,50738,4751
55490,50739,4751
55491,50740,4751
55492,50741,4751
55493,50742,4751
55494,50743,4751
55495,50744,4751
55496,50745,4751
55497,50746,4751
55499,50748,4751
55500,50749,4751
55501,50750,4751
55503,50752,4751
55504,50752,4752
55505,50753,4752
55506,50754,4752
55507,50755,4752
55508,50756,4752
55509,50757,4752
55510,50758,4752
55511,50758,4753
55512,50759,4753
55513,50760,4753
55515,50762,4753
55516,50763,4753
55517,50764,4753
55519,50766,4753
55520,50767,4753
55521,50768,4753
55523,50770,4753
55525,50771,4754
55526,50772,4754
55527,50773,4754
55528,50774,4754
55530,50775,4755
55531,50776,4755
55532,50777,4755
55533,50778,4755
55534,50779,4755
55535,50780,4755
55536,50781,4755
55537,50782,4755
55538,50783,4755
55540,50785,4755
55541,50786,4755
55542,50787,4755
55544,50789,4755
55545,50789,4756
55546,50790,4756
55547,50791,4756
55548,50792,4756
55549,50793,4756
55550,50794,4756
55551,50795,4756
55552,50795,4757
55553,50796,4757
55554,50797,4757
55556,50799,4757
55557,50800,4757
55558,50801,4757
55560,50803,4757
55561,50804,4757
55562,50805,4757
55564,50807,4757
55566,50808,4758
55567,50809,4758
55568,50810,4758
55569,50811,4758
55571,50812,4759
55572,50813,4759
55573,50814,4759
55574,50815,4759
55575,50816,4759
55576,50817,4759
55577,50818,4759
55578,50819,4759
55579,50820,4759
55581,50822,4759
55582,50823,4759
55583,50824,4759
55585,50826,4759
55586,50826,4760
55587,50827,4760
55588,50828,4760
55589,50829,4760
55590,50830,4760
55591,50831,4760
55592,50832,4760
55593,50832,4761
55594,50833,4761
55595,50834,4761
55597,50836,4761
55598,50837,4761
55599,50838,4761
55601,50840,4761
55602,50841,4761
55603,50842,4761
55605,50844,4761
55607,50845,4762
55608,50846,4762
55609,50847,4762
55610,50848,4762
55611,50848,4763
55612,50849,4763
55613,50850,4763
55614,50851,4763
55615,50852,4763
55616,50853,4763
55617,50854,4763
55618,50855,4763
55619,50856,4763
55621,50858,4763
55622,50859,4763
55623,50860,4763
55625,50862,4763
55626,50862,4764
55627,50863,4764
55628,50864,4764
55629,50865,4764
55631,50866,4765
55632,50867,4765
55633,50868,4765
55634,50868,4766
55635,50869,4766
55636,50870,4766
55638,50872,4766
55639,50873,4766
55640,50874,4766
55642,50876,4766
55643,50877,4766
55644,50878,4766
55646,50880,4766
55648,50881,4767
55649,50882,4767
55650,50883,4767
55651,50884,4767
55652,50885,4767
55653,50886,4767
55654,50887,4767
55655,50888,4767
55656,50889,4767
55657,50890,4767
55658,50891,4767
55659,50892,4767
55660,50893,4767
55662,50895,4767
55663,50896,4767
55664,50897,4767
55666,50899,4767
55667,50899,4768
55668,50900,4768
55669,50901,4768
55670,50902,4768
55672,50903,4769
55673,50904,4769
55674,50905,4769
55675,50905,4770
55676,50906,4770
55677,50907,4770
55679,50909,4770
55680,50910,4770
55681,50911,4770
55683,50913,4770
55684,50914,4770
55685,50915,4770
55687,50917,4770
55689,50918,4771
55690,50919,4771
55691,50920,4771
55692,50921,4771
55693,50922,4771
55694,50923,4771
55695,50924,4771
55696,50925,4771
55697,50926,4771
55698,50927,4771
55699,50928,4771
55700,50929,4771
55701,50930,4771
55703,50932,4771
55704,50933,4771
55705,50934,4771
55707,50936,4771
55708,50936,4772
55709,50937,4772
55710,50938,4772
55711,50939,4772
55713,50940,4773
55714,50941,4773
55715,50942,4773
55716,50942,4774
55717,50943,4774
55718,50944,4774
55720,50946,4774
55721,50947,4774
55722,50948,4774
55724,50950,4774
55725,50951,4774
55726,50952,4774
55728,50954,4774
55730,50955,4775
55731,50956,4775
55732,50957,4775
55733,50958,4775
55734,50959,4775
55735,50960,4775
55736,50961,4775
55737,50962,4775
55738,50963,4775
55739,50964,4775
55740,50965,4775
55741,50966,4775
55742,50967,4775
55744,50969,4775
55745,50970,4775
55746,50971,4775
55748,50973,4775
55749,50973,4776
55750,50974,4776
55751,50975,4776
55752,50976,4776
55754,50977,4777
55755,50978,4777
55756,50979,4777
55757,50979,4778
55758,50980,4778
55759,50981,4778
55761,50983,4778
55762,50984,4778
55763,50985,4778
55765,50987,4778
55766,50988,4778
55767,50989,4778
55769,50991,4778
55771,50992,4779
55772,50993,4779
55773,50994,4779
55774,50995,4779
55775,50996,4779
55776,50997,4779
55777,50998,4779
55778,50999,4779
55779,51000,4779
55780,51001,4779
55781,51002,4779
55782,51003,4779
55783,51004,4779
55785,51006,4779
55786,51007,4779
55787,51008,4779
55789,51010,4779
55790,51010,4780
55791,51011,4780
55792,51012,4780
55793,51013,4780
55795,51014,4781
55796,51015,4781
55797,51016,4781
55798,51016,4782
55799,51017,4782
55800,51018,4782
55802,51020,4782
55803,51021,4782
55804,51022,4782
55806,51024,4782
55807,51025,4782
55808,51026,4782
55810,51028,4782
55812,51029,4783
55813,51030,4783
55814,51031,4783
55815,51032,4783
55816,51033,4783
55817,51034,4783
55818,51035,4783
55819,51036,4783
55820,51037,4783
55821,51038,4783
55822,51039,4783
55823,51040,4783
55824,51041,4783
55826,51043,4783
55827,51044,4783
55828,51045,4783
55830,51047,4783
55831,51047,4784
55832,51048,4784
55833,51049,4784
55834,51050,4784
55836,51051,4785
55837,51052,4785
55838,51053,4785
55839,51053,4786
55840,51054,4786
55841,51055,4786
55843,51057,4786
55844,51058,4786
55845,51059,4786
55847,51061,4786
55848,51062,4786
55849,51063,4786
55851,51065,4786
55853,51066,4787
55854,51067,4787
55855,51068,4787
55856,51069,4787
55857,51070,4787
55858,51071,4787
55859,51072,4787
55860,51073,4787
55861,51074,4787
55862,51075,4787
55863,51076,4787
55864,51077,4787
55865,51078,4787
55867,51080,4787
55868,51081,4787
55869,51082,4787
55871,51084,4787
55872,51084,4788
55873,51085,4788
55874,51086,4788
55875,51087,4788
55877,51088,4789
55878,51089,4789
55879,51090,4789
55880,51090,4790
55881,51091,4790
55882,51092,4790
55884,51094,4790
55885,51095,4790
55886,51096,4790
55888,51098,4790
55889,51099,4790
55890,51100,4790
55892,51102,4790
55894,51103,4791
55895,51104,4791
55896,51105,4791
55897,51106,4791
55898,51107,4791
55899,51108,4791
55900,51109,4791
55901,51110,4791
55902,51111,4791
55903,51112,4791
55904,51113,4791
55905,51114,4791
55906,51115,4791
55908,51117,4791
55909,51118,4791
55910,51119,4791
55912,51121,4791
55913,51121,4792
55914,51122,4792
55915,51123,4792
55916,51124,4792
55918,51125,4793
55919,51126,4793
55920,51127,4793
55921,51127,4794
55922,51128,4794
55923,51129,4794
55925,51131,4794
55926,51132,4794
55927,51133,4794
55929,51135,4794
55930,51136,4794
55931,51137,4794
55933,51139,4794
55935,51140,4795
55936,51141,4795
55937,51142,4795
55938,51143,4795
55939,51144,4795
55940,51145,4795
55941,51146,4795
55942,51147,4795
55943,51148,4795
55944,51149,4795
55945,51150,4795
55946,51151,4795
55947,51152,4795
55949,51154,4795
55950,51155,4795
55951,51156,4795
55953,51158,4795
55954,51158,4796
55955,51159,4796
55956,51160,4796
55957,51161,4796
55959,51162,4797
55960,51163,4797
55961,51164,4797
55962,51164,4798
55963,51165,4798
55964,51166,4798
55966,51168,4798
55967,51169,4798
55968,51170,4798
55970,51172,4798
55971,51173,4798
55972,51174,4798
55974,51176,4798
55976,51177,4799
55977,51178,4799
55978,51179,4799
55979,51180,4799
55980,51181,4799
55981,51182,4799
55982,51183,4799
55983,51184,4799
55984,51185,4799
55985,51186,4799
55986,51187,4799
55987,51188,4799
55988,51189,4799
55990,51191,4799
55991,51192,4799
55992,51193,4799
55994,51195,4799
55995,51195,4800
55996,51196,4800
55997,51197,4800
55998,51198,4800
55999,51198,4801
56000,51199,4801
56001,51200,4801
56002,51200,4802
56003,51201,4802
56004,51202,4802
56006,51204,4802
56007,51205,4802
56008,51206,4802
56010,51208,4802
56011,51209,4802
56012,51210,4802
56014,51212,4802
56016,51213,4803
56017,51214,4803
56018,51215,4803
56019,51216,4803
56021,51217,4804
56022,51218,4804
56023,51219,4804
56024,51220,4804
56025,51221,4804
56026,51222,4804
56027,51223,4804
56028,51224,4804
56029,51225,4804
56031,51227,4804
56032,51228,4804
56033,51229,4804
56035,51231,4804
56036,51231,4805
56037,51232,4805
56038,51233,4805
56039,51234,4805
56040,51235,4805
56041,51236,4805
56042,51237,4805
56043,51237,4806
56044,51238,4806
56045,51239,4806
56047,51241,4806
56048,51242,4806
56049,51243,4806
56051,51245,4806
56052,51246,4806
56053,51247,4806
56055,51249,4806
56057,51250,4807
56058,51251,4807
56059,51252,4807
56060,51253,4807
56062,51254,4808
56063,51255,4808
56064,51256,4808
56065,51257,4808
56066,51258,4808
56067,51259,4808
56068,51260,4808
56069,51261,4808
56070,51262,4808
56072,51264,4808
56073,51265,4808
56074,51266,4808
56076,51268,4808
56077,51268,4809
56078,51269,4809
56079,51270,4809
56080,51271,4809
56081,51272,4809
56082,51273,4809
56083,51274,4809
56084,51274,4810
56085,51275,4810
56086,51276,4810
56088,51278,4810
56089,51279,4810
56090,51280,4810
56092,51282,4810
56093,51283,4810
56094,51284,4810
56096,51286,4810
56098,51287,4811
56099,51288,4811
56100,51289,4811
56101,51290,4811
56103,51291,4812
56104,51292,4812
56105,51293,4812
56106,51294,4812
56107,51295,4812
56108,51296,4812
56109,51297,4812
56110,51298,4812
56111,51299,4812
56113,51301,4812
56114,51302,4812
56115,51303,4812
56117,51305,4812
56118,51305,4813
56119,51306,4813
56120,51307,4813
56121,51308,4813
56122,51309,4813
56123,51310,4813
56124,51311,4813
56125,51311,4814
56126,51312,4814
56127,51313,4814
56129,51315,4814
56130,51316,4814
56131,51317,4814
56133,51319,4814
56134,51320,4814
56135,51321,4814
56137,51323,4814
56139,51324,4815
56140,51325,4815
56141,51326,4815
56142,51327,4815
56144,51328,4816
56145,51329,4816
56146,51330,4816
56147,51331,4816
56148,51332,4816
56149,51333,4816
56150,51334,4816
56151,51335,4816
56152,51336,4816
56154,51338,4816
56155,51339,4816
56156,51340,4816
56158,51342,4816
56159,51342,4817
56160,51343,4817
56161,51344,4817
56162,51345,4817
56163,51346,4817
56164,51347,4817
56165,51348,4817
56166,51348,4818
56167,51349,4818
56168,51350,4818
56170,51352,4818
56171,51353,4818
56172,51354,4818
56174,51356,4818
56175,51357,4818
56176,51358,4818
56178,51360,4818
56180,51361,4819
56181,51362,4819
56182,51363,4819
56183,51364,4819
56185,51365,4820
56186,51366,4820
56187,51367,4820
56188,51368,4820
56189,51369,4820
56190,51370,4820
56191,51371,4820
56192,51372,4820
56193,51373,4820
56195,51375,4820
56196,51376,4820
56197,51377,4820
56199,51379,4820
56200,51379,4821
56201,51380,4821
56202,51381,4821
56203,51382,4821
56204,51383,4821
56205,51384,4821
56206,51385,4821
56207,51385,4822
56208,51386,4822
56209,51387,4822
56211,51389,4822
56212,51390,4822
56213,51391,4822
56215,51393,4822
56216,51394,4822
56217,51395,4822
56219,51397,4822
56221,51398,4823
56222,51399,4823
56223,51400,4823
56224,51401,4823
56226,51402,4824
56227,51403,4824
56228,51404,4824
56229,51405,4824
56230,51406,4824
56231,51407,4824
56232,51408,4824
56233,51409,4824
56234,51410,4824
56236,51412,4824
56237,51413,4824
56238,51414,4824
56240,51416,4824
56241,51416,4825
56242,51417,4825
56243,51418,4825
56244,51419,4825
56245,51420,4825
56246,51421,4825
56247,51422,4825
56248,51422,4826
56249,51423,4826
56250,51424,4826
56252,51426,4826
56253,51427,4826
56254,51428,4826
56256,51430,4826
56257,51431,4826
56258,51432,4826
56260,51434,4826
56262,51435,4827
56263,51436,4827
56264,51437,4827
56265,51438,4827
56267,51439,4828
56268,51440,4828
56269,51441,4828
56270,51442,4828
56271,51443,4828
56272,51444,4828
56273,51445,4828
56274,51446,4828
56275,51447,4828
56277,51449,4828
56278,51450,4828
56279,51451,4828
56281,51453,4828
56282,51453,4829
56283,51454,4829
56284,51455,4829
56285,51456,4829
56286,51457,4829
56287,51458,4829
56288,51459,4829
56289,51459,4830
56290,51460,4830
56291,51461,4830
56293,51463,4830
56294,51464,4830
56295,51465,4830
56297,51467,4830
56298,51468,4830
56299,51469,4830
56301,51471,4830
56303,51472,4831
56304,51473,4831
56305,51474,4831
56306,51475,4831
56308,51476,4832
56309,51477,4832
56310,51478,4832
56311,51479,4832
56312,51480,4832
56313,51481,4832
56314,51482,4832
56315,51483,4832
56316,51484,4832
56318,51486,4832
56319,51487,4832
56320,51488,4832
56322,51490,4832
56323,51490,4833
56324,51491,4833
56325,51492,4833
56326,51493,4833
56327,51494,4833
56328,51495,4833
56329,51496,4833
56330,51496,4834
56331,51497,4834
56332,51498,4834
56334,51500,4834
56335,51501,4834
56336,51502,4834
56338,51504,4834
56339,51505,4834
56340,51506,4834
56342,51508,4834
56344,51509,4835
56345,51510,4835
56346,51511,4835
56347,51512,4835
56349,51513,4836
56350,51514,4836
56351,51515,4836
56352,51516,4836
56353,51517,4836
56354,51518,4836
56355,51519,4836
56356,51520,4836
56357,51521,4836
56359,51523,4836
56360,51524,4836
56361,51525,4836
56363,51527,4836
56364,51527,4837
56365,51528,4837
56366,51529,4837
56367,51530,4837
56368,51531,4837
56369,51532,4837
56370,51533,4837
56371,51533,4838
56372,51534,4838
56373,51535,4838
56375,51537,4838
56376,51538,4838
56377,51539,4838
56379,51541,4838
56380,51542,4838
56381,51543,4838
56383,51545,4838
56385,51546,4839
56386,51547,4839
56387,51548,4839
56388,51549,4839
56389,51549,4840
56390,51550,4840
56391,51551,4840
56392,51552,4840
56393,51553,4840
56394,51554,4840
56395,51555,4840
56396,51556,4840
56397,51557,4840
56399,51559,4840
56400,51560,4840
56401,51561,4840
56403,51563,4840
56404,51563,4841
56405,51564,4841
56406,51565,4841
56407,51566,4841
56409,51567,4842
56410,51568,4842
56411,51569,4842
56412,51569,4843
56413,51570,4843
56414,51571,4843
56416,51573,4843
56417,51574,4843
56418,51575,4843
56420,51577,4843
56421,51578,4843
56422,51579,4843
56424,51581,4843
56426,51582,4844
56427,51583,4844
56428,51584,4844
56429,51585,4844
56430,51586,4844
56431,51587,4844
56432,51588,4844
56433,51589,4844
56434,51590,4844
56435,51591,4844
56436,51592,4844
56437,51593,4844
56438,51594,4844
56440,51596,4844
56441,51597,4844
56442,51598,4844
56444,51600,4844
56445,51600,4845
56446,51601,4845
56447,51602,4845
56448,51603,4845
56450,51604,4846
56451,51605,4846
56452,51606,4846
56453,51606,4847
56454,51607,4847
56455,51608,4847
56457,51610,4847
56458,51611,4847
56459,51612,4847
56461,51614,4847
56462,51615,4847
56463,51616,4847
56465,51618,4847
56467,51619,4848
56468,51620,4848
56469,51621,4848
56470,51622,4848
56471,51623,4848
56472,51624,4848
56473,51625,4848
56474,51626,4848
56475,51627,4848
56476,51628,4848
56477,51629,4848
56478,51630,4848
56479,51631,4848
56481,51633,4848
56482,51634,4848
56483,51635,4848
56485,51637,4848
56486,51637,4849
56487,51638,4849
56488,51639,4849
56489,51640,4849
56491,51641,4850
56492,51642,4850
56493,51643,4850
56494,51643,4851
56495,51644,4851
56496,51645,4851
56498,51647,4851
56499,51648,4851
56500,51649,4851
56502,51651,4851
56503,51652,4851
56504,51653,4851
56506,51655,4851
56508,51656,4852
56509,51657,4852
56510,51658,4852
56511,51659,4852
56512,51660,4852
56513,51661,4852
56514,51662,4852
56515,51663,4852
56516,51664,4852
56517,51665,4852
56518,51666,4852
56519,51667,4852
56520,51668,4852
56522,51670,4852
56523,51671,4852
56524,51672,4852
56526,51674,4852
56527,51674,4853
56528,51675,4853
56529,51676,4853
56530,51677,4853
56532,51678,4854
56533,51679,4854
56534,51680,4854
56535,51680,4855
56536,51681,4855
56537,51682,4855
56539,51684,4855
56540,51685,4855
56541,51686,4855
56543,51688,4855
56544,51689,4855
56545,51690,4855
56547,51692,4855
56549,51693,4856
56550,51694,4856
56551,51695,4856
56552,51696,4856
56553,51697,4856
56554,51698,4856
56555,51699,4856
56556,51700,4856
56557,51701,4856
56558,51702,4856
56559,51703,4856
56560,51704,4856
56561,51705,4856
56563,51707,4856
56564,51708,4856
56565,51709,4856
56567,51711,4856
56568,51711,4857
56569,51712,4857
56570,51713,4857
56571,51714,4857
56573,51715,4858
56574,51716,4858
56575,51717,4858
56576,51717,4859
56577,51718,4859
56578,51719,4859
56580,51721,4859
56581,51722,4859
56582,51723,4859
56584,51725,4859
56585,51726,4859
56586,51727,4859
56588,51729,4859
56590,51730,4860
56591,51731,4860
56592,51732,4860
56593,51733,4860
56594,51734,4860
56595,51735,4860
56596,51736,4860
56597,51737,4860
56598,51738,4860
56599,51739,4860
56600,51740,4860
56601,51741,4860
56602,51742,4860
56604,51744,4860
56605,51745,4860
56606,51746,4860
56608,51748,4860
56609,51748,4861
56610,51749,4861
56611,51750,4861
56612,51751,4861
56614,51752,4862
56615,51753,4862
56616,51754,4862
56617,51754,4863
56618,51755,4863
56619,51756,4863
56621,51758,4863
56622,51759,4863
56623,51760,4863
56625,51762,4863
56626,51763,4863
56627,51764,4863
56629,51766,4863
56631,51767,4864
56632,51768,4864
56633,51769,4864
56634,51770,4864
56635,51771,4864
56636,51772,4864
56637,51773,4864
56638,51774,4864
56639,51775,4864
56640,51776,4864
56641,51777,4864
56642,51778,4864
56643,51779,4864
56645,51781,4864
56646,51782,4864
56647,51783,4864
56649,51785,4864
56650,51785,4865
56651,51786,4865
56652,51787,4865
56653,51788,4865
56655,51789,4866
56656,51790,4866
56657,51791,4866
56658,51791,4867
56659,51792,4867
56660,51793,4867
56662,51795,4867
56663,51796,4867
56664,51797,4867
56666,51799,4867
56667,51800,4867
56668,51801,4867
56670,51803,4867
56672,51804,4868
56673,51805,4868
56674,51806,4868
56675,51807,4868
56676,51808,4868
56677,51809,4868
56678,51810,4868
56679,51811,4868
56680,51812,4868
56681,51813,4868
56682,51814,4868
56683,51815,4868
56684,51816,4868
56686,51818,4868
56687,51819,4868
56688,51820,4868
56690,51822,4868
56691,51822,4869
56692,51823,4869
56693,51824,4869
56694,51825,4869
56696,51826,4870
56697,51827,4870
56698,51828,4870
56699,51828,4871
56700,51829,4871
56701,51830,4871
56703,51832,4871
56704,51833,4871
56705,51834,4871
56707,51836,4871
56708,51837,4871
56709,51838,4871
56711,51840,4871
56713,51841,4872
56714,51842,4872
56715,51843,4872
56716,51844,4872
56717,51845,4872
56718,51846,4872
56719,51847,4872
56720,51848,4872
56721,51849,4872
56722,51850,4872
56723,51851,4872
56724,51852,4872
56725,51853,4872
56727,51855,4872
56728,51856,4872
56729,51857,4872
56731,51859,4872
56732,51859,4873
56733,51860,4873
56734,51861,4873
56735,51862,4873
56737,51863,4874
56738,51864,4874
56739,51865,4874
56740,51865,4875
56741,51866,4875
56742,51867,4875
56744,51869,4875
56745,51870,4875
56746,51871,4875
56748,51873,4875
56749,51874,4875
56750,51875,4875
56752,51877,4875
56754,51878,4876
56755,51879,4876
56756,51880,4876
56757,51881,4876
56758,51882,4876
56759,51883,4876
56760,51884,4876
56761,51885,4876
56762,51886,4876
56763,51887,4876
56764,51888,4876
56765,51889,4876
56766,51890,4876
56768,51892,4876
56769,51893,4876
56770,51894,4876
56772,51896,4876
56773,51896,4877
56774,51897,4877
56775,51898,4877
56776,51899,4877
56777,51899,4878
56778,51900,4878
56779,51901,4878
56780,51901,4879
56781,51902,4879
56782,51903,4879
56784,51905,4879
56785,51906,4879
56786,51907,4879
56788,51909,4879
56789,51910,4879
56790,51911,4879
56792,51913,4879
56794,51914,4880
56795,51915,4880
56796,51916,4880
56797,51917,4880
56799,51918,4881
56800,51919,4881
56801,51920,4881
56802,51921,4881
56803,51922,4881
56804,51923,4881
56805,51924,4881
56806,51925,4881
56807,51926,4881
56809,51928,4881
56810,51929,4881
56811,51930,4881
56813,51932,4881
56814,51932,4882
56815,51933,4882
56816,51934,4882
56817,51935,4882
56818,51936,4882
56819,51937,4882
56820,51938,4882
56821,51938,4883
56822,51939,4883
56823,51940,4883
56825,51942,4883
56826,51943,4883
56827,51944,4883
56829,51946,4883
56830,51947,4883
56831,51948,4883
56833,51950,4883
56835,51951,4884
56836,51952,4884
56837,51953,4884
56838,51954,4884
56840,51955,4885
56841,51956,4885
56842,51957,4885
56843,51958,4885
56844,51959,4885
56845,51960,4885
56846,51961,4885
56847,51962,4885
56848,51963,4885
56850,51965,4885
56851,51966,4885
56852,51967,4885
56854,51969,4885
56855,51969,4886
56856,51970,4886
56857,51971,4886
56858,51972,4886
56859,51973,4886
56860,51974,4886
56861,51975,4886
56862,51975,4887
56863,51976,4887
56864,51977,4887
56866,51979,4887
56867,51980,4887
56868,51981,4887
56870,51983,4887
56871,51984,4887
56872,51985,4887
56874,51987,4887
56876,51988,4888
56877,51989,4888
56878,51990,4888
56879,51991,4888
56881,51992,4889
56882,51993,4889
56883,51994,4889
56884,51995,4889
56885,51996,4889
56886,51997,4889
56887,51998,4889
56888,51999,4889
56889,52000,4889
56891,52002,4889
56892,52003,4889
56893,52004,4889
56895,52006,4889
56896,52006,4890
56897,52007,4890
56898,52008,4890
56899,52009,4890
56900,52010,4890
56901,52011,4890
56902,52012,4890
56903,52012,4891
56904,52013,4891
56905,52014,4891
56907,52016,4891
56908,52017,4891
56909,52018,4891
56911,52020,4891
56912,52021,4891
56913,52022,4891
56915,52024,4891
56917,52025,4892
56918,52026,4892
56919,52027,4892
56920,52028,4892
56922,52029,4893
56923,52030,4893
56924,52031,4893
56925,52032,4893
56926,52033,4893
56927,52034,4893
56928,52035,4893
56929,52036,4893
56930,52037,4893
56932,52039,4893
56933,52040,4893
56934,52041,4893
56936,52043,4893
56937,52043,4894
56938,52044,4894
56939,52045,4894
56940,52046,4894
56941,52047,4894
56942,52048,4894
56943,52049,4894
56944,52049,4895
56945,52050,4895
56946,52051,4895
56948,52053,4895
56949,52054,4895
56950,52055,4895
56952,52057,4895
56953,52058,4895
56954,52059,4895
56956,52061,4895
56958,52062,4896
56959,52063,4896
56960,52064,4896
56961,52065,4896
56963,52066,4897
56964,52067,4897
56965,52068,4897
56966,52069,4897
56967,52070,4897
56968,52071,4897
56969,52072,4897
56970,52073,4897
56971,52074,4897
56973,52076,4897
56974,52077,4897
56975,52078,4897
56977,52080,4897
56978,52080,4898
56979,52081,4898
56980,52082,4898
56981,52083,4898
56982,52084,4898
56983,52085,4898
56984,52086,4898
56985,52086,4899
56986,52087,4899
56987,52088,4899
56989,52090,4899
56990,52091,4899
56991,52092,4899
56993,52094,4899
56994,52095,4899
56995,52096,4899
56997,52098,4899
56999,52099,4900
57000,52100,4900
57001,52101,4900
57002,52102,4900
57004,52103,4901
57005,52104,4901
57006,52105,4901
57007,52106,4901
57008,52107,4901
57009,52108,4901
57010,52109,4901
57011,52110,4901
57012,52111,4901
57014,52113,4901
57015,52114,4901
57016,52115,4901
57018,52117,4901
57019,52117,4902
57020,52118,4902
57021,52119,4902
57022,52120,4902
57023,52121,4902
57024,52122,4902
57025,52123,4902
57026,52123,4903
57027,52124,4903
57028,52125,4903
57030,52127,4903
57031,52128,4903
57032,52129,4903
57034,52131,4903
57035,52132,4903
57036,52133,4903
57038,52135,4903
57040,52136,4904
57041,52137,4904
57042,52138,4904
57043,52139,4904
57045,52140,4905
57046,52141,4905
57047,52142,4905
57048,52143,4905
57049,52144,4905
57050,52145,4905
57051,52146,4905
57052,52147,4905
57053,52148,4905
57055,52150,4905
57056,52151,4905
57057,52152,4905
57059,52154,4905
57060,52154,4906
57061,52155,4906
57062,52156,4906
57063,52157,4906
57064,52158,4906
57065,52159,4906
57066,52160,4906
57067,52160,4907
57068,52161,4907
57069,52162,4907
57071,52164,4907
57072,52165,4907
57073,52166,4907
57075,52168,4907
57076,52169,4907
57077,52170,4907
57079,52172,4907
57081,52173,4908
57082,52174,4908
57083,52175,4908
57084,52176,4908
57086,52177,4909
57087,52178,4909
57088,52179,4909
57089,52180,4909
57090,52181,4909
57091,52182,4909
57092,52183,4909
57093,52184,4909
57094,52185,4909
57096,52187,4909
57097,52188,4909
57098,52189,4909
57100,52191,4909
57101,52191,4910
57102,52192,4910
57103,52193,4910
57104,52194,4910
57105,52195,4910
57106,52196,4910
57107,52197,4910
57108,52197,4911
57109,52198,4911
57110,52199,4911
57112,52201,4911
57113,52202,4911
57114,52203,4911
57116,52205,4911
57117,52206,4911
57118,52207,4911
57120,52209,4911
57122,52210,4912
57123,52211,4912
57124,52212,4912
57125,52213,4912
57127,52214,4913
57128,52215,4913
57129,52216,4913
57130,52217,4913
57131,52218,4913
57132,52219,4913
57133,52220,4913
57134,52221,4913
57135,52222,4913
57137,52224,4913
57138,52225,4913
57139,52226,4913
57141,52228,4913
57142,52228,4914
57143,52229,4914
57144,52230,4914
57145,52231,4914
57146,52232,4914
57147,52233,4914
57148,52234,4914
57149,52234,4915
57150,52235,4915
57151,52236,4915
57153,52238,4915
57154,52239,4915
57155,52240,4915
57157,52242,4915
57158,52243,4915
57159,52244,4915
57161,52246,4915
57163,52247,4916
57164,52248,4916
57165,52249,4916
57166,52250,4916
57167,52250,4917
57168,52251,4917
57169,52252,4917
57170,52253,4917
57171,52254,4917
57172,52255,4917
57173,52256,4917
57174,52257,4917
57175,52258,4917
57177,52260,4917
57178,52261,4917
57179,52262,4917
57181,52264,4917
57182,52264,4918
57183,52265,4918
57184,52266,4918
57185,52267,4918
57187,52268,4919
57188,52269,4919
57189,52270,4919
57190,52270,4920
57191,52271,4920
57192,52272,4920
57194,52274,4920
57195,52275,4920
57196,52276,4920
57198,52278,4920
57199,52279,4920
57200,52280,4920
57202,52282,4920
57204,52283,4921
57205,52284,4921
57206,52285,4921
57207,52286,4921
57208,52287,4921
57209,52288,4921
57210,52289,4921
57211,52290,4921
57212,52291,4921
57213,52292,4921
57214,52293,4921
57215,52294,4921
57216,52295,4921
57218,52297,4921
57219,52298,4921
57220,52299,4921
57222,52301,4921
57223,52301,4922
57224,52302,4922
57225,52303,4922
57226,52304,4922
57228,52305,4923
57229,52306,4923
57230,52307,4923
57231,52307,4924
57232,52308,4924
57233,52309,4924
57235,52311,4924
57236,52312,4924
57237,52313,4924
57239,52315,4924
57240,52316,4924
57241,52317,4924
57243,52319,4924
57245,52320,4925
57246,52321,4925
57247,52322,4925
57248,52323,4925
57249,52324,4925
57250,52325,4925
57251,52326,4925
57252,52327,4925
57253,52328,4925
57254,52329,4925
57255,52330,4925
57256,52331,4925
57257,52332,4925
57259,52334,4925
57260,52335,4925
57261,52336,4925
57263,52338,4925
57264,52338,4926
57265,52339,4926
57266,52340,4926
57267,52341,4926
57269,52342,4927
57270,52343,4927
57271,52344,4927
57272,52344,4928
57273,52345,4928
57274,52346,4928
57276,52348,4928
57277,52349,4928
57278,52350,4928
57280,52352,4928
57281,52353,4928
57282,52354,4928
57284,52356,4928
57286,52357,4929
57287,52358,4929
57288,52359,4929
57289,52360,4929
57290,52361,4929
57291,52362,4929
57292,52363,4929
57293,52364,4929
57294,52365,4929
57295,52366,4929
57296,52367,4929
57297,52368,4929
57298,52369,4929
57300,52371,4929
57301,52372,4929
57302,52373,4929
57304,52375,4929
57305,52375,4930
57306,52376,4930
57307,52377,4930
57308,52378,4930
57310,52379,4931
57311,52380,4931
57312,52381,4931
57313,52381,4932
57314,52382,4932
57315,52383,4932
57317,52385,4932
57318,52386,4932
57319,52387,4932
57321,52389,4932
57322,52390,4932
57323,52391,4932
57325,52393,4932
57327,52394,4933
57328,52395,4933
57329,52396,4933
57330,52397,4933
57331,52398,4933
57332,52399,4933
57333,52400,4933
57334,52401,4933
57335,52402,4933
57336,52403,4933
57337,52404,4933
57338,52405,4933
57339,52406,4933
57341,52408,4933
57342,52409,4933
57343,52410,4933
57345,52412,4933
57346,52412,4934
57347,52413,4934
57348,52414,4934
57349,52415,4934
57351,52416,4935
57352,52417,4935
57353,52418,4935
57354,52418,4936
57355,52419,4936
57356,52420,4936
57358,52422,4936
57359,52423,4936
57360,52424,4936
57362,52426,4936
57363,52427,4936
57364,52428,4936
57366,52430,4936
57368,52431,4937
57369,52432,4937
57370,52433,4937
57371,52434,4937
57372,52435,4937
57373,52436,4937
57374,52437,4937
57375,52438,4937
57376,52439,4937
57377,52440,4937
57378,52441,4937
57379,52442,4937
57380,52443,4937
57382,52445,4937
57383,52446,4937
57384,52447,4937
57386,52449,4937
57387,52449,4938
57388,52450,4938
57389,52451,4938
57390,52452,4938
57392,52453,4939
57393,52454,4939
57394,52455,4939
57395,52455,4940
57396,52456,4940
57397,52457,4940
57399,52459,4940
57400,52460,4940
57401,52461,4940
57403,52463,4940
57404,52464,4940
57405,52465,4940
57407,52467,4940
57409,52468,4941
57410,52469,4941
57411,52470,4941
57412,52471,4941
57413,52472,4941
57414,52473,4941
57415,52474,4941
57416,52475,4941
57417,52476,4941
57418,52477,4941
57419,52478,4941
57420,52479,4941
57421,52480,4941
57423,52482,4941
57424,52483,4941
57425,52484,4941
57427,52486,4941
57428,52486,4942
57429,52487,4942
57430,52488,4942
57431,52489,4942
57433,52490,4943
57434,52491,4943
57435,52492,4943
57436,52492,4944
57437,52493,4944
57438,52494,4944
57440,52496,4944
57441,52497,4944
57442,52498,4944
57444,52500,4944
57445,52501,4944
57446,52502,4944
57448,52504,4944
57450,52505,4945
57451,52506,4945
57452,52507,4945
57453,52508,4945
57454,52509,4945
57455,52510,4945
57456,52511,4945
57457,52512,4945
57458,52513,4945
57459,52514,4945
57460,52515,4945
57461,52516,4945
57462,52517,4945
57464,52519,4945
57465,52520,4945
57466,52521,4945
57468,52523,4945
57469,52523,4946
57470,52524,4946
57471,52525,4946
57472,52526,4946
57474,52527,4947
57475,52528,4947
57476,52529,4947
57477,52529,4948
57478,52530,4948
57479,52531,4948
57481,52533,4948
57482,52534,4948
57483,52535,4948
57485,52537,4948
57486,52538,4948
57487,52539,4948
57489,52541,4948
57491,52542,4949
57492,52543,4949
57493,52544,4949
57494,52545,4949
57495,52546,4949
57496,52547,4949
57497,52548,4949
57498,52549,4949
57499,52550,4949
57500,52551,4949
57501,52552,4949
57502,52553,4949
57503,52554,4949
57505,52556,4949
57506,52557,4949
57507,52558,4949
57509,52560,4949
57510,52560,4950
57511,52561,4950
57512,52562,4950
57513,52563,4950
57515,52564,4951
57516,52565,4951
57517,52566,4951
57518,52566,4952
57519,52567,4952
57520,52568,4952
57522,52570,4952
57523,52571,4952
57524,52572,4952
57526,52574,4952
57527,52575,4952
57528,52576,4952
57530,52578,4952
57532,52579,4953
57533,52580,4953
57534,52581,4953
57535,52582,4953
57536,52583,4953
57537,52584,4953
57538,52585,4953
57539,52586,4953
57540,52587,4953
57541,52588,4953
57542,52589,4953
57543,52590,4953
57544,52591,4953
57546,52593,4953
57547,52594,4953
57548,52595,4953
57550,52597,4953
57551,52597,4954
57552,52598,4954
57553,52599,4954
57554,52600,4954
57555,52600,4955
57556,52601,4955
57557,52602,4955
57558,52602,4956
57559,52603,4956
57560,52604,4956
57562,52606,4956
57563,52607,4956
57564,52608,4956
57566,52610,4956
57567,52611,4956
57568,52612,4956
57570,52614,4956
57572,52615,4957
57573,52616,4957
57574,52617,4957
57575,52618,4957
57577,52619,4958
57578,52620,4958
57579,52621,4958
57580,52622,4958
57581,52623,4958
57582,52624,4958
57583,52625,4958
57584,52626,4958
57585,52627,4958
57587,52629,4958
57588,52630,4958
57589,52631,4958
57591,52633,4958
57592,52633,4959
57593,52634,4959
57594,52635,4959
57595,52636,4959
57596,52637,4959
57597,52638,4959
57598,52639,4959
57599,52639,4960
57600,52640,4960
57601,52641,4960
57603,52643,4960
57604,52644,4960
57605,52645,4960
57607,52647,4960
57608,52648,4960
57609,52649,4960
57611,52651,4960
57613,52652,4961
57614,52653,4961
57615,52654,4961
57616,52655,4961
57618,52656,4962
57619,52657,4962
57620,52658,4962
57621,52659,4962
57622,52660,4962
57623,52661,4962
57624,52662,4962
57625,52663,4962
57626,52664,4962
57628,52666,4962
57629,52667,4962
57630,52668,4962
57632,52670,4962
57633,52670,4963
57634,52671,4963
57635,52672,4963
57636,52673,4963
57637,52674,4963
57638,52675,4963
57639,52676,4963
57640,52676,4964
57641,52677,4964
57642,52678,4964
57644,52680,4964
57645,52681,4964
57646,52682,4964
57648,52684,4964
57649,52685,4964
57650,52686,4964
57652,52688,4964
57654,52689,4965
57655,52690,4965
57656,52691,4965
57657,52692,4965
57659,52693,4966
57660,52694,4966
57661,52695,4966
57662,52696,4966
57663,52697,4966
57664,52698,4966
57665,52699,4966
57666,52700,4966
57667,52701,4966
57669,52703,4966
57670,52704,4966
57671,52705,4966
57673,52707,4966
57674,52707,4967
57675,52708,4967
57676,52709,4967
57677,52710,4967
57678,52711,4967
57679,52712,4967
57680,52713,4967
57681,52713,4968
57682,52714,4968
57683,52715,4968
57685,52717,4968
57686,52718,4968
57687,52719,4968
57689,52721,4968
57690,52722,4968
57691,52723,4968
57693,52725,4968
57695,52726,4969
57696,52727,4969
57697,52728,4969
57698,52729,4969
57700,52730,4970
57701,52731,4970
57702,52732,4970
57703,52733,4970
57704,52734,4970
57705,52735,4970
57706,52736,4970
57707,52737,4970
57708,52738,4970
57710,52740,4970
57711,52741,4970
57712,52742,4970
57714,52744,4970
57715,52744,4971
57716,52745,4971
57717,52746,4971
57718,52747,4971
57719,52748,4971
57720,52749,4971
57721,52750,4971
57722,52750,4972
57723,52751,4972
57724,52752,4972
57726,52754,4972
57727,52755,4972
57728,52756,4972
57730,52758,4972
57731,52759,4972
57732,52760,4972
57734,52762,4972
57736,52763,4973
57737,52764,4973
57738,52765,4973
57739,52766,4973
57741,52767,4974
57742,52768,4974
57743,52769,4974
57744,52770,4974
57745,52771,4974
57746,52772,4974
57747,52773,4974
57748,52774,4974
57749,52775,4974
57751,52777,4974
57752,52778,4974
57753,52779,4974
57755,52781,4974
57756,52781,4975
57757,52782,4975
57758,52783,4975
57759,52784,4975
57760,52785,4975
57761,52786,4975
57762,52787,4975
57763,52787,4976
57764,52788,4976
57765,52789,4976
57767,52791,4976
57768,52792,4976
57769,52793,4976
57771,52795,4976
57772,52796,4976
57773,52797,4976
57775,52799,4976
57777,52800,4977
57778,52801,4977
57779,52802,4977
57780,52803,4977
57782,52804,4978
57783,52805,4978
57784,52806,4978
57785,52807,4978
57786,52808,4978
57787,52809,4978
57788,52810,4978
57789,52811,4978
57790,52812,4978
57792,52814,4978
57793,52815,4978
57794,52816,4978
57796,52818,4978
57797,52818,4979
57798,52819,4979
57799,52820,4979
57800,52821,4979
57801,52822,4979
57802,52823,4979
57803,52824,4979
57804,52824,4980
57805,52825,4980
57806,52826,4980
57808,52828,4980
57809,52829,4980
57810,52830,4980
57812,52832,4980
57813,52833,4980
57814,52834,4980
57816,52836,4980
57818,52837,4981
57819,52838,4981
57820,52839,4981
57821,52840,4981
57823,52841,4982
57824,52842,4982
57825,52843,4982
57826,52844,4982
57827,52845,4982
57828,52846,4982
57829,52847,4982
57830,52848,4982
57831,52849,4982
57833,52851,4982
57834,52852,4982
57835,52853,4982
57837,52855,4982
57838,52855,4983
57839,52856,4983
57840,52857,4983
57841,52858,4983
57842,52859,4983
57843,52860,4983
57844,52861,4983
57845,52861,4984
57846,52862,4984
57847,52863,4984
57849,52865,4984
57850,52866,4984
57851,52867,4984
57853,52869,4984
57854,52870,4984
57855,52871,4984
57857,52873,4984
57859,52874,4985
57860,52875,4985
57861,52876,4985
57862,52877,4985
57864,52878,4986
57865,52879,4986
57866,52880,4986
57867,52881,4986
57868,52882,4986
57869,52883,4986
57870,52884,4986
57871,52885,4986
57872,52886,4986
57874,52888,4986
57875,52889,4986
57876,52890,4986
57878,52892,4986
57879,52892,4987
57880,52893,4987
57881,52894,4987
57882,52895,4987
57883,52896,4987
57884,52897,4987
57885,52898,4987
57886,52898,4988
57887,52899,4988
57888,52900,4988
57890,52902,4988
57891,52903,4988
57892,52904,4988
57894,52906,4988
57895,52907,4988
57896,52908,4988
57898,52910,4988
57900,52911,4989
57901,52912,4989
57902,52913,4989
57903,52914,4989
57905,52915,4990
57906,52916,4990
57907,52917,4990
57908,52918,4990
57909,52919,4990
57910,52920,4990
57911,52921,4990
57912,52922,4990
57913,52923,4990
57915,52925,4990
57916,52926,4990
57917,52927,4990
57919,52929,4990
57920,52929,4991
57921,52930,4991
57922,52931,4991
57923,52932,4991
57924,52933,4991
57925,52934,4991
57926,52935,4991
57927,52935,4992
57928,52936,4992
57929,52937,4992
57931,52939,4992
57932,52940,4992
57933,52941,4992
57935,52943,4992
57936,52944,4992
57937,52945,4992
57939,52947,4992
57941,52948,4993
57942,52949,4993
57943,52950,4993
57944,52951,4993
57945,52951,4994
57946,52952,4994
57947,52953,4994
57948,52954,4994
57949,52955,4994
57950,52956,4994
57951,52957,4994
57952,52958,4994
57953,52959,4994
57955,52961,4994
57956,52962,4994
57957,52963,4994
57959,52965,4994
57960,52965,4995
57961,52966,4995
57962,52967,4995
57963,52968,4995
57965,52969,4996
57966,52970,4996
57967,52971,4996
57968,52971,4997
57969,52972,4997
57970,52973,4997
57972,52975,4997
57973,52976,4997
57974,52977,4997
57976,52979,4997
57977,52980,4997
57978,52981,4997
57980,52983,4997
57982,52984,4998
57983,52985,4998
57984,52986,4998
57985,52987,4998
57986,52988,4998
57987,52989,4998
57988,52990,4998
57989,52991,4998
57990,52992,4998
57991,52993,4998
57992,52994,4998
57993,52995,4998
57994,52996,4998
57996,52998,4998
57997,52999,4998
57998,53000,4998
58000,53002,4998
58001,53002,4999
58002,53003,4999
58003,53004,4999
58004,53005,4999
58006,53006,5000
58007,53007,5000
58008,53008,5000
58009,53008,5001
58010,53009,5001
58011,53010,5001
58013,53012,5001
58014,53013,5001
58015,53014,5001
58017,53016,5001
58018,53017,5001
58019,53018,5001
58021,53020,5001
58023,53021,5002
58024,53022,5002
58025,53023,5002
58026,53024,5002
58027,53025,5002
58028,53026,5002
58029,53027,5002
58030,53028,5002
58031,53029,5002
58032,53030,5002
58033,53031,5002
58034,53032,5002
58035,53033,5002
58037,53035,5002
58038,53036,5002
58039,53037,5002
58041,53039,5002
58042,53039,5003
58043,53040,5003
58044,53041,5003
58045,53042,5003
58047,53043,5004
58048,53044,5004
58049,53045,5004
58050,53045,5005
58051,53046,5005
58052,53047,5005
58054,53049,5005
58055,53050,5005
58056,53051,5005
58058,53053,5005
58059,53054,5005
58060,53055,5005
58062,53057,5005
58064,53058,5006
58065,53059,5006
58066,53060,5006
58067,53061,5006
58068,53062,5006
58069,53063,5006
58070,53064,5006
58071,53065,5006
58072,53066,5006
58073,53067,5006
58074,53068,5006
58075,53069,5006
58076,53070,5006
58078,53072,5006
58079,53073,5006
58080,53074,5006
58082,53076,5006
58083,53076,5007
58084,53077,5007
58085,53078,5007
58086,53079,5007
58088,53080,5008
58089,53081,5008
58090,53082,5008
58091,53082,5009
58092,53083,5009
58093,53084,5009
58095,53086,5009
58096,53087,5009
58097,53088,5009
58099,53090,5009
58100,53091,5009
58101,53092,5009
58103,53094,5009
58105,53095,5010
58106,53096,5010
58107,53097,5010
58108,53098,5010
58109,53099,5010
58110,53100,5010
58111,53101,5010
58112,53102,5010
58113,53103,5010
58114,53104,5010
58115,53105,5010
58116,53106,5010
58117,53107,5010
58119,53109,5010
58120,53110,5010
58121,53111,5010
58123,53113,5010
58124,53113,5011
58125,53114,5011
58126,53115,5011
58127,53116,5011
58129,53117,5012
58130,53118,5012
58131,53119,5012
58132,53119,5013
58133,53120,5013
58134,53121,5013
58136,53123,5013
58137,53124,5013
58138,53125,5013
58140,53127,5013
58141,53128,5013
58142,53129,5013
58144,53131,5013
58146,53132,5014
58147,53133,5014
58148,53134,5014
58149,53135,5014
58150,53136,5014
58151,53137,5014
58152,53138,5014
58153,53139,5014
58154,53140,5014
58155,53141,5014
58156,53142,5014
58157,53143,5014
58158,53144,5014
58160,53146,5014
58161,53147,5014
58162,53148,5014
58164,53150,5014
58165,53150,5015
58166,53151,5015
58167,53152,5015
58168,53153,5015
58170,53154,5016
58171,53155,5016
58172,53156,5016
58173,53156,5017
58174,53157,5017
58175,53158,5017
58177,53160,5017
58178,53161,5017
58179,53162,5017
58181,53164,5017
58182,53165,5017
58183,53166,5017
58185,53168,5017
58187,53169,5018
58188,53170,5018
58189,53171,5018
58190,53172,5018
58191,53173,5018
58192,53174,5018
58193,53175,5018
58194,53176,5018
58195,53177,5018
58196,53178,5018
58197,53179,5018
58198,53180,5018
58199,53181,5018
58201,53183,5018
58202,53184,5018
58203,53185,5018
58205,53187,5018
58206,53187,5019
58207,53188,5019
58208,53189,5019
58209,53190,5019
58211,53191,5020
58212,53192,5020
58213,53193,5020
58214,53193,5021
58215,53194,5021
58216,53195,5021
58218,53197,5021
58219,53198,5021
58220,53199,5021
58222,53201,5021
58223,53202,5021
58224,53203,5021
58226,53205,5021
58228,53206,5022
58229,53207,5022
58230,53208,5022
58231,53209,5022
58232,53210,5022
58233,53211,5022
58234,53212,5022
58235,53213,5022
58236,53214,5022
58237,53215,5022
58238,53216,5022
58239,53217,5022
58240,53218,5022
58242,53220,5022
58243,53221,5022
58244,53222,5022
58246,53224,5022
58247,53224,5023
58248,53225,5023
58249,53226,5023
58250,53227,5023
58252,53228,5024
58253,53229,5024
58254,53230,5024
58255,53230,5025
58256,53231,5025
58257,53232,5025
58259,53234,5025
58260,53235,5025
58261,53236,5025
58263,53238,5025
58264,53239,5025
58265,53240,5025
58267,53242,5025
58269,53243,5026
58270,53244,5026
58271,53245,5026
58272,53246,5026
58273,53247,5026
58274,53248,5026
58275,53249,5026
58276,53250,5026
58277,53251,5026
58278,53252,5026
58279,53253,5026
58280,53254,5026
58281,53255,5026
58283,53257,5026
58284,53258,5026
58285,53259,5026
58287,53261,5026
58288,53261,5027
58289,53262,5027
58290,53263,5027
58291,53264,5027
58293,53265,5028
58294,53266,5028
58295,53267,5028
58296,53267,5029
58297,53268,5029
58298,53269,5029
58300,53271,5029
58301,53272,5029
58302,53273,5029
58304,53275,5029
58305,53276,5029
58306,53277,5029
58308,53279,5029
58310,53280,5030
58311,53281,5030
58312,53282,5030
58313,53283,5030
58314,53284,5030
58315,53285,5030
58316,53286,5030
58317,53287,5030
58318,53288,5030
58319,53289,5030
58320,53290,5030
58321,53291,5030
58322,53292,5030
58324,53294,5030
58325,53295,5030
58326,53296,5030
58328,53298,5030
58329,53298,5031
58330,53299,5031
58331,53300,5031
58332,53301,5031
58333,53301,5032
58334,53302,5032
58335,53303,5032
58336,53303,5033
58337,53304,5033
58338,53305,5033
58340,53307,5033
58341,53308,5033
58342,53309,5033
58344,53311,5033
58345,53312,5033
58346,53313,5033
58348,53315,5033
58350,53316,5034
58351,53317,5034
58352,53318,5034
58353,53319,5034
58355,53320,5035
58356,53321,5035
58357,53322,5035
58358,53323,5035
58359,53324,5035
58360,53325,5035
58361,53326,5035
58362,53327,5035
58363,53328,5035
58365,53330,5035
58366,53331,5035
58367,53332,5035
58369,53334,5035
58370,53334,5036
58371,53335,5036
58372,53336,5036
58373,53337,5036
58374,53338,5036
58375,53339,5036
58376,53340,5036
58377,53340,5037
58378,53341,5037
58379,53342,5037
58381,53344,5037
58382,53345,5037
58383,53346,5037
58385,53348,5037
58386,53349,5037
58387,53350,5037
58389,53352,5037
58391,53353,5038
58392,53354,5038
58393,53355,5038
58394,53356,5038
58396,53357,5039
58397,53358,5039
58398,53359,5039
58399,53360,5039
58400,53361,5039
58401,53362,5039
58402,53363,5039
58403,53364,5039
58404,53365,5039
58406,53367,5039
58407,53368,5039
58408,53369,5039
58410,53371,5039
58411,53371,5040
58412,53372,5040
58413,53373,5040
58414,53374,5040
58415,53375,5040
58416,53376,5040
58417,53377,5040
58418,53377,5041
58419,53378,5041
58420,53379,5041
58422,53381,5041
58423,53382,5041
58424,53383,5041
58426,53385,5041
58427,53386,5041
58428,53387,5041
58430,53389,5041
58432,53390,5042
58433,53391,5042
58434,53392,5042
58435,53393,5042
58437,53394,5043
58438,53395,5043
58439,53396,5043
58440,53397,5043
58441,53398,5043
58442,53399,5043
58443,53400,5043
58444,53401,5043
58445,53402,5043
58447,53404,5043
58448,53405,5043
58449,53406,5043
58451,53408,5043
58452,53408,5044
58453,53409,5044
58454,53410,5044
58455,53411,5044
58456,53412,5044
58457,53413,5044
58458,53414,5044
58459,53414,5045
58460,53415,5045
58461,53416,5045
58463,53418,5045
58464,53419,5045
58465,53420,5045
58467,53422,5045
58468,53423,5045
58469,53424,5045
58471,53426,5045
58473,53427,5046
58474,53428,5046
58475,53429,5046
58476,53430,5046
58478,53431,5047
58479,53432,5047
58480,53433,5047
58481,53434,5047
58482,53435,5047
58483,53436,5047
58484,53437,5047
58485,53438,5047
58486,53439,5047
58488,53441,5047
58489,53442,5047
58490,53443,5047
58492,53445,5047
58493,53445,5048
58494,53446,5048
58495,53447,5048
58496,53448,5048
58497,53449,5048
58498,53450,5048
58499,53451,5048
58500,53451,5049
58501,53452,5049
58502,53453,5049
58504,53455,5049
58505,53456,5049
58506,53457,5049
58508,53459,5049
58509,53460,5049
58510,53461,5049
58512,53463,5049
58514,53464,5050
58515,53465,5050
58516,53466,5050
58517,53467,5050
58519,53468,5051
58520,53469,5051
58521,53470,5051
58522,53471,5051
58523,53472,5051
58524,53473,5051
58525,53474,5051
58526,53475,5051
58527,53476,5051
58529,53478,5051
58530,53479,5051
58531,53480,5051
58533,53482,5051
58534,53482,5052
58535,53483,5052
58536,53484,5052
58537,53485,5052
58538,53486,5052
58539,53487,5052
58540,53488,5052
58541,53488,5053
58542,53489,5053
58543,53490,5053
58545,53492,5053
58546,53493,5053
58547,53494,5053
58549,53496,5053
58550,53497,5053
58551,53498,5053
58553,53500,5053
58555,53501,5054
58556,53502,5054
58557,53503,5054
58558,53504,5054
58560,53505,5055
58561,53506,5055
58562,53507,5055
58563,53508,5055
58564,53509,5055
58565,53510,5055
58566,53511,5055
58567,53512,5055
58568,53513,5055
58570,53515,5055
58571,53516,5055
58572,53517,5055
58574,53519,5055
58575,53519,5056
58576,53520,5056
58577,53521,5056
58578,53522,5056
58579,53523,5056
58580,53524,5056
58581,53525,5056
58582,53525,5057
58583,53526,5057
58584,53527,5057
58586,53529,5057
58587,53530,5057
58588,53531,5057
58590,53533,5057
58591,53534,5057
58592,53535,5057
58594,53537,5057
58596,53538,5058
58597,53539,5058
58598,53540,5058
58599,53541,5058
58601,53542,5059
58602,53543,5059
58603,53544,5059
58604,53545,5059
58605,53546,5059
58606,53547,5059
58607,53548,5059
58608,53549,5059
58609,53550,5059
58611,53552,5059
58612,53553,5059
58613,53554,5059
58615,53556,5059
58616,53556,5060
58617,53557,5060
58618,53558,5060
58619,53559,5060
58620,53560,5060
58621,53561,5060
58622,53562,5060
58623,53562,5061
58624,53563,5061
58625,53564,5061
58627,53566,5061
58628,53567,5061
58629,53568,5061
58631,53570,5061
58632,53571,5061
58633,53572,5061
58635,53574,5061
58637,53575,5062
58638,53576,5062
58639,53577,5062
58640,53578,5062
58642,53579,5063
58643,53580,5063
58644,53581,5063
58645,53582,5063
58646,53583,5063
58647,53584,5063
58648,53585,5063
58649,53586,5063
58650,53587,5063
58652,53589,5063
58653,53590,5063
58654,53591,5063
58656,53593,5063
58657,53593,5064
58658,53594,5064
58659,53595,5064
58660,53596,5064
58661,53597,5064
58662,53598,5064
58663,53599,5064
58664,53599,5065
58665,53600,5065
58666,53601,5065
58668,53603,5065
58669,53604,5065
58670,53605,5065
58672,53607,5065
58673,53608,5065
58674,53609,5065
58676,53611,5065
58678,53612,5066
58679,53613,5066
58680,53614,5066
58681,53615,5066
58683,53616,5067
58684,53617,5067
58685,53618,5067
58686,53619,5067
58687,53620,5067
58688,53621,5067
58689,53622,5067
58690,53623,5067
58691,53624,5067
58693,53626,5067
58694,53627,5067
58695,53628,5067
58697,53630,5067
58698,53630,5068
58699,53631,5068
58700,53632,5068
58701,53633,5068
58702,53634,5068
58703,53635,5068
58704,53636,5068
58705,53636,5069
58706,53637,5069
58707,53638,5069
58709,53640,5069
58710,53641,5069
58711,53642,5069
58713,53644,5069
58714,53645,5069
58715,53646,5069
58717,53648,5069
58719,53649,5070
58720,53650,5070
58721,53651,5070
58722,53652,5070
58724,53652,5072
58725,53653,5072
58726,53654,5072
58727,53655,5072
58728,53656,5072
58729,53657,5072
58730,53658,5072
58731,53659,5072
58732,53660,5072
58734,53662,5072
58735,53663,5072
58736,53664,5072
58738,53666,5072
58739,53666,5073
58740,53667,5073
58741,53668,5073
58742,53669,5073
58743,53670,5073
58744,53671,5073
58745,53672,5073
58746,53672,5074
58747,53673,5074
58748,53674,5074
58750,53676,5074
58751,53677,5074
58752,53678,5074
58754,53680,5074
58755,53681,5074
58756,53682,5074
58758,53684,5074
58760,53685,5075
58761,53686,5075
58762,53687,5075
58763,53688,5075
58765,53689,5076
58766,53690,5076
58767,53691,5076
58768,53692,5076
58769,53693,5076
58770,53694,5076
58771,53695,5076
58772,53696,5076
58773,53697,5076
58775,53699,5076
58776,53700,5076
58777,53701,5076
58779,53703,5076
58780,53703,5077
58781,53704,5077
58782,53705,5077
58783,53706,5077
58785,53706,5079
58786,53707,5079
58787,53708,5079
58788,53708,5080
58789,53709,5080
58790,53710,5080
58792,53712,5080
58793,53713,5080
58794,53714,5080
58796,53716,5080
58797,53717,5080
58798,53718,5080
58800,53720,5080
58802,53721,5081
58803,53722,5081
58804,53723,5081
58805,53724,5081
58806,53725,5081
58807,53726,5081
58808,53727,5081
58809,53728,5081
58810,53729,5081
58811,53730,5081
58812,53731,5081
58813,53732,5081
58814,53733,5081
58816,53735,5081
58817,53736,5081
58818,53737,5081
58820,53739,5081
58821,53739,5082
58822,53740,5082
58823,53741,5082
58824,53742,5082
58826,53743,5083
58827,53744,5083
58828,53745,5083
58829,53745,5084
58830,53746,5084
58831,53747,5084
58833,53749,5084
58834,53750,5084
58835,53751,5084
58837,53753,5084
58838,53754,5084
58839,53755,5084
58841,53757,5084
58843,53758,5085
58844,53759,5085
58845,53760,5085
58846,53761,5085
58847,53762,5085
58848,53763,5085
58849,53764,5085
58850,53765,5085
58851,53766,5085
58852,53767,5085
58853,53768,5085
58854,53769,5085
58855,53770,5085
58857,53772,5085
58858,53773,5085
58859,53774,5085
58861,53776,5085
58862,53776,5086
58863,53777,5086
58864,53778,5086
58865,53779,5086
58866,53779,5087
58867,53780,5087
58868,53781,5087
58869,53781,5088
58870,53782,5088
58871,53783,5088
58873,53785,5088
58874,53786,5088
58875,53787,5088
58877,53789,5088
58878,53790,5088
58879,53791,5088
58881,53793,5088
58883,53794,5089
58884,53795,5089
58885,53796,5089
58886,53797,5089
58888,53798,5090
58889,53799,5090
58890,53800,5090
58891,53801,5090
58892,53802,5090
58893,53803,5090
58894,53804,5090
58895,53805,5090
58896,53806,5090
58898,53808,5090
58899,53809,5090
58900,53810,5090
58902,53812,5090
58903,53812,5091
58904,53813,5091
58905,53814,5091
58906,53815,5091
58907,53816,5091
58908,53817,5091
58909,53818,5091
58910,53818,5092
58911,53819,5092
58912,53820,5092
58914,53822,5092
58915,53823,5092
58916,53824,5092
58918,53826,5092
58919,53827,5092
58920,53828,5092
58922,53830,5092
58924,53831,5093
58925,53832,5093
58926,53833,5093
58927,53834,5093
58929,53835,5094
58930,53836,5094
58931,53837,5094
58932,53838,5094
58933,53839,5094
58934,53840,5094
58935,53841,5094
58936,53842,5094
58937,53843,5094
58939,53845,5094
58940,53846,5094
58941,53847,5094
58943,53849,5094
58944,53849,5095
58945,53850,5095
58946,53851,5095
58947,53852,5095
58948,53853,5095
58949,53854,5095
58950,53855,5095
58951,53855,5096
58952,53856,5096
58953,53857,5096
58955,53859,5096
58956,53860,5096
58957,53861,5096
58959,53863,5096
58960,53864,5096
58961,53865,5096
58963,53867,5096
58965,53868,5097
58966,53869,5097
58967,53870,5097
58968,53871,5097
58970,53872,5098
58971,53873,5098
58972,53874,5098
58973,53875,5098
58974,53876,5098
58975,53877,5098
58976,53878,5098
58977,53879,5098
58978,53880,5098
58980,53882,5098
58981,53883,5098
58982,53884,5098
58984,53886,5098
58985,53886,5099
58986,53887,5099
58987,53888,5099
58988,53889,5099
58989,53890,5099
58990,53891,5099
58991,53892,5099
58992,53892,5100
58993,53893,5100
58994,53894,5100
58996,53896,5100
58997,53897,5100
58998,53898,5100
59000,53900,5100
59001,53901,5100
59002,53902,5100
59004,53904,5100
59006,53905,5101
59007,53906,5101
59008,53907,5101
59009,53908,5101
59011,53909,5102
59012,53910,5102
59013,53911,5102
59014,53912,5102
59015,53913,5102
59016,53914,5102
59017,53915,5102
59018,53916,5102
59019,53917,5102
59021,53919,5102
59022,53920,5102
59023,53921,5102
59025,53923,5102
59026,53923,5103
59027,53924,5103
59028,53925,5103
59029,53926,5103
59030,53927,5103
59031,53928,5103
59032,53929,5103
59033,53929,5104
59034,53930,5104
59035,53931,5104
59037,53933,5104
59038,53934,5104
59039,53935,5104
59041,53937,5104
59042,53938,5104
59043,53939,5104
59045,53941,5104
59047,53942,5105
59048,53943,5105
59049,53944,5105
59050,53945,5105
59052,53946,5106
59053,53947,5106
59054,53948,5106
59055,53949,5106
59056,53950,5106
59057,53951,5106
59058,53952,5106
59059,53953,5106
59060,53954,5106
59062,53956,5106
59063,53957,5106
59064,53958,5106
59066,53960,5106
59067,53960,5107
59068,53961,5107
59069,53962,5107
59070,53963,5107
59071,53964,5107
59072,53965,5107
59073,53966,5107
59074,53966,5108
59075,53967,5108
59076,53968,5108
59078,53970,5108
59079,53971,5108
59080,53972,5108
59082,53974,5108
59083,53975,5108
59084,53976,5108
59086,53978,5108
59088,53979,5109
59089,53980,5109
59090,53981,5109
59091,53982,5109
59093,53983,5110
59094,53984,5110
59095,53985,5110
59096,53986,5110
59097,53987,5110
59098,53988,5110
59099,53989,5110
59100,53990,5110
59101,53991,5110
59103,53993,5110
59104,53994,5110
59105,53995,5110
59107,53997,5110
59108,53997,5111
59109,53998,5111
59110,53999,5111
59111,54000,5111
59112,54001,5111
59113,54002,5111
59114,54003,5111
59115,54003,5112
59116,54004,5112
59117,54005,5112
59119,54007,5112
59120,54008,5112
59121,54009,5112
59123,54011,5112
59124,54012,5112
59125,54013,5112
59127,54015,5112
59129,54016,5113
59130,54017,5113
59131,54018,5113
59132,54019,5113
59134,54020,5114
59135,54021,5114
59136,54022,5114
59137,54023,5114
59138,54024,5114
59139,54025,5114
59140,54026,5114
59141,54027,5114
59142,54028,5114
59144,54030,5114
59145,54031,5114
59146,54032,5114
59148,54034,5114
59149,54034,5115
59150,54035,5115
59151,54036,5115
59152,54037,5115
59153,54038,5115
59154,54039,5115
59155,54040,5115
59156,54040,5116
59157,54041,5116
59158,54042,5116
59160,54044,5116
59161,54045,5116
59162,54046,5116
59164,54048,5116
59165,54049,5116
59166,54050,5116
59168,54052,5116
59170,54053,5117
59171,54054,5117
59172,54055,5117
59173,54056,5117
59175,54057,5118
59176,54058,5118
59177,54059,5118
59178,54060,5118
59179,54061,5118
59180,54062,5118
59181,54063,5118
59182,54064,5118
59183,54065,5118
59185,54067,5118
59186,54068,5118
59187,54069,5118
59189,54071,5118
59190,54071,5119
59191,54072,5119
59192,54073,5119
59193,54074,5119
59194,54075,5119
59195,54076,5119
59196,54077,5119
59197,54077,5120
59198,54078,5120
59199,54079,5120
59201,54081,5120
59202,54082,5120
59203,54083,5120
59205,54085,5120
59206,54086,5120
59207,54087,5120
59209,54089,5120
59211,54090,5121
59212,54091,5121
59213,54092,5121
59214,54093,5121
59216,54094,5122
59217,54095,5122
59218,54096,5122
59219,54097,5122
59220,54098,5122
59221,54099,5122
59222,54100,5122
59223,54101,5122
59224,54102,5122
59226,54104,5122
59227,54105,5122
59228,54106,5122
59230,54108,5122
59231,54108,5123
59232,54109,5123
59233,54110,5123
59234,54111,5123
59235,54112,5123
59236,54113,5123
59237,54114,5123
59238,54114,5124
59239,54115,5124
59240,54116,5124
59242,54118,5124
59243,54119,5124
59244,54120,5124
59246,54122,5124
59247,54123,5124
59248,54124,5124
59250,54126,5124
59252,54127,5125
59253,54128,5125
59254,54129,5125
59255,54130,5125
59256,54130,5126
59257,54131,5126
59258,54132,5126
59259,54133,5126
59260,54134,5126
59261,54135,5126
59262,54136,5126
59263,54137,5126
59264,54138,5126
59266,54140,5126
59267,54141,5126
59268,54142,5126
59270,54144,5126
59271,54144,5127
59272,54145,5127
59273,54146,5127
59274,54147,5127
59276,54147,5129
59277,54148,5129
59278,54149,5129
59279,54149,5130
59280,54150,5130
59281,54151,5130
59283,54153,5130
59284,54154,5130
59285,54155,5130
59287,54157,5130
59288,54158,5130
59289,54159,5130
59291,54161,5130
59293,54162,5131
59294,54163,5131
59295,54164,5131
59296,54165,5131
59297,54165,5132
59298,54166,5132
59299,54167,5132
59300,54168,5132
59301,54169,5132
59302,54170,5132
59303,54171,5132
59304,54172,5132
59305,54173,5132
59307,54175,5132
59308,54176,5132
59309,54177,5132
59311,54179,5132
59312,54179,5133
59313,54180,5133
59314,54181,5133
59315,54182,5133
59317,54182,5135
59318,54183,5135
59319,54184,5135
59320,54184,5136
59321,54185,5136
59322,54186,5136
59324,54188,5136
59325,54189,5136
59326,54190,5136
59328,54192,5136
59329,54193,5136
59330,54194,5136
59332,54196,5136
59334,54197,5137
59335,54198,5137
59336,54199,5137
59337,54200,5137
59338,54200,5138
59339,54201,5138
59340,54202,5138
59341,54203,5138
59342,54204,5138
59343,54205,5138
59344,54206,5138
59345,54207,5138
59346,54208,5138
59348,54210,5138
59349,54211,5138
59350,54212,5138
59352,54214,5138
59353,54214,5139
59354,54215,5139
59355,54216,5139
59356,54217,5139
59358,54217,5141
59359,54218,5141
59360,54219,5141
59361,54219,5142
59362,54220,5142
59363,54221,5142
59365,54223,5142
59366,54224,5142
59367,54225,5142
59369,54227,5142
59370,54228,5142
59371,54229,5142
59373,54231,5142
59375,54232,5143
59376,54233,5143
59377,54234,5143
59378,54235,5143
59379,54235,5144
59380,54236,5144
59381,54237,5144
59382,54238,5144
59383,54239,5144
59384,54240,5144
59385,54241,5144
59386,54242,5144
59387,54243,5144
59389,54245,5144
59390,54246,5144
59391,54247,5144
59393,54249,5144
59394,54249,5145
59395,54250,5145
59396,54251,5145
59397,54252,5145
59399,54252,5147
59400,54253,5147
59401,54254,5147
59402,54254,5148
59403,54255,5148
59404,54256,5148
59406,54258,5148
59407,54259,5148
59408,54260,5148
59410,54262,5148
59411,54263,5148
59412,54264,5148
59414,54266,5148
59416,54267,5149
59417,54268,5149
59418,54269,5149
59419,54270,5149
59420,54270,5150
59421,54271,5150
59422,54272,5150
59423,54273,5150
59424,54274,5150
59425,54275,5150
59426,54276,5150
59427,54277,5150
59428,54278,5150
59430,54280,5150
59431,54281,5150
59432,54282,5150
59434,54284,5150
59435,54284,5151
59436,54285,5151
59437,54286,5151
59438,54287,5151
59440,54287,5153
59441,54288,5153
59442,54289,5153
59443,54289,5154
59444,54290,5154
59445,54291,5154
59447,54293,5154
59448,54294,5154
59449,54295,5154
59451,54297,5154
59452,54298,5154
59453,54299,5154
59455,54301,5154
59457,54302,5155
59458,54303,5155
59459,54304,5155
59460,54305,5155
59461,54305,5156
59462,54306,5156
59463,54307,5156
59464,54308,5156
59465,54309,5156
59466,54310,5156
59467,54311,5156
59468,54312,5156
59469,54313,5156
59471,54315,5156
59472,54316,5156
59473,54317,5156
59475,54319,5156
59476,54319,5157
59477,54320,5157
59478,54321,5157
59479,54322,5157
59481,54322,5159
59482,54323,5159
59483,54324,5159
59484,54324,5160
59485,54325,5160
59486,54326,5160
59488,54328,5160
59489,54329,5160
59490,54330,5160
59492,54332,5160
59493,54333,5160
59494,54334,5160
59496,54336,5160
59498,54337,5161
59499,54338,5161
59500,54339,5161
59501,54340,5161
59502,54340,5162
59503,54341,5162
59504,54342,5162
59505,54343,5162
59506,54344,5162
59507,54345,5162
59508,54346,5162
59509,54347,5162
59510,54348,5162
59512,54350,5162
59513,54351,5162
59514,54352,5162
59516,54354,5162
59517,54354,5163
59518,54355,5163
59519,54356,5163
59520,54357,5163
59522,54357,5165
59523,54358,5165
59524,54359,5165
59525,54359,5166
59526,54360,5166
59527,54361,5166
59529,54363,5166
59530,54364,5166
59531,54365,5166
59533,54367,5166
59534,54368,5166
59535,54369,5166
59537,54371,5166
59539,54372,5167
59540,54373,5167
59541,54374,5167
59542,54375,5167
59543,54375,5168
59544,54376,5168
59545,54377,5168
59546,54378,5168
59547,54379,5168
59548,54380,5168
59549,54381,5168
59550,54382,5168
59551,54383,5168
59553,54385,5168
59554,54386,5168
59555,54387,5168
59557,54389,5168
59558,54389,5169
59559,54390,5169
59560,54391,5169
59561,54392,5169
59563,54393,5170
59564,54394,5170
59565,54395,5170
59566,54395,5171
59567,54396,5171
59568,54397,5171
59570,54399,5171
59571,54400,5171
59572,54401,5171
59574,54403,5171
59575,54404,5171
59576,54405,5171
59578,54407,5171
59580,54408,5172
59581,54409,5172
59582,54410,5172
59583,54411,5172
59584,54412,5172
59585,54413,5172
59586,54414,5172
59587,54415,5172
59588,54416,5172
59589,54417,5172
59590,54418,5172
59591,54419,5172
59592,54420,5172
59594,54422,5172
59595,54423,5172
59596,54424,5172
59598,54426,5172
59599,54426,5173
59600,54427,5173
59601,54428,5173
59602,54429,5173
59604,54430,5174
59605,54431,5174
59606,54432,5174
59607,54432,5175
59608,54433,5175
59609,54434,5175
59611,54436,5175
59612,54437,5175
59613,54438,5175
59615,54440,5175
59616,54441,5175
59617,54442,5175
59619,54444,5175
59621,54445,5176
59622,54446,5176
59623,54447,5176
59624,54448,5176
59625,54448,5177
59626,54449,5177
59627,54450,5177
59628,54451,5177
59629,54452,5177
59630,54453,5177
59631,54454,5177
59632,54455,5177
59633,54456,5177
59635,54458,5177
59636,54459,5177
59637,54460,5177
59639,54462,5177
59640,54462,5178
59641,54463,5178
59642,54464,5178
59643,54465,5178
59645,54466,5179
59646,54467,5179
59647,54468,5179
59648,54468,5180
59649,54469,5180
59650,54470,5180
59652,54472,5180
59653,54473,5180
59654,54474,5180
59656,54476,5180
59657,54477,5180
59658,54478,5180
59660,54480,5180
59662,54481,5181
59663,54482,5181
59664,54483,5181
59665,54484,5181
59667,54485,5182
59668,54486,5182
59669,54487,5182
59670,54488,5182
59671,54489,5182
59672,54490,5182
59673,54491,5182
59674,54492,5182
59675,54493,5182
59677,54495,5182
59678,54496,5182
59679,54497,5182
59681,54499,5182
59682,54499,5183
59683,54500,5183
59684,54501,5183
59685,54502,5183
59687,54502,5185
59688,54503,5185
59689,54504,5185
59690,54504,5186
59691,54505,5186
59692,54506,5186
59694,54508,5186
59695,54509,5186
59696,54510,5186
59698,54512,5186
59699,54513,5186
59700,54514,5186
59702,54516,5186
59704,54517,5187
59705,54518,5187
59706,54519,5187
59707,54520,5187
59708,54521,5187
59709,54522,5187
59710,54523,5187
59711,54524,5187
59712,54525,5187
59713,54526,5187
59714,54527,5187
59715,54528,5187
59716,54529,5187
59718,54531,5187
59719,54532,5187
59720,54533,5187
59722,54535,5187
59723,54535,5188
59724,54536,5188
59725,54537,5188
59726,54538,5188
59727,54538,5189
59728,54539,5189
59729,54540,5189
59730,54540,5190
59731,54541,5190
59732,54542,5190
59734,54544,5190
59735,54545,5190
59736,54546,5190
59738,54548,5190
59739,54549,5190
59740,54550,5190
59742,54552,5190
59744,54553,5191
59745,54554,5191
59746,54555,5191
59747,54556,5191
59748,54556,5192
59749,54557,5192
59750,54558,5192
59751,54559,5192
59752,54560,5192
59753,54561,5192
59754,54562,5192
59755,54563,5192
59756,54564,5192
59758,54566,5192
59759,54567,5192
59760,54568,5192
59762,54570,5192
59763,54570,5193
59764,54571,5193
59765,54572,5193
59766,54573,5193
59768,54574,5194
59769,54575,5194
59770,54576,5194
59771,54576,5195
59772,54577,5195
59773,54578,5195
59775,54580,5195
59776,54581,5195
59777,54582,5195
59779,54584,5195
59780,54585,5195
59781,54586,5195
59783,54588,5195
59785,54589,5196
59786,54590,5196
59787,54591,5196
59788,54592,5196
59790,54593,5197
59791,54594,5197
59792,54595,5197
59793,54596,5197
59794,54597,5197
59795,54598,5197
59796,54599,5197
59797,54600,5197
59798,54601,5197
59800,54603,5197
59801,54604,5197
59802,54605,5197
59804,54607,5197
59805,54607,5198
59806,54608,5198
59807,54609,5198
59808,54610,5198
59810,54610,5200
59811,54611,5200
59812,54612,5200
59813,54612,5201
59814,54613,5201
59815,54614,5201
59817,54616,5201
59818,54617,5201
59819,54618,5201
59821,54620,5201
59822,54621,5201
59823,54622,5201
59825,54624,5201
59827,54625,5202
59828,54626,5202
59829,54627,5202
59830,54628,5202
59831,54629,5202
59832,54630,5202
59833,54631,5202
59834,54632,5202
59835,54633,5202
59836,54634,5202
59837,54635,5202
59838,54636,5202
59839,54637,5202
59841,54639,5202
59842,54640,5202
59843,54641,5202
59845,54643,5202
59846,54643,5203
59847,54644,5203
59848,54645,5203
59849,54646,5203
59850,54646,5204
59851,54647,5204
59852,54648,5204
59853,54648,5205
59854,54649,5205
59855,54650,5205
59857,54652,5205
59858,54653,5205
59859,54654,5205
59861,54656,5205
59862,54657,5205
59863,54658,5205
59865,54660,5205
59867,54661,5206
59868,54662,5206
59869,54663,5206
59870,54664,5206
59871,54664,5207
59872,54665,5207
59873,54666,5207
59874,54667,5207
59875,54668,5207
59876,54669,5207
59877,54670,5207
59878,54671,5207
59879,54672,5207
59881,54674,5207
59882,54675,5207
59883,54676,5207
59885,54678,5207
59886,54678,5208
59887,54679,5208
59888,54680,5208
59889,54681,5208
59891,54682,5209
59892,54683,5209
59893,54684,5209
59894,54684,5210
59895,54685,5210
59896,54686,5210
59898,54688,5210
59899,54689,5210
59900,54690,5210
59902,54692,5210
59903,54693,5210
59904,54694,5210
59906,54696,5210
59908,54697,5211
59909,54698,5211
59910,54699,5211
59911,54700,5211
59913,54701,5212
59914,54702,5212
59915,54703,5212
59916,54704,5212
59917,54705,5212
59918,54706,5212
59919,54707,5212
59920,54708,5212
59921,54709,5212
59923,54711,5212
59924,54712,5212
59925,54713,5212
59927,54715,5212
59928,54715,5213
59929,54716,5213
59930,54717,5213
59931,54718,5213
59933,54718,5215
59934,54719,5215
59935,54720,5215
59936,54720,5216
59937,54721,5216
59938,54722,5216
59940,54724,5216
59941,54725,5216
59942,54726,5216
59944,54728,5216
59945,54729,5216
59946,54730,5216
59948,54732,5216
59950,54733,5217
59951,54734,5217
59952,54735,5217
59953,54736,5217
59954,54737,5217
59955,54738,5217
59956,54739,5217
59957,54740,5217
59958,54741,5217
59959,54742,5217
59960,54743,5217
59961,54744,5217
59962,54745,5217
59964,54747,5217
59965,54748,5217
59966,54749,5217
59968,54751,5217
59969,54751,5218
59970,54752,5218
59971,54753,5218
59972,54754,5218
59973,54754,5219
59974,54755,5219
59975,54756,5219
59976,54756,5220
59977,54757,5220
59978,54758,5220
59980,54760,5220
59981,54761,5220
59982,54762,5220
59984,54764,5220
59985,54765,5220
59986,54766,5220
59988,54768,5220
59990,54769,5221
59991,54770,5221
59992,54771,5221
59993,54772,5221
59994,54772,5222
59995,54773,5222
59996,54774,5222
59997,54775,5222
59998,54776,5222
59999,54777,5222
60000,54778,5222
60001,54779,5222
60002,54780,5222
60004,54782,5222
60005,54783,5222
60006,54784,5222
60008,54786,5222
60009,54786,5223
60010,54787,5223
60011,54788,5223
60012,54789,5223
60014,54790,5224
60015,54791,5224
60016,54792,5224
60017,54792,5225
60018,54793,5225
60019,54794,5225
60021,54796,5225
60022,54797,5225
60023,54798,5225
60025,54800,5225
60026,54801,5225
60027,54802,5225
60029,54804,5225
60031,54805,5226
60032,54806,5226
60033,54807,5226
60034,54808,5226
60036,54809,5227
60037,54810,5227
60038,54811,5227
60039,54812,5227
60040,54813,5227
60041,54814,5227
60042,54815,5227
60043,54816,5227
60044,54817,5227
60046,54819,5227
60047,54820,5227
60048,54821,5227
60050,54823,5227
60051,54823,5228
60052,54824,5228
60053,54825,5228
60054,54826,5228
60056,54826,5230
60057,54827,5230
60058,54828,5230
60059,54828,5231
60060,54829,5231
60061,54830,5231
60063,54832,5231
60064,54833,5231
60065,54834,5231
60067,54836,5231
60068,54837,5231
60069,54838,5231
60071,54840,5231
60073,54841,5232
60074,54842,5232
60075,54843,5232
60076,54844,5232
60077,54845,5232
60078,54846,5232
60079,54847,5232
60080,54848,5232
60081,54849,5232
60082,54850,5232
60083,54851,5232
60084,54852,5232
60085,54853,5232
60087,54855,5232
60088,54856,5232
60089,54857,5232
60091,54859,5232
60092,54859,5233
60093,54860,5233
60094,54861,5233
60095,54862,5233
60096,54862,5234
60097,54863,5234
60098,54864,5234
60099,54864,5235
60100,54865,5235
60101,54866,5235
60103,54868,5235
60104,54869,5235
60105,54870,5235
60107,54872,5235
60108,54873,5235
60109,54874,5235
60111,54876,5235
60113,54877,5236
60114,54878,5236
60115,54879,5236
60116,54880,5236
60117,54880,5237
60118,54881,5237
60119,54882,5237
60120,54883,5237
60121,54884,5237
60122,54885,5237
60123,54886,5237
60124,54887,5237
60125,54888,5237
60127,54890,5237
60128,54891,5237
60129,54892,5237
60131,54894,5237
60132,54894,5238
60133,54895,5238
60134,54896,5238
60135,54897,5238
60137,54898,5239
60138,54899,5239
60139,54900,5239
60140,54900,5240
60141,54901,5240
60142,54902,5240
60144,54904,5240
60145,54905,5240
60146,54906,5240
60148,54908,5240
60149,54909,5240
60150,54910,5240
60152,54912,5240
60154,54913,5241
60155,54914,5241
60156,54915,5241
60157,54916,5241
60159,54917,5242
60160,54918,5242
60161,54919,5242
60162,54920,5242
60163,54921,5242
60164,54922,5242
60165,54923,5242
60166,54924,5242
60167,54925,5242
60169,54927,5242
60170,54928,5242
60171,54929,5242
60173,54931,5242
60174,54931,5243
60175,54932,5243
60176,54933,5243
60177,54934,5243
60179,54934,5245
60180,54935,5245
60181,54936,5245
60182,54936,5246
60183,54937,5246
60184,54938,5246
60186,54940,5246
60187,54941,5246
60188,54942,5246
60190,54944,5246
60191,54945,5246
60192,54946,5246
60194,54948,5246
60196,54949,5247
60197,54950,5247
60198,54951,5247
60199,54952,5247
60200,54953,5247
60201,54954,5247
60202,54955,5247
60203,54956,5247
60204,54957,5247
60205,54958,5247
60206,54959,5247
60207,54960,5247
60208,54961,5247
60210,54963,5247
60211,54964,5247
60212,54965,5247
60214,54967,5247
60215,54967,5248
60216,54968,5248
60217,54969,5248
60218,54970,5248
60219,54970,5249
60220,54971,5249
60221,54972,5249
60222,54972,5250
60223,54973,5250
60224,54974,5250
60226,54976,5250
60227,54977,5250
60228,54978,5250
60230,54980,5250
60231,54981,5250
60232,54982,5250
60234,54984,5250
60236,54985,5251
60237,54986,5251
60238,54987,5251
60239,54988,5251
60240,54988,5252
60241,54989,5252
60242,54990,5252
60243,54991,5252
60244,54992,5252
60245,54993,5252
60246,54994,5252
60247,54995,5252
60248,54996,5252
60250,54998,5252
60251,54999,5252
60252,55000,5252
60254,55002,5252
60255,55002,5253
60256,55003,5253
60257,55004,5253
60258,55005,5253
60260,55006,5254
60261,55007,5254
60262,55008,5254
60263,55008,5255
60264,55009,5255
60265,55010,5255
60267,55012,5255
60268,55013,5255
60269,55014,5255
60271,55016,5255
60272,55017,5255
60273,55018,5255
60275,55020,5255
60277,55021,5256
60278,55022,5256
60279,55023,5256
60280,55024,5256
60282,55025,5257
60283,55026,5257
60284,55027,5257
60285,55028,5257
60286,55029,5257
60287,55030,5257
60288,55031,5257
60289,55032,5257
60290,55033,5257
60292,55035,5257
60293,55036,5257
60294,55037,5257
60296,55039,5257
60297,55039,5258
60298,55040,5258
60299,55041,5258
60300,55042,5258
60302,55042,5260
60303,55043,5260
60304,55044,5260
60305,55044,5261
60306,55045,5261
60307,55046,5261
60309,55048,5261
60310,55049,5261
60311,55050,5261
60313,55052,5261
60314,55053,5261
60315,55054,5261
60317,55056,5261
60319,55057,5262
60320,55058,5262
60321,55059,5262
60322,55060,5262
60323,55061,5262
60324,55062,5262
60325,55063,5262
60326,55064,5262
60327,55065,5262
60328,55066,5262
60329,55067,5262
60330,55068,5262
60331,55069,5262
60333,55071,5262
60334,55072,5262
60335,55073,5262
60337,55075,5262
60338,55075,5263
60339,55076,5263
60340,55077,5263
60341,55078,5263
60342,55078,5264
60343,55079,5264
60344,55080,5264
60345,55080,5265
60346,55081,5265
60347,55082,5265
60349,55084,5265
60350,55085,5265
60351,55086,5265
60353,55088,5265
60354,55089,5265
60355,55090,5265
60357,55092,5265
60359,55093,5266
60360,55094,5266
60361,55095,5266
60362,55096,5266
60363,55096,5267
60364,55097,5267
60365,55098,5267
60366,55099,5267
60367,55100,5267
60368,55101,5267
60369,55102,5267
60370,55103,5267
60371,55104,5267
60373,55106,5267
60374,55107,5267
60375,55108,5267
60377,55110,5267
60378,55110,5268
60379,55111,5268
60380,55112,5268
60381,55113,5268
60383,55114,5269
60384,55115,5269
60385,55116,5269
60386,55116,5270
60387,55117,5270
60388,55118,5270
60390,55120,5270
60391,55121,5270
60392,55122,5270
60394,55124,5270
60395,55125,5270
60396,55126,5270
60398,55128,5270
60400,55129,5271
60401,55130,5271
60402,55131,5271
60403,55132,5271
60404,55133,5271
60405,55134,5271
60406,55135,5271
60407,55136,5271
60408,55137,5271
60409,55138,5271
60410,55139,5271
60411,55140,5271
60412,55141,5271
60414,55143,5271
60415,55144,5271
60416,55145,5271
60418,55147,5271
60419,55147,5272
60420,55148,5272
60421,55149,5272
60422,55150,5272
60424,55151,5273
60425,55152,5273
60426,55153,5273
60427,55153,5274
60428,55154,5274
60429,55155,5274
60431,55157,5274
60432,55158,5274
60433,55159,5274
60435,55161,5274
60436,55162,5274
60437,55163,5274
60439,55165,5274
60441,55166,5275
60442,55167,5275
60443,55168,5275
60444,55169,5275
60445,55170,5275
60446,55171,5275
60447,55172,5275
60448,55173,5275
60449,55174,5275
60450,55175,5275
60451,55176,5275
60452,55177,5275
60453,55178,5275
60455,55180,5275
60456,55181,5275
60457,55182,5275
60459,55184,5275
60460,55184,5276
60461,55185,5276
60462,55186,5276
60463,55187,5276
60465,55188,5277
60466,55189,5277
60467,55190,5277
60468,55190,5278
60469,55191,5278
60470,55192,5278
60472,55194,5278
60473,55195,5278
60474,55196,5278
60476,55198,5278
60477,55199,5278
60478,55200,5278
60480,55202,5278
60482,55203,5279
60483,55204,5279
60484,55205,5279
60485,55206,5279
60486,55207,5279
60487,55208,5279
60488,55209,5279
60489,55210,5279
60490,55211,5279
60491,55212,5279
60492,55213,5279
60493,55214,5279
60494,55215,5279
60496,55217,5279
60497,55218,5279
60498,55219,5279
60500,55221,5279
60501,55221,5280
60502,55222,5280
60503,55223,5280
60504,55224,5280
60506,55225,5281
60507,55226,5281
60508,55227,5281
60509,55227,5282
60510,55228,5282
60511,55229,5282
60513,55231,5282
60514,55232,5282
60515,55233,5282
60517,55235,5282
60518,55236,5282
60519,55237,5282
60521,55239,5282
60523,55240,5283
60524,55241,5283
60525,55242,5283
60526,55243,5283
60527,55244,5283
60528,55245,5283
60529,55246,5283
60530,55247,5283
60531,55248,5283
60532,55249,5283
60533,55250,5283
60534,55251,5283
60535,55252,5283
60537,55254,5283
60538,55255,5283
60539,55256,5283
60541,55258,5283
60542,55258,5284
60543,55259,5284
60544,55260,5284
60545,55261,5284
60546,55261,5285
60547,55262,5285
60548,55263,5285
60549,55263,5286
60550,55264,5286
60551,55265,5286
60553,55267,5286
60554,55268,5286
60555,55269,5286
60557,55271,5286
60558,55272,5286
60559,55273,5286
60561,55275,5286
60563,55276,5287
60564,55277,5287
60565,55278,5287
60566,55279,5287
60568,55280,5288
60569,55281,5288
60570,55282,5288
60571,55283,5288
60572,55284,5288
60573,55285,5288
60574,55286,5288
60575,55287,5288
60576,55288,5288
60578,55290,5288
60579,55291,5288
60580,55292,5288
60582,55294,5288
60583,55294,5289
60584,55295,5289
60585,55296,5289
60586,55297,5289
60587,55298,5289
60588,55299,5289
60589,55300,5289
60590,55300,5290
60591,55301,5290
60592,55302,5290
60594,55304,5290
60595,55305,5290
60596,55306,5290
60598,55308,5290
60599,55309,5290
60600,55310,5290
60602,55312,5290
60604,55313,5291
60605,55314,5291
60606,55315,5291
60607,55316,5291
60609,55316,5293
60610,55317,5293
60611,55318,5293
60612,55319,5293
60613,55320,5293
60614,55321,5293
60615,55322,5293
60616,55323,5293
60617,55324,5293
60619,55326,5293
60620,55327,5293
60621,55328,5293
60623,55330,5293
60624,55330,5294
60625,55331,5294
60626,55332,5294
60627,55333,5294
60628,55334,5294
60629,55335,5294
60630,55336,5294
60631,55336,5295
60632,55337,5295
60633,55338,5295
60635,55340,5295
60636,55341,5295
60637,55342,5295
60639,55344,5295
60640,55345,5295
60641,55346,5295
60643,55348,5295
60645,55349,5296
60646,55350,5296
60647,55351,5296
60648,55352,5296
60649,55352,5297
60650,55353,5297
60651,55354,5297
60652,55355,5297
60653,55356,5297
60654,55357,5297
60655,55358,5297
60656,55359,5297
60657,55360,5297
60659,55362,5297
60660,55363,5297
60661,55364,5297
60663,55366,5297
60664,55366,5298
60665,55367,5298
60666,55368,5298
60667,55369,5298
60668,55369,5299
60669,55370,5299
60670,55371,5299
60671,55371,5300
60672,55372,5300
60673,55373,5300
60675,55375,5300
60676,55376,5300
60677,55377,5300
60679,55379,5300
60680,55380,5300
60681,55381,5300
60683,55383,5300
60685,55384,5301
60686,55385,5301
60687,55386,5301
60688,55387,5301
60690,55387,5303
60691,55388,5303
60692,55389,5303
60693,55390,5303
60694,55391,5303
60695,55392,5303
60696,55393,5303
60697,55394,5303
60698,55395,5303
60700,55397,5303
60701,55398,5303
60702,55399,5303
60704,55401,5303
60705,55401,5304
60706,55402,5304
60707,55403,5304
60708,55404,5304
60709,55404,5305
60710,55405,5305
60711,55406,5305
60712,55406,5306
60713,55407,5306
60714,55408,5306
60716,55410,5306
60717,55411,5306
60718,55412,5306
60720,55414,5306
60721,55415,5306
60722,55416,5306
60724,55418,5306
60726,55419,5307
60727,55420,5307
60728,55421,5307
60729,55422,5307
60731,55422,5309
60732,55423,5309
60733,55424,5309
60734,55425,5309
60735,55426,5309
60736,55427,5309
60737,55428,5309
60738,55429,5309
60739,55430,5309
60741,55432,5309
60742,55433,5309
60743,55434,5309
60745,55436,5309
60746,55436,5310
60747,55437,5310
60748,55438,5310
60749,55439,5310
60750,55439,5311
60751,55440,5311
60752,55441,5311
60753,55441,5312
60754,55442,5312
60755,55443,5312
60757,55445,5312
60758,55446,5312
60759,55447,5312
60761,55449,5312
60762,55450,5312
60763,55451,5312
60765,55453,5312
60767,55454,5313
60768,55455,5313
60769,55456,5313
60770,55457,5313
60771,55457,5314
60772,55458,5314
60773,55459,5314
60774,55460,5314
60775,55461,5314
60776,55462,5314
60777,55463,5314
60778,55464,5314
60779,55465,5314
60781,55467,5314
60782,55468,5314
60783,55469,5314
60785,55471,5314
60786,55471,5315
60787,55472,5315
60788,55473,5315
60789,55474,5315
60791,55475,5316
60792,55476,5316
60793,55477,5316
60794,55477,5317
60795,55478,5317
60796,55479,5317
60798,55481,5317
60799,55482,5317
60800,55483,5317
60802,55485,5317
60803,55486,5317
60804,55487,5317
60806,55489,5317
60808,55490,5318
60809,55491,5318
60810,55492,5318
60811,55493,5318
60812,55494,5318
60813,55495,5318
60814,55496,5318
60815,55497,5318
60816,55498,5318
60817,55499,5318
60818,55500,5318
60819,55501,5318
60820,55502,5318
60822,55504,5318
60823,55505,5318
60824,55506,5318
60826,55508,5318
60827,55508,5319
60828,55509,5319
60829,55510,5319
60830,55511,5319
60832,55511,5321
60833,55512,5321
60834,55513,5321
60835,55513,5322
60836,55514,5322
60837,55515,5322
60839,55517,5322
60840,55518,5322
60841,55519,5322
60843,55521,5322
60844,55522,5322
60845,55523,5322
60847,55525,5322
60849,55526,5323
60850,55527,5323
60851,55528,5323
60852,55529,5323
60853,55529,5324
60854,55530,5324
60855,55531,5324
60856,55532,5324
60857,55533,5324
60858,55534,5324
60859,55535,5324
60860,55536,5324
60861,55537,5324
60863,55539,5324
60864,55540,5324
60865,55541,5324
60867,55543,5324
60868,55543,5325
60869,55544,5325
60870,55545,5325
60871,55546,5325
60873,55547,5326
60874,55548,5326
60875,55549,5326
60876,55549,5327
60877,55550,5327
60878,55551,5327
60880,55553,5327
60881,55554,5327
60882,55555,5327
60884,55557,5327
60885,55558,5327
60886,55559,5327
60888,55561,5327
60890,55562,5328
60891,55563,5328
60892,55564,5328
60893,55565,5328
60894,55566,5328
60895,55567,5328
60896,55568,5328
60897,55569,5328
60898,55570,5328
60899,55571,5328
60900,55572,5328
60901,55573,5328
60902,55574,5328
60904,55576,5328
60905,55577,5328
60906,55578,5328
60908,55580,5328
60909,55580,5329
60910,55581,5329
60911,55582,5329
60912,55583,5329
60914,55584,5330
60915,55585,5330
60916,55586,5330
60917,55586,5331
60918,55587,5331
60919,55588,5331
60921,55590,5331
60922,55591,5331
60923,55592,5331
60925,55594,5331
60926,55595,5331
60927,55596,5331
60929,55598,5331
60931,55599,5332
60932,55600,5332
60933,55601,5332
60934,55602,5332
60935,55603,5332
60936,55604,5332
60937,55605,5332
60938,55606,5332
60939,55607,5332
60940,55608,5332
60941,55609,5332
60942,55610,5332
60943,55611,5332
60945,55613,5332
60946,55614,5332
60947,55615,5332
60949,55617,5332
60950,55617,5333
60951,55618,5333
60952,55619,5333
60953,55620,5333
60955,55621,5334
60956,55622,5334
60957,55623,5334
60958,55623,5335
60959,55624,5335
60960,55625,5335
60962,55627,5335
60963,55628,5335
60964,55629,5335
60966,55631,5335
60967,55632,5335
60968,55633,5335
60970,55635,5335
60972,55636,5336
60973,55637,5336
60974,55638,5336
60975,55639,5336
60977,55639,5338
60978,55640,5338
60979,55641,5338
60980,55642,5338
60981,55643,5338
60982,55644,5338
60983,55645,5338
60984,55646,5338
60985,55647,5338
60987,55649,5338
60988,55650,5338
60989,55651,5338
60991,55653,5338
60992,55653,5339
60993,55654,5339
60994,55655,5339
60995,55656,5339
60996,55656,5340
60997,55657,5340
60998,55658,5340
60999,55658,5341
61000,55659,5341
61001,55660,5341
61003,55662,5341
61004,55663,5341
61005,55664,5341
61007,55666,5341
61008,55667,5341
61009,55668,5341
61011,55670,5341
61013,55671,5342
61014,55672,5342
61015,55673,5342
61016,55674,5342
61018,55675,5343
61019,55676,5343
61020,55677,5343
61021,55678,5343
61022,55679,5343
61023,55680,5343
61024,55681,5343
61025,55682,5343
61026,55683,5343
61028,55685,5343
61029,55686,5343
61030,55687,5343
61032,55689,5343
61033,55689,5344
61034,55690,5344
61035,55691,5344
61036,55692,5344
61037,55693,5344
61038,55694,5344
61039,55695,5344
61040,55695,5345
61041,55696,5345
61042,55697,5345
61044,55699,5345
61045,55700,5345
61046,55701,5345
61048,55703,5345
61049,55704,5345
61050,55705,5345
61052,55707,5345
61054,55708,5346
61055,55709,5346
61056,55710,5346
61057,55711,5346
61059,55712,5347
61060,55713,5347
61061,55714,5347
61062,55715,5347
61063,55716,5347
61064,55717,5347
61065,55718,5347
61066,55719,5347
61067,55720,5347
61069,55722,5347
61070,55723,5347
61071,55724,5347
61073,55726,5347
61074,55726,5348
61075,55727,5348
61076,55728,5348
61077,55729,5348
61078,55730,5348
61079,55731,5348
61080,55732,5348
61081,55732,5349
61082,55733,5349
61083,55734,5349
61085,55736,5349
61086,55737,5349
61087,55738,5349
61089,55740,5349
61090,55741,5349
61091,55742,5349
61093,55744,5349
61095,55745,5350
61096,55746,5350
61097,55747,5350
61098,55748,5350
61100,55749,5351
61101,55750,5351
61102,55751,5351
61103,55752,5351
61104,55753,5351
61105,55754,5351
61106,55755,5351
61107,55756,5351
61108,55757,5351
61110,55759,5351
61111,55760,5351
61112,55761,5351
61114,55763,5351
61115,55763,5352
61116,55764,5352
61117,55765,5352
61118,55766,5352
61119,55767,5352
61120,55768,5352
61121,55769,5352
61122,55769,5353
61123,55770,5353
61124,55771,5353
61126,55773,5353
61127,55774,5353
61128,55775,5353
61130,55777,5353
61131,55778,5353
61132,55779,5353
61134,55781,5353
61136,55782,5354
61137,55783,5354
61138,55784,5354
61139,55785,5354
61141,55786,5355
61142,55787,5355
61143,55788,5355
61144,55789,5355
61145,55790,5355
61146,55791,5355
61147,55792,5355
61148,55793,5355
61149,55794,5355
61151,55796,5355
61152,55797,5355
61153,55798,5355
61155,55800,5355
61156,55800,5356
61157,55801,5356
61158,55802,5356
61159,55803,5356
61161,55804,5357
61162,55805,5357
61163,55806,5357
61164,55806,5358
61165,55807,5358
61166,55808,5358
61168,55810,5358
61169,55811,5358
61170,55812,5358
61172,55814,5358
61173,55815,5358
61174,55816,5358
61176,55818,5358
61178,55819,5359
61179,55820,5359
61180,55821,5359
61181,55822,5359
61182,55823,5359
61183,55824,5359
61184,55825,5359
61185,55826,5359
61186,55827,5359
61187,55828,5359
61188,55829,5359
61189,55830,5359
61190,55831,5359
61192,55833,5359
61193,55834,5359
61194,55835,5359
61196,55837,5359
61197,55837,5360
61198,55838,5360
61199,55839,5360
61200,55840,5360
61202,55841,5361
61203,55842,5361
61204,55843,5361
61205,55843,5362
61206,55844,5362
61207,55845,5362
61209,55847,5362
61210,55848,5362
61211,55849,5362
61213,55851,5362
61214,55852,5362
61215,55853,5362
61217,55855,5362
61219,55856,5363
61220,55857,5363
61221,55858,5363
61222,55859,5363
61223,55860,5363
61224,55861,5363
61225,55862,5363
61226,55863,5363
61227,55864,5363
61228,55865,5363
61229,55866,5363
61230,55867,5363
61231,55868,5363
61233,55870,5363
61234,55871,5363
61235,55872,5363
61237,55874,5363
61238,55874,5364
61239,55875,5364
61240,55876,5364
61241,55877,5364
61243,55878,5365
61244,55879,5365
61245,55880,5365
61246,55880,5366
61247,55881,5366
61248,55882,5366
61250,55884,5366
61251,55885,5366
61252,55886,5366
61254,55888,5366
61255,55889,5366
61256,55890,5366
61258,55892,5366
61260,55893,5367
61261,55894,5367
61262,55895,5367
61263,55896,5367
61264,55897,5367
61265,55898,5367
61266,55899,5367
61267,55900,5367
61268,55901,5367
61269,55902,5367
61270,55903,5367
61271,55904,5367
61272,55905,5367
61274,55907,5367
61275,55908,5367
61276,55909,5367
61278,55911,5367
61279,55911,5368
61280,55912,5368
61281,55913,5368
61282,55914,5368
61284,55915,5369
61285,55916,5369
61286,55917,5369
61287,55917,5370
61288,55918,5370
61289,55919,5370
61291,55921,5370
61292,55922,5370
61293,55923,5370
61295,55925,5370
61296,55926,5370
61297,55927,5370
61299,55929,5370
61301,55930,5371
61302,55931,5371
61303,55932,5371
61304,55933,5371
61305,55934,5371
61306,55935,5371
61307,55936,5371
61308,55937,5371
61309,55938,5371
61310,55939,5371
61311,55940,5371
61312,55941,5371
61313,55942,5371
61315,55944,5371
61316,55945,5371
61317,55946,5371
61319,55948,5371
61320,55948,5372
61321,55949,5372
61322,55950,5372
61323,55951,5372
61325,55952,5373
61326,55953,5373
61327,55954,5373
61328,55954,5374
61329,55955,5374
61330,55956,5374
61332,55958,5374
61333,55959,5374
61334,55960,5374
61336,55962,5374
61337,55963,5374
61338,55964,5374
61340,55966,5374
61342,55967,5375
61343,55968,5375
61344,55969,5375
61345,55970,5375
61346,55971,5375
61347,55972,5375
61348,55973,5375
61349,55974,5375
61350,55975,5375
61351,55976,5375
61352,55977,5375
61353,55978,5375
61354,55979,5375
61356,55981,5375
61357,55982,5375
61358,55983,5375
61360,55985,5375
61361,55985,5376
61362,55986,5376
61363,55987,5376
61364,55988,5376
61366,55989,5377
61367,55990,5377
61368,55991,5377
61369,55991,5378
61370,55992,5378
61371,55993,5378
61373,55995,5378
61374,55996,5378
61375,55997,5378
61377,55999,5378
61378,56000,5378
61379,56001,5378
61381,56003,5378
61383,56004,5379
61384,56005,5379
61385,56006,5379
61386,56007,5379
61387,56008,5379
61388,56009,5379
61389,56010,5379
61390,56011,5379
61391,56012,5379
61392,56013,5379
61393,56014,5379
61394,56015,5379
61395,56016,5379
61397,56018,5379
61398,56019,5379
61399,56020,5379
61401,56022,5379
61402,56022,5380
61403,56023,5380
61404,56024,5380
61405,56025,5380
61407,56026,5381
61408,56027,5381
61409,56028,5381
61410,56028,5382
61411,56029,5382
61412,56030,5382
61414,56032,5382
61415,56033,5382
61416,56034,5382
61418,56036,5382
61419,56037,5382
61420,56038,5382
61422,56040,5382
61424,56041,5383
61425,56042,5383
61426,56043,5383
61427,56044,5383
61428,56045,5383
61429,56046,5383
61430,56047,5383
61431,56048,5383
61432,56049,5383
61433,56050,5383
61434,56051,5383
61435,56052,5383
61436,56053,5383
61438,56055,5383
61439,56056,5383
61440,56057,5383
61442,56059,5383
61443,56059,5384
61444,56060,5384
61445,56061,5384
61446,56062,5384
61448,56063,5385
61449,56064,5385
61450,56065,5385
61451,56065,5386
61452,56066,5386
61453,56067,5386
61455,56069,5386
61456,56070,5386
61457,56071,5386
61459,56073,5386
61460,56074,5386
61461,56075,5386
61463,56077,5386
61465,56078,5387
61466,56079,5387
61467,56080,5387
61468,56081,5387
61469,56082,5387
61470,56083,5387
61471,56084,5387
61472,56085,5387
61473,56086,5387
61474,56087,5387
61475,56088,5387
61476,56089,5387
61477,56090,5387
61479,56092,5387
61480,56093,5387
61481,56094,5387
61483,56096,5387
61484,56096,5388
61485,56097,5388
61486,56098,5388
61487,56099,5388
61489,56100,5389
61490,56101,5389
61491,56102,5389
61492,56102,5390
61493,56103,5390
61494,56104,5390
61496,56106,5390
61497,56107,5390
61498,56108,5390
61500,56110,5390
61501,56111,5390
61502,56112,5390
61504,56114,5390
61506,56115,5391
61507,56116,5391
61508,56117,5391
61509,56118,5391
61510,56119,5391
61511,56120,5391
61512,56121,5391
61513,56122,5391
61514,56123,5391
61515,56124,5391
61516,56125,5391
61517,56126,5391
61518,56127,5391
61520,56129,5391
61521,56130,5391
61522,56131,5391
61524,56133,5391
61525,56133,5392
61526,56134,5392
61527,56135,5392
61528,56136,5392
61530,56137,5393
61531,56138,5393
61532,56139,5393
61533,56139,5394
61534,56140,5394
61535,56141,5394
61537,56143,5394
61538,56144,5394
61539,56145,5394
61541,56147,5394
61542,56148,5394
61543,56149,5394
61545,56151,5394
61547,56152,5395
61548,56153,5395
61549,56154,5395
61550,56155,5395
61551,56156,5395
61552,56157,5395
61553,56158,5395
61554,56159,5395
61555,56160,5395
61556,56161,5395
61557,56162,5395
61558,56163,5395
61559,56164,5395
61561,56166,5395
61562,56167,5395
61563,56168,5395
61565,56170,5395
61566,56170,5396
61567,56171,5396
61568,56172,5396
61569,56173,5396
61571,56174,5397
61572,56175,5397
61573,56176,5397
61574,56176,5398
61575,56177,5398
61576,56178,5398
61578,56180,5398
61579,56181,5398
61580,56182,5398
61582,56184,5398
61583,56185,5398
61584,56186,5398
61586,56188,5398
61588,56189,5399
61589,56190,5399
61590,56191,5399
61591,56192,5399
61592,56193,5399
61593,56194,5399
61594,56195,5399
61595,56196,5399
61596,56197,5399
61597,56198,5399
61598,56199,5399
61599,56200,5399
61600,56201,5399
61602,56203,5399
61603,56204,5399
61604,56205,5399
61606,56207,5399
61607,56207,5400
61608,56208,5400
61609,56209,5400
61610,56210,5400
61612,56210,5402
61613,56211,5402
61614,56212,5402
61615,56212,5403
61616,56213,5403
61617,56214,5403
61619,56216,5403
61620,56217,5403
61621,56218,5403
61623,56220,5403
61624,56221,5403
61625,56222,5403
61627,56224,5403
61629,56225,5404
61630,56226,5404
61631,56227,5404
61632,56228,5404
61633,56228,5405
61634,56229,5405
61635,56230,5405
61636,56231,5405
61637,56232,5405
61638,56233,5405
61639,56234,5405
61640,56235,5405
61641,56236,5405
61643,56238,5405
61644,56239,5405
61645,56240,5405
61647,56242,5405
61648,56242,5406
61649,56243,5406
61650,56244,5406
61651,56245,5406
61653,56245,5408
61654,56246,5408
61655,56247,5408
61656,56247,5409
61657,56248,5409
61658,56249,5409
61660,56251,5409
61661,56252,5409
61662,56253,5409
61664,56255,5409
61665,56256,5409
61666,56257,5409
61668,56259,5409
61670,56260,5410
61671,56261,5410
61672,56262,5410
61673,56263,5410
61675,56263,5412
61676,56264,5412
61677,56265,5412
61678,56266,5412
61679,56267,5412
61680,56268,5412
61681,56269,5412
61682,56270,5412
61683,56271,5412
61685,56273,5412
61686,56274,5412
61687,56275,5412
61689,56277,5412
61690,56277,5413
61691,56278,5413
61692,56279,5413
61693,56280,5413
61694,56280,5414
61695,56281,5414
61696,56282,5414
61697,56282,5415
61698,56283,5415
61699,56284,5415
61701,56286,5415
61702,56287,5415
61703,56288,5415
61705,56290,5415
61706,56291,5415
61707,56292,5415
61709,56294,5415
61711,56295,5416
61712,56296,5416
61713,56297,5416
61714,56298,5416
61716,56298,5418
61717,56299,5418
61718,56300,5418
61719,56301,5418
61720,56302,5418
61721,56303,5418
61722,56304,5418
61723,56305,5418
61724,56306,5418
61726,56308,5418
61727,56309,5418
61728,56310,5418
61730,56312,5418
61731,56312,5419
61732,56313,5419
61733,56314,5419
61734,56315,5419
61736,56315,5421
61737,56316,5421
61739,56317,5422
61741,56317,5424
61742,56318,5424
61743,56319,5424
61745,56320,5425
61746,56320,5426
61747,56321,5426
61749,56321,5428
61750,56322,5428
61751,56323,5428
61753,56324,5429
61754,56325,5429
61756,56326,5430
61758,56327,5431
61759,56328,5431
61760,56329,5431
61761,56330,5431
61763,56331,5432
61764,56332,5432
61765,56332,5433
61766,56333,5433
61767,56334,5433
61769,56335,5434
61770,56336,5434
61771,56337,5434
61772,56338,5434
61773,56339,5434
61775,56340,5435
61776,56341,5435
61778,56343,5435
61779,56344,5435
61781,56345,5436
61782,56345,5437
61783,56346,5437
61785,56346,5439
61786,56347,5439
61787,56348,5439
61789,56349,5440
61790,56350,5440
61791,56351,5440
61792,56352,5440
61793,56353,5440
61795,56354,5441
61796,56355,5441
61797,56356,5441
61799,56357,5442
61800,56358,5442
61801,56358,5443
61802,56359,5443
61803,56360,5443
61805,56361,5444
61806,56362,5444
61808,56362,5446
61809,56363,5446
61811,56364,5447
61812,56365,5447
61813,56366,5447
61815,56367,5448
61816,56368,5448
61817,56369,5448
61818,56370,5448
61820,56371,5449
61821,56372,5449
61822,56373,5449
61823,56374,5449
61825,56375,5450
61826,56376,5450
61827,56377,5450
61828,56378,5450
61830,56379,5451
61831,56380,5451
61832,56381,5451
61833,56382,5451
61835,56383,5452
61837,56384,5453
61838,56385,5453
61840,56386,5454
61841,56387,5454
61842,56388,5454
61843,56389,5454
61844,56390,5454
61846,56391,5455
61847,56391,5456
61848,56392,5456
61849,56393,5456
61850,56394,5456
61851,56395,5456
61852,56396,5456
61854,56397,5457
61855,56398,5457
61856,56399,5457
61857,56400,5457
61858,56401,5457
61860,56402,5458
61862,56404,5458
61863,56405,5458
61865,56406,5459
61866,56407,5459
61868,56408,5460
61870,56409,5461
61871,56410,5461
61872,56411,5461
61873,56412,5461
61874,56413,5461
61876,56415,5461
61877,56415,5462
61879,56417,5462
61880,56418,5462
61881,56419,5462
61883,56421,5462
61884,56422,5462
61886,56424,5462
61887,56425,5462
61889,56427,5462
61890,56428,5462
61892,56430,5462
61893,56431,5462
61895,56432,5463
61896,56433,5463
61897,56434,5463
61898,56435,5463
61899,56436,5463
61901,56437,5464
61902,56437,5465
61903,56438,5465
61905,56439,5466
61906,56440,5466
61908,56442,5466
61910,56443,5467
61912,56445,5467
61913,56446,5467
61915,56448,5467
61916,56449,5467
61918,56450,5468
61919,56451,5468
61920,56452,5468
61922,56453,5469
61923,56454,5469
61924,56455,5469
61925,56456,5469
61926,56457,5469
61928,56458,5470
61929,56459,5470
61930,56460,5470
61931,56461,5470
61932,56462,5470
61933,56463,5470
61934,56464,5470
61935,56465,5470
61936,56466,5470
61938,56468,5470
61939,56469,5470
61940,56470,5470
61941,56471,5470
61942,56472,5470
61943,56473,5470
61944,56474,5470
61945,56475,5470
61946,56476,5470
61948,56478,5470
61949,56479,5470
61951,56480,5471
61952,56481,5471
61953,56482,5471
61954,56483,5471
61955,56484,5471
61956,56485,5471
61957,56486,5471
61959,56488,5471
61960,56489,5471
61961,56490,5471
61962,56491,5471
61963,56492,5471
61964,56493,5471
61966,56494,5472
61968,56495,5473
61969,56496,5473
61970,56497,5473
61972,56497,5475
61974,56498,5476
61975,56499,5476
61976,56500,5476
61978,56501,5477
61979,56502,5477
61980,56503,5477
61981,56504,5477
61983,56505,5478
61984,56506,5478
61985,56507,5478
61986,56508,5478
61988,56509,5479
61990,56511,5479
61991,56512,5479
61992,56513,5479
61994,56513,5481
61996,56514,5482
61997,56515,5482
61998,56516,5482
62000,56518,5482
62002,56519,5483
62003,56520,5483
62005,56521,5484
62007,56523,5484
62008,56524,5484
62010,56526,5484
62012,56527,5485
62014,56529,5485
62015,56530,5485
62016,56531,5485
62018,56533,5485
62020,56534,5486
62021,56534,5487
62023,56536,5487
62025,56537,5488
62026,56538,5488
62027,56539,5488
62029,56541,5488
62030,56542,5488
62032,56544,5488
62033,56545,5488
62034,56546,5488
62036,56547,5489
62038,56549,5489
62039,56550,5489
62041,56552,5489
62042,56553,5489
62044,56555,5489
62045,56556,5489
62047,56558,5489
62049,56559,5490
62051,56561,5490
62052,56562,5490
62054,56564,5490
62055,56565,5490
62057,56567,5490
62058,56568,5490
62060,56570,5490
62061,56571,5490
62062,56572,5490
62063,56572,5491
62064,56573,5491
62065,56574,5491
62066,56575,5491
62067,56576,5491
62068,56577,5491
62069,56578,5491
62070,56579,5491
62071,56580,5491
62072,56581,5491
62073,56582,5491
62074,56583,5491
62076,56584,5492
62077,56585,5492
62078,56585,5493
62079,56586,5493
62081,56587,5494
62082,56588,5494
62083,56589,5494
62085,56590,5495
62087,56591,5496
62088,56592,5496
62090,56594,5496
62092,56595,5497
62094,56597,5497
62095,56598,5497
62096,56599,5497
62097,56600,5497
62098,56601,5497
62099,56602,5497
62101,56603,5498
62102,56604,5498
62104,56606,5498
62106,56607,5499
62108,56609,5499
62109,56610,5499
62111,56612,5499
62112,56613,5499
62114,56614,5500
62115,56615,5500
62116,56616,5500
62117,56617,5500
62119,56618,5501
62121,56620,5501
62122,56621,5501
62123,56622,5501
62124,56623,5501
62126,56625,5501
62128,56626,5502
62129,56627,5502
62131,56627,5504
62132,56628,5504
62133,56628,5505
62134,56629,5505
62136,56630,5506
62137,56631,5506
62138,56632,5506
62139,56632,5507
62140,56632,5508
62142,56633,5509
62143,56634,5509
62144,56634,5510
62145,56635,5510
62147,56636,5511
62148,56636,5512
62149,56637,5512
62150,56638,5512
62151,56639,5512
62153,56639,5514
62155,56640,5515
62156,56641,5515
62158,56642,5516
62159,56643,5516
62160,56644,5516
62161,56644,5517
62162,56645,5517
62164,56647,5517
62166,56648,5518
62167,56649,5518
62168,56650,5518
62169,56650,5519
62170,56651,5519
62172,56653,5519
62174,56654,5520
62175,56654,5521
62176,56655,5521
62177,56656,5521
62179,56657,5522
62181,56659,5522
62182,56660,5522
62183,56661,5522
62184,56662,5522
62186,56664,5522
62187,56665,5522
62189,56665,5524
62191,56666,5525
62193,56668,5525
62194,56669,5525
62195,56670,5525
62196,56671,5525
62198,56672,5526
62199,56673,5526
62200,56674,5526
62201,56675,5526
62202,56676,5526
62203,56677,5526
62205,56678,5527
62206,56679,5527
62208,56680,5528
62210,56682,5528
62211,56683,5528
62212,56684,5528
62213,56685,5528
62215,56686,5529
62217,56688,5529
62218,56689,5529
62219,56689,5530
62220,56690,5530
62221,56691,5530
62222,56691,5531
62223,56692,5531
62224,56693,5531
62225,56694,5531
62226,56695,5531
62227,56696,5531
62229,56696,5533
62230,56697,5533
62232,56699,5533
62233,56700,5533
62234,56701,5533
62235,56702,5533
62236,56702,5534
62238,56704,5534
62239,56705,5534
62240,56706,5534
62241,56707,5534
62243,56709,5534
62245,56709,5536
62246,56710,5536
62247,56711,5536
62248,56712,5536
62249,56712,5537
62251,56714,5537
62252,56715,5537
62254,56717,5537
62255,56718,5537
62256,56719,5537
62257,56719,5538
62258,56720,5538
62260,56722,5538
62262,56724,5538
62264,56725,5539
62265,56726,5539
62266,56726,5540
62267,56727,5540
62269,56729,5540
62271,56731,5540
62273,56732,5541
62274,56733,5541
62275,56734,5541
62277,56736,5541
62279,56738,5541
62280,56739,5541
62281,56740,5541
62282,56741,5541
62284,56743,5541
62285,56744,5541
62286,56744,5542
62288,56746,5542
62289,56747,5542
62290,56748,5542
62291,56749,5542
62292,56750,5542
62294,56752,5542
62295,56753,5542
62296,56754,5542
62297,56755,5542
62298,56756,5542
62299,56757,5542
62301,56759,5542
62302,56760,5542
62304,56762,5542
62306,56764,5542
62307,56765,5542
62308,56766,5542
62309,56767,5542
62311,56769,5542
62313,56771,5542
62314,56772,5542
62315,56773,5542
62316,56774,5542
62317,56775,5542
62318,56776,5542
62319,56777,5542
62320,56778,5542
62321,56779,5542
62323,56780,5543
62324,56781,5543
62326,56781,5545
62327,56782,5545
62329,56784,5545
62330,56785,5545
62331,56786,5545
62332,56787,5545
62333,56787,5546
62335,56789,5546
62336,56790,5546
62337,56791,5546
62338,56792,5546
62340,56794,5546
62342,56795,5547
62343,56796,5547
62344,56797,5547
62345,56798,5547
62346,56798,5548
62348,56800,5548
62349,56801,5548
62351,56803,5548
62352,56804,5548
62353,56805,5548
62355,56805,5550
62356,56806,5550
62358,56808,5550
62360,56810,5550
62362,56811,5551
62363,56812,5551
62365,56813,5552
62366,56814,5552
62368,56816,5552
62370,56818,5552
62372,56819,5553
62373,56820,5553
62374,56821,5553
62376,56823,5553
62378,56825,5553
62379,56826,5553
62380,56827,5553
62381,56828,5553
62383,56830,5553
62384,56831,5553
62385,56831,5554
62387,56833,5554
62388,56834,5554
62389,56835,5554
62390,56836,5554
62391,56837,5554
62393,56839,5554
62394,56840,5554
62395,56841,5554
62396,56842,5554
62397,56843,5554
62398,56844,5554
62400,56846,5554
62401,56846,5555
62403,56848,5555
62404,56849,5555
62406,56850,5556
62407,56851,5556
62408,56852,5556
62409,56853,5556
62410,56854,5556
62412,56854,5558
62414,56855,5559
62415,56856,5559
62416,56857,5559
62418,56859,5559
62420,56860,5560
62421,56861,5560
62422,56862,5560
62423,56863,5560
62424,56864,5560
62426,56866,5560
62428,56867,5561
62429,56868,5561
62431,56870,5561
62432,56871,5561
62433,56872,5561
62435,56873,5562
62436,56874,5562
62438,56876,5562
62439,56877,5562
62441,56879,5562
62443,56880,5563
62445,56882,5563
62446,56883,5563
62447,56884,5563
62449,56884,5565
62450,56884,5566
62451,56885,5566
62452,56886,5566
62453,56887,5566
62454,56888,5566
62455,56889,5566
62456,56890,5566
62457,56891,5566
62459,56893,5566
62460,56894,5566
62461,56895,5566
62462,56896,5566
62463,56897,5566
62464,56898,5566
62465,56899,5566
62467,56900,5567
62469,56901,5568
62470,56902,5568
62471,56903,5568
62472,56904,5568
62474,56906,5568
62476,56907,5569
62478,56909,5569
62480,56911,5569
62481,56912,5569
62483,56914,5569
62484,56915,5569
62486,56917,5569
62487,56918,5569
62488,56919,5569
62489,56920,5569
62491,56922,5569
62493,56923,5570
62494,56924,5570
62495,56925,5570
62496,56926,5570
62497,56927,5570
62499,56928,5571
62501,56930,5571
62502,56931,5571
62504,56933,5571
62505,56934,5571
62506,56935,5571
62508,56936,5572
62510,56938,5572
62511,56939,5572
62512,56940,5572
62513,56940,5573
62514,56941,5573
62515,56942,5573
62516,56943,5573
62517,56944,5573
62518,56945,5573
62519,56946,5573
62520,56947,5573
62521,56948,5573
62522,56949,5573
62523,56950,5573
62525,56951,5574
62527,56953,5574
62528,56954,5574
62529,56955,5574
62530,56955,5575
62531,56956,5575
62532,56956,5576
62533,56957,5576
62535,56959,5576
62537,56960,5577
62538,56961,5577
62539,56962,5577
62541,56963,5578
62542,56964,5578
62543,56964,5579
62544,56965,5579
62545,56966,5579
62546,56967,5579
62548,56968,5580
62549,56969,5580
62550,56970,5580
62551,56971,5580
62552,56972,5580
62554,56973,5581
62555,56973,5582
62557,56974,5583
62558,56974,5584
62559,56975,5584
62560,56976,5584
62561,56977,5584
62563,56978,5585
62564,56979,5585
62565,56980,5585
62567,56981,5586
62568,56982,5586
62569,56983,5586
62571,56984,5587
62572,56985,5587
62573,56986,5587
62574,56987,5587
62576,56988,5588
62577,56989,5588
62578,56990,5588
62579,56991,5588
62580,56992,5588
62581,56992,5589
62582,56993,5589
62583,56994,5589
62584,56995,5589
62586,56996,5590
62587,56997,5590
62588,56997,5591
62589,56998,5591
62590,56999,5591
62591,57000,5591
62592,57001,5591
62594,57002,5592
62595,57003,5592
62596,57004,5592
62597,57005,5592
62599,57005,5594
62600,57006,5594
62602,57007,5595
62604,57008,5596
62605,57009,5596
62606,57010,5596
62607,57011,5596
62608,57012,5596
62610,57013,5597
62611,57014,5597
62612,57015,5597
62613,57016,5597
62615,57017,5598
62616,57018,5598
62617,57018,5599
62618,57019,5599
62619,57020,5599
62620,57021,5599
62621,57022,5599
62622,57023,5599
62623,57024,5599
62624,57025,5599
62625,57026,5599
62626,57027,5599
62628,57028,5600
62629,57028,5601
62631,57029,5602
62632,57030,5602
62633,57031,5602
62634,57032,5602
62635,57033,5602
62636,57034,5602
62637,57035,5602
62638,57036,5602
62639,57037,5602
62640,57038,5602
62641,57039,5602
62642,57040,5602
62644,57041,5603
62645,57042,5603
62647,57042,5605
62648,57043,5605
62649,57044,5605
62650,57045,5605
62651,57046,5605
62653,57047,5606
62654,57048,5606
62655,57049,5606
62657,57051,5606
62659,57052,5607
62661,57054,5607
62662,57055,5607
62663,57056,5607
62664,57057,5607
62666,57057,5609
62668,57059,5609
62669,57060,5609
62670,57061,5609
62671,57062,5609
62672,57063,5609
62674,57064,5610
62675,57065,5610
62676,57066,5610
62677,57067,5610
62678,57068,5610
62679,57069,5610
62681,57069,5612
62683,57071,5612
62684,57072,5612
62685,57073,5612
62686,57074,5612
62687,57075,5612
62688,57076,5612
62690,57077,5613
62692,57078,5614
62693,57079,5614
62694,57080,5614
62695,57081,5614
62696,57082,5614
62697,57083,5614
62698,57084,5614
62699,57085,5614
62700,57086,5614
62701,57087,5614
62702,57088,5614
62704,57089,5615
62705,57090,5615
62706,57091,5615
62707,57092,5615
62709,57093,5616
62710,57094,5616
62711,57095,5616
62713,57096,5617
62714,57097,5617
62715,57098,5617
62716,57099,5617
62717,57100,5617
62718,57101,5617
62719,57102,5617
62721,57103,5618
62722,57104,5618
62723,57105,5618
62724,57106,5618
62725,57107,5618
62727,57108,5619
62728,57109,5619
62729,57110,5619
62730,57111,5619
62731,57112,5619
62732,57113,5619
62734,57114,5620
62735,57115,5620
62736,57116,5620
62737,57117,5620
62739,57117,5622
62741,57118,5623
62742,57119,5623
62743,57120,5623
62744,57121,5623
62746,57122,5624
62747,57123,5624
62749,57124,5625
62750,57125,5625
62751,57126,5625
62752,57127,5625
62753,57128,5625
62754,57129,5625
62755,57130,5625
62756,57131,5625
62758,57133,5625
62759,57134,5625
62761,57136,5625
62762,57137,5625
62764,57139,5625
62766,57140,5626
62768,57142,5626
62769,57143,5626
62771,57145,5626
62772,57146,5626
62774,57148,5626
62776,57149,5627
62777,57150,5627
62778,57151,5627
62780,57152,5628
62781,57153,5628
62783,57154,5629
62784,57155,5629
62785,57156,5629
62786,57157,5629
62788,57158,5630
62789,57159,5630
62790,57160,5630
62792,57162,5630
62793,57163,5630
62795,57165,5630
62796,57166,5630
62797,57167,5630
62798,57168,5630
62799,57169,5630
62800,57170,5630
62802,57171,5631
62803,57172,5631
62804,57173,5631
62805,57173,5632
62806,57174,5632
62807,57175,5632
62809,57176,5633
62810,57177,5633
62811,57178,5633
62813,57179,5634
62814,57180,5634
62815,57180,5635
62816,57181,5635
62817,57182,5635
62818,57182,5636
62820,57183,5637
62821,57184,5637
62823,57184,5639
62825,57185,5640
62826,57186,5640
62827,57187,5640
62828,57188,5640
62830,57189,5641
62831,57190,5641
62833,57191,5642
62834,57192,5642
62835,57193,5642
62837,57195,5642
62838,57196,5642
62839,57197,5642
62840,57198,5642
62841,57199,5642
62843,57201,5642
62844,57202,5642
62845,57203,5642
62846,57204,5642
62848,57206,5642
62849,57207,5642
62850,57208,5642
62851,57208,5643
62852,57209,5643
62853,57210,5643
62855,57212,5643
62856,57213,5643
62857,57214,5643
62858,57215,5643
62859,57216,5643
62861,57218,5643
62862,57219,5643
62863,57220,5643
62865,57222,5643
62866,57223,5643
62867,57223,5644
62868,57224,5644
62869,57225,5644
62871,57227,5644
62872,57227,5645
62873,57228,5645
62874,57229,5645
62875,57230,5645
62876,57231,5645
62878,57233,5645
62880,57234,5646
62881,57235,5646
62882,57236,5646
62883,57237,5646
62884,57238,5646
62886,57240,5646
62887,57241,5646
62888,57242,5646
62890,57244,5646
62891,57245,5646
62892,57245,5647
62893,57246,5647
62894,57247,5647
62895,57247,5648
62896,57248,5648
62897,57249,5648
62899,57250,5649
62900,57251,5649
62901,57251,5650
62903,57252,5651
62904,57253,5651
62905,57254,5651
62906,57255,5651
62908,57256,5652
62909,57257,5652
62910,57258,5652
62912,57259,5653
62913,57260,5653
62914,57261,5653
62915,57261,5654
62917,57262,5655
62918,57263,5655
62919,57264,5655
62920,57265,5655
62922,57267,5655
62923,57268,5655
62924,57268,5656
62925,57269,5656
62926,57270,5656
62928,57272,5656
62929,57273,5656
62930,57274,5656
62931,57275,5656
62932,57276,5656
62934,57278,5656
62935,57279,5656
62937,57281,5656
62938,57282,5656
62940,57284,5656
62941,57285,5656
62942,57286,5656
62943,57287,5656
62944,57288,5656
62945,57289,5656
62947,57291,5656
62948,57292,5656
62949,57293,5656
62950,57294,5656
62951,57295,5656
62953,57297,5656
62954,57298,5656
62955,57299,5656
62957,57301,5656
62958,57302,5656
62959,57303,5656
62960,57304,5656
62961,57305,5656
62963,57307,5656
62964,57308,5656
62965,57309,5656
62966,57310,5656
62967,57311,5656
62968,57312,5656
62970,57314,5656
62972,57316,5656
62973,57317,5656
62974,57318,5656
62975,57319,5656
62976,57320,5656
62978,57322,5656
62979,57323,5656
62980,57324,5656
62982,57326,5656
62983,57327,5656
62984,57328,5656
62985,57329,5656
62986,57330,5656
62987,57331,5656
62988,57332,5656
62989,57333,5656
62991,57335,5656
62992,57336,5656
62993,57337,5656
62995,57339,5656
62996,57340,5656
62997,57341,5656
62998,57342,5656
63000,57344,5656
63002,57345,5657
63003,57346,5657
63005,57348,5657
63006,57349,5657
63007,57350,5657
63009,57351,5658
63011,57353,5658
63012,57354,5658
63013,57355,5658
63014,57356,5658
63016,57358,5658
63017,57359,5658
63019,57360,5659
63020,57361,5659
63021,57362,5659
63023,57364,5659
63024,57365,5659
63025,57366,5659
63026,57367,5659
63027,57368,5659
63029,57370,5659
63030,57371,5659
63031,57372,5659
63032,57373,5659
63034,57375,5659
63035,57376,5659
63036,57377,5659
63037,57378,5659
63038,57379,5659
63039,57380,5659
63041,57382,5659
63042,57383,5659
63043,57384,5659
63044,57385,5659
63045,57386,5659
63047,57388,5659
63048,57389,5659
63049,57390,5659
63051,57392,5659
63052,57393,5659
63053,57394,5659
63054,57395,5659
63055,57396,5659
63057,57398,5659
63058,57399,5659
63059,57400,5659
63060,57401,5659
63061,57402,5659
63062,57403,5659
63064,57405,5659
63066,57407,5659
63067,57408,5659
63068,57409,5659
63069,57410,5659
63070,57411,5659
63072,57413,5659
63073,57414,5659
63074,57415,5659
63076,57417,5659
63077,57418,5659
63078,57419,5659
63079,57420,5659
63080,57421,5659
63081,57422,5659
63082,57423,5659
63083,57424,5659
63085,57426,5659
63086,57427,5659
63087,57428,5659
63089,57430,5659
63090,57431,5659
63091,57432,5659
63092,57433,5659
63094,57435,5659
63095,57436,5659
63096,57437,5659
63098,57439,5659
63099,57440,5659
63100,57441,5659
63101,57442,5659
63103,57444,5659
63104,57445,5659
63105,57446,5659
63106,57447,5659
63108,57449,5659
63109,57450,5659
63110,57450,5660
63111,57451,5660
63112,57452,5660
63114,57454,5660
63115,57455,5660
63116,57456,5660
63117,57457,5660
63118,57458,5660
63120,57460,5660
63121,57461,5660
63123,57463,5660
63124,57464,5660
63126,57466,5660
63127,57467,5660
63128,57468,5660
63129,57469,5660
63130,57470,5660
63131,57471,5660
63133,57473,5660
63134,57474,5660
63135,57475,5660
63136,57476,5660
63137,57477,5660
63139,57479,5660
63140,57480,5660
63141,57481,5660
63143,57483,5660
63144,57484,5660
63145,57485,5660
63146,57486,5660
63147,57487,5660
63149,57489,5660
63150,57490,5660
63151,57491,5660
63152,57492,5660
63153,57493,5660
63154,57494,5660
63156,57496,5660
63158,57498,5660
63159,57499,5660
63160,57500,5660
63161,57501,5660
63162,57502,5660
63164,57504,5660
63165,57505,5660
63166,57506,5660
63168,57508,5660
63169,57509,5660
63170,57510,5660
63171,57511,5660
63172,57512,5660
63173,57513,5660
63174,57514,5660
63175,57515,5660
63177,57517,5660
63178,57518,5660
63179,57519,5660
63181,57521,5660
63182,57522,5660
63183,57523,5660
63184,57524,5660
63186,57526,5660
63188,57527,5661
63189,57528,5661
63191,57530,5661
63192,57531,5661
63193,57532,5661
63195,57533,5662
63197,57535,5662
63198,57536,5662
63199,57537,5662
63200,57538,5662
63202,57540,5662
63203,57541,5662
63205,57542,5663
63206,57543,5663
63207,57544,5663
63209,57546,5663
63210,57547,5663
63211,57548,5663
63212,57549,5663
63213,57550,5663
63215,57552,5663
63216,57553,5663
63217,57554,5663
63218,57555,5663
63220,57557,5663
63221,57558,5663
63222,57559,5663
63223,57560,5663
63224,57561,5663
63225,57562,5663
63227,57564,5663
63228,57565,5663
63229,57566,5663
63230,57567,5663
63231,57568,5663
63233,57570,5663
63234,57571,5663
63235,57572,5663
63237,57574,5663
63238,57575,5663
63239,57576,5663
63240,57577,5663
63241,57578,5663
63243,57580,5663
63244,57581,5663
63245,57582,5663
63246,57583,5663
63247,57584,5663
63248,57585,5663
63250,57587,5663
63252,57589,5663
63253,57590,5663
63254,57591,5663
63255,57592,5663
63256,57593,5663
63258,57595,5663
63259,57596,5663
63260,57597,5663
63262,57599,5663
63263,57600,5663
63264,57601,5663
63265,57602,5663
63266,57603,5663
63267,57604,5663
63268,57605,5663
63269,57606,5663
63271,57608,5663
63272,57609,5663
63273,57610,5663
63275,57612,5663
63276,57613,5663
63277,57614,5663
63278,57615,5663
63280,57617,5663
63281,57618,5663
63282,57619,5663
63284,57621,5663
63285,57622,5663
63286,57623,5663
63287,57624,5663
63289,57626,5663
63290,57627,5663
63291,57628,5663
63292,57629,5663
63294,57631,5663
63295,57632,5663
63296,57632,5664
63297,57633,5664
63298,57634,5664
63300,57636,5664
63301,57637,5664
63302,57638,5664
63303,57639,5664
63304,57640,5664
63306,57642,5664
63307,57643,5664
63309,57645,5664
63310,57646,5664
63312,57648,5664
63313,57649,5664
63314,57650,5664
63315,57651,5664
63316,57652,5664
63317,57653,5664
63319,57655,5664
63320,57656,5664
63321,57657,5664
63322,57658,5664
63323,57659,5664
63325,57661,5664
63326,57662,5664
63327,57663,5664
63329,57665,5664
63330,57666,5664
63331,57667,5664
63332,57668,5664
63333,57669,5664
63335,57671,5664
63336,57672,5664
63337,57673,5664
63338,57674,5664
63339,57675,5664
63340,57676,5664
63342,57678,5664
63344,57680,5664
63345,57681,5664
63346,57682,5664
63347,57683,5664
63348,57684,5664
63350,57686,5664
63351,57687,5664
63352,57688,5664
63354,57690,5664
63355,57691,5664
63356,57692,5664
63357,57693,5664
63358,57694,5664
63359,57695,5664
63360,57696,5664
63361,57697,5664
63363,57699,5664
63364,57700,5664
63365,57701,5664
63367,57703,5664
63368,57704,5664
63369,57705,5664
63370,57706,5664
63372,57708,5664
63374,57709,5665
63375,57710,5665
63377,57712,5665
63378,57713,5665
63379,57714,5665
63381,57715,5666
63383,57717,5666
63384,57718,5666
63385,57719,5666
63386,57720,5666
63388,57722,5666
63389,57723,5666
63391,57724,5667
63392,57725,5667
63393,57726,5667
63395,57728,5667
63396,57729,5667
63397,57730,5667
63398,57731,5667
63399,57732,5667
63401,57734,5667
63402,57735,5667
63403,57736,5667
63404,57737,5667
63406,57739,5667
63407,57740,5667
63408,57741,5667
63409,57742,5667
63410,57743,5667
63411,57744,5667
63413,57746,5667
63414,57747,5667
63415,57748,5667
63416,57749,5667
63417,57750,5667
63419,57752,5667
63420,57753,5667
63421,57754,5667
63423,57756,5667
63424,57757,5667
63425,57758,5667
63426,57759,5667
63427,57760,5667
63429,57762,5667
63430,57763,5667
63431,57764,5667
63432,57765,5667
63433,57766,5667
63434,57767,5667
63436,57769,5667
63438,57771,5667
63439,57772,5667
63440,57773,5667
63441,57774,5667
63442,57775,5667
63444,57777,5667
63445,57778,5667
63446,57779,5667
63448,57781,5667
63449,57782,5667
63450,57783,5667
63451,57784,5667
63452,57785,5667
63453,57786,5667
63454,57787,5667
63455,57788,5667
63457,57790,5667
63458,57791,5667
63459,57792,5667
63461,57794,5667
63462,57795,5667
63463,57796,5667
63464,57797,5667
63466,57799,5667
63467,57800,5667
63468,57801,5667
63470,57803,5667
63471,57804,5667
63472,57805,5667
63473,57806,5667
63475,57808,5667
63476,57809,5667
63477,57810,5667
63478,57811,5667
63480,57813,5667
63481,57814,5667
63482,57814,5668
63483,57815,5668
63484,57816,5668
63486,57818,5668
63487,57819,5668
63488,57820,5668
63489,57821,5668
63490,57822,5668
63492,57824,5668
63493,57825,5668
63495,57827,5668
63496,57828,5668
63498,57830,5668
63499,57831,5668
63500,57832,5668
63501,57833,5668
63502,57834,5668
63503,57835,5668
63505,57837,5668
63506,57838,5668
63507,57839,5668
63508,57840,5668
63509,57841,5668
63511,57843,5668
63512,57844,5668
63513,57845,5668
63515,57847,5668
63516,57848,5668
63517,57849,5668
63518,57850,5668
63519,57851,5668
63521,57853,5668
63522,57854,5668
63523,57855,5668
63524,57856,5668
63525,57857,5668
63526,57858,5668
63528,57860,5668
63530,57862,5668
63531,57863,5668
63532,57864,5668
63533,57865,5668
63534,57866,5668
63536,57868,5668
63537,57869,5668
63538,57870,5668
63540,57872,5668
63541,57873,5668
63542,57874,5668
63543,57875,5668
63544,57876,5668
63545,57877,5668
63546,57878,5668
63547,57879,5668
63549,57881,5668
63550,57882,5668
63551,57883,5668
63553,57885,5668
63554,57886,5668
63555,57887,5668
63556,57888,5668
63558,57890,5668
63560,57891,5669
63561,57892,5669
63563,57894,5669
63564,57895,5669
63565,57896,5669
63567,57896,5671
63569,57898,5671
63570,57899,5671
63571,57900,5671
63572,57901,5671
63574,57903,5671
63575,57904,5671
63577,57905,5672
63578,57906,5672
63579,57907,5672
63581,57909,5672
63582,57910,5672
63583,57911,5672
63584,57912,5672
63585,57913,5672
63587,57915,5672
63588,57916,5672
63589,57917,5672
63590,57918,5672
63592,57920,5672
63593,57921,5672
63594,57922,5672
63595,57923,5672
63596,57924,5672
63597,57925,5672
63599,57927,5672
63600,57928,5672
63601,57929,5672
63602,57930,5672
63603,57931,5672
63605,57933,5672
63606,57934,5672
63607,57935,5672
63609,57937,5672
63610,57938,5672
63611,57939,5672
63612,57940,5672
63613,57941,5672
63615,57943,5672
63616,57944,5672
63617,57945,5672
63618,57946,5672
63619,57947,5672
63620,57948,5672
63622,57950,5672
63624,57952,5672
63625,57953,5672
63626,57954,5672
63627,57955,5672
63628,57956,5672
63630,57958,5672
63631,57959,5672
63632,57960,5672
63634,57962,5672
63635,57963,5672
63636,57964,5672
63637,57965,5672
63638,57966,5672
63639,57967,5672
63640,57968,5672
63641,57969,5672
63643,57971,5672
63644,57972,5672
63645,57973,5672
63647,57975,5672
63648,57976,5672
63649,57977,5672
63650,57978,5672
63652,57980,5672
63653,57981,5672
63654,57982,5672
63656,57984,5672
63657,57985,5672
63658,57986,5672
63660,57986,5674
63662,57988,5674
63663,57989,5674
63664,57990,5674
63665,57991,5674
63667,57993,5674
63668,57994,5674
63669,57994,5675
63670,57995,5675
63671,57996,5675
63673,57998,5675
63674,57999,5675
63675,58000,5675
63676,58001,5675
63677,58002,5675
63679,58004,5675
63680,58005,5675
63682,58007,5675
63683,58008,5675
63685,58010,5675
63686,58011,5675
63687,58012,5675
63688,58013,5675
63689,58014,5675
63690,58015,5675
63692,58017,5675
63693,58018,5675
63694,58019,5675
63695,58020,5675
63696,58021,5675
63698,58023,5675
63699,58024,5675
63700,58025,5675
63702,58027,5675
63703,58028,5675
63704,58029,5675
63705,58030,5675
63706,58031,5675
63708,58033,5675
63709,58034,5675
63710,58035,5675
63711,58036,5675
63712,58037,5675
63713,58038,5675
63715,58040,5675
63717,58042,5675
63718,58043,5675
63719,58044,5675
63720,58045,5675
63721,58046,5675
63723,58048,5675
63724,58049,5675
63725,58050,5675
63727,58052,5675
63728,58053,5675
63729,58054,5675
63730,58055,5675
63731,58056,5675
63732,58057,5675
63733,58058,5675
63734,58059,5675
63736,58061,5675
63737,58062,5675
63738,58063,5675
63740,58065,5675
63741,58066,5675
63742,58067,5675
63743,58068,5675
63745,58070,5675
63747,58071,5676
63748,58072,5676
63750,58074,5676
63751,58075,5676
63752,58076,5676
63754,58076,5678
63756,58078,5678
63757,58079,5678
63758,58080,5678
63759,58081,5678
63761,58083,5678
63762,58084,5678
63764,58085,5679
63765,58086,5679
63766,58087,5679
63768,58089,5679
63769,58090,5679
63770,58091,5679
63771,58092,5679
63772,58093,5679
63774,58095,5679
63775,58096,5679
63776,58097,5679
63777,58098,5679
63779,58100,5679
63780,58101,5679
63781,58102,5679
63782,58103,5679
63783,58104,5679
63784,58105,5679
63786,58107,5679
63787,58108,5679
63788,58109,5679
63789,58110,5679
63790,58111,5679
63792,58113,5679
63793,58114,5679
63794,58115,5679
63796,58117,5679
63797,58118,5679
63798,58119,5679
63799,58120,5679
63800,58121,5679
63802,58123,5679
63803,58124,5679
63804,58125,5679
63805,58126,5679
63806,58127,5679
63807,58128,5679
63809,58130,5679
63811,58132,5679
63812,58133,5679
63813,58134,5679
63814,58135,5679
63815,58136,5679
63817,58138,5679
63818,58139,5679
63819,58140,5679
63821,58142,5679
63822,58143,5679
63823,58144,5679
63824,58145,5679
63825,58146,5679
63826,58147,5679
63827,58148,5679
63828,58149,5679
63830,58151,5679
63831,58152,5679
63832,58153,5679
63834,58155,5679
63835,58156,5679
63836,58157,5679
63837,58158,5679
63839,58160,5679
63840,58161,5679
63841,58162,5679
63843,58164,5679
63844,58165,5679
63845,58166,5679
63847,58167,5680
63849,58169,5680
63850,58170,5680
63851,58171,5680
63852,58172,5680
63854,58174,5680
63855,58175,5680
63856,58175,5681
63857,58176,5681
63858,58177,5681
63860,58179,5681
63861,58180,5681
63862,58181,5681
63863,58182,5681
63864,58183,5681
63866,58185,5681
63867,58186,5681
63869,58188,5681
63870,58189,5681
63872,58191,5681
63873,58192,5681
63874,58193,5681
63875,58194,5681
63876,58195,5681
63877,58196,5681
63879,58198,5681
63880,58199,5681
63881,58200,5681
63882,58201,5681
63883,58202,5681
63885,58204,5681
63886,58205,5681
63887,58206,5681
63889,58208,5681
63890,58209,5681
63891,58210,5681
63892,58211,5681
63893,58212,5681
63895,58214,5681
63896,58215,5681
63897,58216,5681
63898,58217,5681
63899,58218,5681
63900,58219,5681
63902,58221,5681
63904,58223,5681
63905,58224,5681
63906,58225,5681
63907,58226,5681
63908,58227,5681
63910,58229,5681
63911,58230,5681
63912,58231,5681
63914,58233,5681
63915,58234,5681
63916,58235,5681
63917,58236,5681
63918,58237,5681
63919,58238,5681
63920,58239,5681
63921,58240,5681
63923,58242,5681
63924,58243,5681
63925,58244,5681
63927,58246,5681
63928,58247,5681
63929,58248,5681
63930,58249,5681
63932,58251,5681
63934,58252,5682
63935,58253,5682
63937,58255,5682
63938,58256,5682
63939,58257,5682
63941,58257,5684
63943,58259,5684
63944,58260,5684
63945,58261,5684
63946,58262,5684
63948,58264,5684
63949,58265,5684
63951,58266,5685
63952,58267,5685
63953,58268,5685
63955,58270,5685
63956,58271,5685
63957,58272,5685
63958,58273,5685
63959,58274,5685
63961,58276,5685
63962,58277,5685
63963,58278,5685
63964,58279,5685
63966,58281,5685
63967,58282,5685
63968,58283,5685
63969,58284,5685
63970,58285,5685
63971,58286,5685
63973,58288,5685
63974,58289,5685
63975,58290,5685
63976,58291,5685
63977,58292,5685
63979,58294,5685
63980,58295,5685
63981,58296,5685
63983,58298,5685
63984,58299,5685
63985,58300,5685
63986,58301,5685
63987,58302,5685
63989,58304,5685
63990,58305,5685
63991,58306,5685
63992,58307,5685
63993,58308,5685
63994,58309,5685
63996,58311,5685
63998,58313,5685
63999,58314,5685
64000,58315,5685
64001,58316,5685
64002,58317,5685
64004,58319,5685
64005,58320,5685
64006,58321,5685
64008,58323,5685
64009,58324,5685
64010,58325,5685
64011,58326,5685
64012,58327,5685
64013,58328,5685
64014,58329,5685
64015,58330,5685
64017,58332,5685
64018,58333,5685
64019,58334,5685
64021,58336,5685
64022,58337,5685
64023,58338,5685
64024,58339,5685
64026,58341,5685
64027,58342,5685
64028,58343,5685
64030,58345,5685
64031,58346,5685
64032,58347,5685
64033,58347,5686
64035,58349,5686
64036,58350,5686
64037,58351,5686
64038,58352,5686
64040,58354,5686
64041,58355,5686
64042,58355,5687
64043,58356,5687
64044,58357,5687
64046,58359,5687
64047,58360,5687
64048,58361,5687
64049,58362,5687
64050,58363,5687
64052,58365,5687
64053,58366,5687
64055,58368,5687
64056,58369,5687
64058,58371,5687
64059,58372,5687
64060,58373,5687
64061,58374,5687
64062,58375,5687
64063,58376,5687
64065,58378,5687
64066,58379,5687
64067,58380,5687
64068,58381,5687
64069,58382,5687
64071,58384,5687
64072,58385,5687
64073,58386,5687
64075,58388,5687
64076,58389,5687
64077,58390,5687
64078,58391,5687
64079,58392,5687
64081,58394,5687
64082,58395,5687
64083,58396,5687
64084,58397,5687
64085,58398,5687
64086,58399,5687
64088,58401,5687
64090,58403,5687
64091,58404,5687
64092,58405,5687
64093,58406,5687
64094,58407,5687
64096,58409,5687
64097,58410,5687
64098,58411,5687
64100,58413,5687
64101,58414,5687
64102,58415,5687
64103,58416,5687
64104,58417,5687
64105,58418,5687
64106,58419,5687
64107,58420,5687
64109,58422,5687
64110,58423,5687
64111,58424,5687
64113,58426,5687
64114,58427,5687
64115,58428,5687
64116,58429,5687
64118,58431,5687
64120,58432,5688
64121,58433,5688
64123,58435,5688
64124,58436,5688
64125,58437,5688
64127,58437,5690
64129,58439,5690
64130,58440,5690
64131,58441,5690
64132,58442,5690
64134,58444,5690
64135,58445,5690
64137,58446,5691
64138,58447,5691
64139,58448,5691
64141,58450,5691
64142,58451,5691
64143,58452,5691
64144,58453,5691
64145,58454,5691
64147,58456,5691
64148,58457,5691
64149,58458,5691
64150,58459,5691
64152,58461,5691
64153,58462,5691
64154,58463,5691
64155,58463,5692
64156,58464,5692
64157,58465,5692
64159,58467,5692
64160,58468,5692
64161,58469,5692
64162,58470,5692
64163,58471,5692
64165,58473,5692
64166,58474,5692
64167,58475,5692
64169,58477,5692
64170,58478,5692
64171,58478,5693
64172,58479,5693
64173,58480,5693
64175,58482,5693
64176,58483,5693
64178,58485,5693
64179,58486,5693
64181,58488,5693
64182,58489,5693
64183,58490,5693
64185,58492,5693
64186,58493,5693
64187,58494,5693
64188,58495,5693
64190,58497,5693
64191,58498,5693
64192,58499,5693
64193,58500,5693
64195,58502,5693
64196,58503,5693
64197,58504,5693
64198,58505,5693
64200,58507,5693
64201,58508,5693
64202,58509,5693
64203,58510,5693
64205,58512,5693
64207,58514,5693
64208,58515,5693
64210,58517,5693
64211,58518,5693
64212,58519,5693
64213,58520,5693
64214,58521,5693
64216,58523,5693
64217,58524,5693
64218,58525,5693
64219,58526,5693
64220,58527,5693
64221,58528,5693
64222,58529,5693
64224,58531,5693
64225,58532,5693
64226,58533,5693
64227,58534,5693
64228,58535,5693
64230,58537,5693
64232,58539,5693
64233,58540,5693
64235,58542,5693
64236,58543,5693
64238,58545,5693
64240,58547,5693
64241,58548,5693
64242,58549,5693
64243,58550,5693
64244,58551,5693
64246,58553,5693
64247,58554,5693
64249,58556,5693
64250,58557,5693
64251,58558,5693
64253,58560,5693
64254,58561,5693
64256,58563,5693
64257,58564,5693
64259,58566,5693
64260,58567,5693
64262,58569,5693
64263,58570,5693
64265,58572,5693
64266,58573,5693
64267,58574,5693
64268,58575,5693
64269,58576,5693
64271,58578,5693
64272,58578,5694
64273,58579,5694
64275,58581,5694
64276,58582,5694
64278,58584,5694
64280,58586,5694
64282,58588,5694
64283,58589,5694
64285,58591,5694
64286,58592,5694
64288,58594,5694
64289,58595,5694
64290,58596,5694
64292,58598,5694
64293,58599,5694
64294,58600,5694
64295,58601,5694
64296,58602,5694
64298,58604,5694
64299,58605,5694
64301,58606,5695
64302,58607,5695
64303,58608,5695
64304,58609,5695
64305,58610,5695
64306,58611,5695
64307,58612,5695
64309,58614,5695
64310,58615,5695
64311,58616,5695
64312,58617,5695
64313,58618,5695
64314,58619,5695
64315,58620,5695
64316,58621,5695
64317,58622,5695
64319,58624,5695
64320,58625,5695
64321,58626,5695
64322,58627,5695
64323,58628,5695
64324,58629,5695
64325,58630,5695
64326,58631,5695
64327,58632,5695
64329,58634,5695
64330,58635,5695
64331,58636,5695
64332,58637,5695
64333,58638,5695
64334,58639,5695
64335,58640,5695
64336,58641,5695
64337,58642,5695
64339,58644,5695
64340,58645,5695
64341,58646,5695
64342,58647,5695
64343,58648,5695
64344,58649,5695
64345,58650,5695
64346,58651,5695
64347,58652,5695
64349,58654,5695
64350,58655,5695
64351,58656,5695
64352,58657,5695
64353,58658,5695
64354,58659,5695
64356,58661,5695
64358,58663,5695
64359,58664,5695
64360,58665,5695
64362,58666,5696
64364,58668,5696
64365,58669,5696
64366,58670,5696
64368,58672,5696
64369,58673,5696
64370,58674,5696
64371,58675,5696
64373,58677,5696
64374,58678,5696
64375,58679,5696
64376,58680,5696
64378,58682,5696
64380,58684,5696
64381,58685,5696
64382,58686,5696
64384,58687,5697
64386,58689,5697
64387,58690,5697
64388,58691,5697
64390,58693,5697
64392,58695,5697
64393,58696,5697
64395,58698,5697
64397,58700,5697
64398,58701,5697
64400,58703,5697
64402,58705,5697
64404,58707,5697
64405,58708,5697
64406,58709,5697
64408,58711,5697
64410,58713,5697
64411,58714,5697
64413,58716,5697
64415,58718,5697
64416,58719,5697
64417,58720,5697
64419,58722,5697
64420,58723,5697
64422,58725,5697
64423,58726,5697
64424,58727,5697
64426,58729,5697
64428,58731,5697
64429,58732,5697
64431,58734,5697
64432,58735,5697
64434,58737,5697
64435,58738,5697
64437,58740,5697
64439,58742,5697
64441,58744,5697
64442,58745,5697
64444,58747,5697
64445,58748,5697
64447,58750,5697
64448,58751,5697
64450,58753,5697
64451,58754,5697
64452,58755,5697
64453,58756,5697
64454,58757,5697
64455,58758,5697
64456,58759,5697
64457,58760,5697
64458,58761,5697
64459,58762,5697
64460,58763,5697
64461,58764,5697
64462,58765,5697
64463,58766,5697
64464,58767,5697
64466,58769,5697
64467,58770,5697
64468,58771,5697
64469,58772,5697
64471,58774,5697
64472,58775,5697
64473,58776,5697
64475,58778,5697
64477,58780,5697
64478,58781,5697
64480,58783,5697
64482,58785,5697
64484,58787,5697
64485,58788,5697
64486,58789,5697
64487,58790,5697
64488,58791,5697
64489,58792,5697
64491,58794,5697
64492,58795,5697
64494,58797,5697
64496,58799,5697
64498,58801,5697
64499,58802,5697
64501,58804,5697
64502,58805,5697
64504,58807,5697
64505,58808,5697
64506,58809,5697
64507,58810,5697
64509,58812,5697
64511,58814,5697
64512,58815,5697
64513,58816,5697
64514,58817,5697
64516,58819,5697
64518,58821,5697
64519,58822,5697
64521,58824,5697
64522,58825,5697
64523,58826,5697
64524,58827,5697
64526,58829,5697
64527,58830,5697
64528,58831,5697
64529,58832,5697
64530,58833,5697
64532,58835,5697
64533,58836,5697
64534,58837,5697
64535,58838,5697
64537,58840,5697
64538,58841,5697
64539,58842,5697
64540,58843,5697
64541,58844,5697
64543,58846,5697
64545,58848,5697
64546,58849,5697
64548,58851,5697
64549,58852,5697
64550,58853,5697
64551,58854,5697
64552,58855,5697
64554,58857,5697
64556,58859,5697
64557,58860,5697
64558,58861,5697
64559,58862,5697
64560,58863,5697
64562,58865,5697
64564,58867,5697
64565,58868,5697
64566,58869,5697
64567,58870,5697
64569,58872,5697
64571,58874,5697
64572,58875,5697
64573,58876,5697
64574,58877,5697
64576,58879,5697
64577,58880,5697
64579,58881,5698
64581,58883,5698
64583,58885,5698
64584,58886,5698
64585,58887,5698
64586,58888,5698
64588,58890,5698
64589,58891,5698
64590,58892,5698
64591,58893,5698
64592,58894,5698
64593,58895,5698
64595,58897,5698
64596,58898,5698
64598,58900,5698
64600,58902,5698
64601,58903,5698
64602,58904,5698
64603,58905,5698
64605,58907,5698
64607,58909,5698
64608,58910,5698
64609,58911,5698
64610,58912,5698
64611,58913,5698
64612,58914,5698
64613,58915,5698
64614,58916,5698
64615,58917,5698
64616,58918,5698
64617,58919,5698
64619,58920,5699
64620,58921,5699
64622,58923,5699
64623,58924,5699
64624,58925,5699
64625,58926,5699
64626,58927,5699
64628,58929,5699
64629,58930,5699
64630,58931,5699
64631,58932,5699
64633,58934,5699
64635,58936,5699
64636,58937,5699
64637,58938,5699
64638,58939,5699
64639,58940,5699
64641,58942,5699
64642,58943,5699
64644,58945,5699
64645,58946,5699
64646,58947,5699
64647,58948,5699
64648,58949,5699
64650,58951,5699
64652,58953,5699
64654,58955,5699
64655,58956,5699
64656,58957,5699
64657,58958,5699
64659,58960,5699
64661,58962,5699
64663,58964,5699
64664,58965,5699
64665,58966,5699
64667,58968,5699
64669,58970,5699
64670,58971,5699
64671,58972,5699
64672,58973,5699
64674,58975,5699
64675,58976,5699
64676,58977,5699
64678,58979,5699
64679,58980,5699
64680,58981,5699
64681,58982,5699
64682,58983,5699
64684,58985,5699
64685,58986,5699
64686,58987,5699
64687,58988,5699
64688,58989,5699
64689,58990,5699
64691,58992,5699
64692,58993,5699
64694,58995,5699
64696,58997,5699
64697,58998,5699
64698,58999,5699
64699,59000,5699
64701,59002,5699
64703,59004,5699
64704,59005,5699
64705,59006,5699
64706,59007,5699
64707,59008,5699
64708,59009,5699
64709,59010,5699
64710,59011,5699
64711,59012,5699
64713,59014,5699
64714,59015,5699
64716,59016,5700
64717,59017,5700
64719,59019,5700
64720,59020,5700
64721,59021,5700
64722,59022,5700
64723,59023,5700
64725,59025,5700
64726,59026,5700
64727,59027,5700
64728,59028,5700
64730,59030,5700
64732,59032,5700
64733,59033,5700
64734,59034,5700
64735,59035,5700
64736,59036,5700
64738,59038,5700
64739,59039,5700
64741,59041,5700
64742,59042,5700
64743,59043,5700
64745,59045,5700
64746,59046,5700
64748,59048,5700
64750,59050,5700
64752,59052,5700
64753,59053,5700
64755,59055,5700
64756,59056,5700
64758,59058,5700
64760,59060,5700
64762,59062,5700
64763,59063,5700
64764,59064,5700
64766,59066,5700
64768,59068,5700
64769,59069,5700
64770,59070,5700
64771,59071,5700
64773,59073,5700
64774,59074,5700
64776,59074,5702
64778,59076,5702
64779,59077,5702
64780,59078,5702
64781,59079,5702
64782,59080,5702
64784,59082,5702
64785,59083,5702
64786,59084,5702
64787,59085,5702
64788,59086,5702
64789,59087,5702
64791,59089,5702
64792,59090,5702
64794,59092,5702
64795,59093,5702
64797,59095,5702
64798,59096,5702
64799,59097,5702
64800,59098,5702
64801,59099,5702
64802,59099,5703
64804,59101,5703
64805,59102,5703
64806,59103,5703
64808,59105,5703
64810,59107,5703
64811,59108,5703
64812,59109,5703
64813,59110,5703
64814,59111,5703
64816,59113,5703
64818,59115,5703
64819,59116,5703
64821,59118,5703
64822,59119,5703
64823,59120,5703
64825,59122,5703
64826,59123,5703
64828,59125,5703
64829,59126,5703
64831,59128,5703
64833,59130,5703
64835,59132,5703
64836,59133,5703
64837,59134,5703
64839,59136,5703
64840,59136,5704
64841,59137,5704
64842,59138,5704
64843,59139,5704
64844,59140,5704
64845,59141,5704
64847,59143,5704
64849,59145,5704
64850,59146,5704
64851,59147,5704
64852,59148,5704
64854,59150,5704
64856,59152,5704
64858,59154,5704
64860,59156,5704
64861,59157,5704
64863,59159,5704
64864,59160,5704
64866,59162,5704
64867,59163,5704
64868,59164,5704
64869,59165,5704
64871,59167,5704
64873,59169,5704
64874,59170,5704
64875,59171,5704
64876,59172,5704
64877,59173,5704
64879,59175,5704
64881,59177,5704
64882,59178,5704
64884,59180,5704
64885,59181,5704
64886,59182,5704
64888,59184,5704
64890,59186,5704
64891,59187,5704
64892,59188,5704
64893,59189,5704
64894,59190,5704
64895,59191,5704
64896,59192,5704
64897,59193,5704
64898,59194,5704
64899,59195,5704
64900,59196,5704
64901,59197,5704
64902,59198,5704
64903,59199,5704
64905,59201,5704
64907,59203,5704
64908,59204,5704
64909,59205,5704
64911,59206,5705
64912,59207,5705
64913,59208,5705
64914,59209,5705
64915,59210,5705
64917,59212,5705
64918,59213,5705
64919,59214,5705
64921,59216,5705
64922,59217,5705
64923,59218,5705
64924,59219,5705
64925,59220,5705
64926,59221,5705
64928,59223,5705
64929,59224,5705
64930,59225,5705
64931,59226,5705
64932,59227,5705
64934,59229,5705
64935,59230,5705
64937,59232,5705
64938,59233,5705
64939,59234,5705
64940,59235,5705
64941,59236,5705
64943,59238,5705
64944,59239,5705
64945,59240,5705
64946,59241,5705
64947,59242,5705
64948,59243,5705
64950,59245,5705
64951,59246,5705
64952,59247,5705
64953,59248,5705
64955,59250,5705
64956,59251,5705
64957,59252,5705
64958,59253,5705
64959,59254,5705
64960,59255,5705
64961,59256,5705
64962,59257,5705
64963,59258,5705
64965,59260,5705
64966,59261,5705
64967,59262,5705
64968,59263,5705
64969,59264,5705
64970,59265,5705
64971,59266,5705
64973,59268,5705
64974,59269,5705
64975,59270,5705
64976,59271,5705
64978,59273,5705
64979,59274,5705
64981,59276,5705
64983,59278,5705
64984,59279,5705
64985,59280,5705
64986,59281,5705
64987,59282,5705
64989,59284,5705
64990,59285,5705
64991,59286,5705
64992,59287,5705
64994,59289,5705
64995,59290,5705
64996,59291,5705
64997,59292,5705
64998,59293,5705
64999,59294,5705
65000,59295,5705
65001,59296,5705
65002,59297,5705
65003,59298,5705
65004,59299,5705
65005,59300,5705
65007,59302,5705
65008,59303,5705
65010,59305,5705
65011,59306,5705
65012,59307,5705
65013,59308,5705
65014,59309,5705
65015,59310,5705
65016,59311,5705
65017,59312,5705
65018,59313,5705
65019,59314,5705
65020,59315,5705
65021,59316,5705
65023,59318,5705
65024,59319,5705
65026,59320,5706
65027,59321,5706
65028,59322,5706
65029,59323,5706
65030,59324,5706
65032,59325,5707
65033,59326,5707
65034,59327,5707
65036,59329,5707
65038,59331,5707
65040,59333,5707
65041,59334,5707
65042,59335,5707
65043,59336,5707
65045,59337,5708
65047,59339,5708
65048,59340,5708
65049,59341,5708
65050,59342,5708
65051,59343,5708
65053,59345,5708
65054,59346,5708
65055,59347,5708
65056,59348,5708
65057,59349,5708
65058,59350,5708
65060,59351,5709
65062,59353,5709
65063,59354,5709
65064,59355,5709
65065,59356,5709
65066,59357,5709
65067,59358,5709
65069,59360,5709
65071,59362,5709
65072,59363,5709
65073,59364,5709
65074,59365,5709
65075,59366,5709
65076,59367,5709
65077,59368,5709
65078,59369,5709
65079,59370,5709
65080,59371,5709
65081,59372,5709
65083,59374,5709
65084,59375,5709
65085,59376,5709
65086,59377,5709
65088,59379,5709
65089,59380,5709
65090,59381,5709
65092,59383,5709
65093,59384,5709
65094,59385,5709
65095,59386,5709
65096,59387,5709
65097,59388,5709
65098,59389,5709
65100,59391,5709
65101,59392,5709
65102,59393,5709
65103,59394,5709
65104,59395,5709
65106,59397,5709
65107,59398,5709
65108,59399,5709
65109,59400,5709
65110,59401,5709
65111,59402,5709
65113,59404,5709
65114,59405,5709
65115,59406,5709
65116,59407,5709
65118,59408,5710
65120,59410,5710
65121,59411,5710
65122,59412,5710
65123,59413,5710
65125,59415,5710
65126,59416,5710
65128,59418,5710
65129,59419,5710
65130,59420,5710
65131,59421,5710
65132,59422,5710
65133,59423,5710
65134,59424,5710
65135,59425,5710
65137,59427,5710
65138,59428,5710
65140,59430,5710
65141,59431,5710
65143,59433,5710
65145,59435,5710
65147,59437,5710
65148,59438,5710
65150,59440,5710
65151,59441,5710
65153,59443,5710
65155,59445,5710
65156,59446,5710
65157,59447,5710
65159,59449,5710
65160,59450,5710
65162,59452,5710
65163,59453,5710
65164,59454,5710
65165,59455,5710
65167,59457,5710
65168,59458,5710
65169,59459,5710
65171,59461,5710
65172,59462,5710
65174,59464,5710
65175,59465,5710
65176,59466,5710
65177,59467,5710
65178,59468,5710
65179,59469,5710
65181,59471,5710
65183,59473,5710
65184,59474,5710
65185,59475,5710
65186,59476,5710
65187,59477,5710
65189,59479,5710
65190,59480,5710
65191,59481,5710
65193,59483,5710
65194,59484,5710
65195,59484,5711
65196,59485,5711
65197,59486,5711
65198,59487,5711
65199,59488,5711
65200,59489,5711
65202,59490,5712
65204,59492,5712
65205,59493,5712
65206,59494,5712
65207,59495,5712
65209,59497,5712
65210,59498,5712
65211,59498,5713
65212,59499,5713
65213,59500,5713
65215,59502,5713
65216,59503,5713
65217,59504,5713
65218,59505,5713
65219,59506,5713
65221,59508,5713
65222,59509,5713
65224,59511,5713
65225,59512,5713
65227,59514,5713
65228,59515,5713
65229,59516,5713
65230,59516,5714
65231,59517,5714
65232,59518,5714
65234,59520,5714
65235,59521,5714
65236,59522,5714
65237,59523,5714
65238,59524,5714
65240,59526,5714
65241,59527,5714
65242,59528,5714
65244,59530,5714
65245,59531,5714
65246,59531,5715
65247,59532,5715
65248,59533,5715
65250,59535,5715
65251,59536,5715
65253,59538,5715
65254,59539,5715
65256,59541,5715
65257,59542,5715
65258,59543,5715
65260,59545,5715
65261,59546,5715
65262,59547,5715
65263,59548,5715
65265,59550,5715
65266,59551,5715
65267,59552,5715
65268,59553,5715
65270,59555,5715
65271,59556,5715
65272,59557,5715
65273,59558,5715
65275,59560,5715
65276,59561,5715
65277,59562,5715
65278,59563,5715
65280,59565,5715
65282,59567,5715
65283,59568,5715
65285,59570,5715
65286,59571,5715
65287,59572,5715
65288,59573,5715
65289,59574,5715
65291,59576,5715
65292,59577,5715
65293,59578,5715
65294,59579,5715
65295,59580,5715
65296,59581,5715
65297,59582,5715
65299,59584,5715
65300,59585,5715
65301,59586,5715
65302,59587,5715
65303,59588,5715
65305,59590,5715
65307,59592,5715
65308,59593,5715
65310,59595,5715
65311,59596,5715
65313,59598,5715
65315,59600,5715
65316,59601,5715
65317,59602,5715
65318,59603,5715
65319,59604,5715
65321,59606,5715
65322,59607,5715
65324,59609,5715
65325,59610,5715
65326,59611,5715
65328,59613,5715
65329,59614,5715
65331,59616,5715
65332,59617,5715
65334,59619,5715
65335,59620,5715
65337,59622,5715
65338,59623,5715
65340,59625,5715
65341,59626,5715
65342,59627,5715
65343,59628,5715
65344,59629,5715
65346,59631,5715
65347,59631,5716
65348,59632,5716
65350,59634,5716
65351,59635,5716
65353,59637,5716
65355,59639,5716
65357,59641,5716
65358,59642,5716
65360,59644,5716
65361,59645,5716
65363,59647,5716
65364,59648,5716
65365,59649,5716
65367,59651,5716
65368,59652,5716
65369,59653,5716
65370,59654,5716
65371,59655,5716
65373,59657,5716
65374,59658,5716
65376,59659,5717
65377,59660,5717
65378,59661,5717
65379,59662,5717
65380,59663,5717
65381,59664,5717
65382,59665,5717
65384,59667,5717
65385,59668,5717
65386,59669,5717
65387,59670,5717
65388,59671,5717
65389,59672,5717
65390,59673,5717
65391,59674,5717
65392,59675,5717
65394,59677,5717
65395,59678,5717
65396,59679,5717
65397,59680,5717
65398,59681,5717
65399,59682,5717
65400,59683,5717
65401,59684,5717
65402,59685,5717
65404,59687,5717
65405,59688,5717
65406,59689,5717
65407,59690,5717
65408,59691,5717
65409,59692,5717
65410,59693,5717
65411,59694,5717
65412,59695,5717
65414,59697,5717
65415,59698,5717
65416,59699,5717
65417,59700,5717
65418,59701,5717
65419,59702,5717
65420,59703,5717
65421,59704,5717
65422,59705,5717
65424,59707,5717
65425,59708,5717
65426,59709,5717
65427,59710,5717
65428,59711,5717
65429,59712,5717
65430,59713,5717
65431,59714,5717
65432,59715,5717
65434,59717,5717
65435,59718,5717
65436,59719,5717
65437,59720,5717
65438,59721,5717
65439,59722,5717
65440,59723,5717
65441,59724,5717
65442,59725,5717
65444,59727,5717
65445,59728,5717
65446,59729,5717
65447,59730,5717
65448,59731,5717
65449,59732,5717
65450,59733,5717
65451,59734,5717
65452,59735,5717
65454,59737,5717
65455,59738,5717
65456,59739,5717
65457,59740,5717
65458,59741,5717
65459,59742,5717
65460,59743,5717
65461,59744,5717
65462,59745,5717
65464,59747,5717
65465,59748,5717
65466,59749,5717
65467,59750,5717
65468,59751,5717
65469,59752,5717
65470,59753,5717
65471,59754,5717
65472,59755,5717
65474,59757,5717
65475,59758,5717
65476,59759,5717
65477,59760,5717
65478,59761,5717
65479,59762,5717
65480,59763,5717
65481,59764,5717
65482,59765,5717
65484,59767,5717
65485,59768,5717
65486,59769,5717
65487,59770,5717
65488,59771,5717
65489,59772,5717
65490,59773,5717
65491,59774,5717
65492,59775,5717
65494,59777,5717
65495,59778,5717
65496,59779,5717
65497,59780,5717
65498,59781,5717
65499,59782,5717
65500,59783,5717
65501,59784,5717
65502,59785,5717
65504,59787,5717
65505,59788,5717
65506,59789,5717
65507,59790,5717
65508,59791,5717
65509,59792,5717
65510,59793,5717
65511,59794,5717
65512,59795,5717
65514,59797,5717
65515,59798,5717
65516,59799,5717
65517,59800,5717
65518,59801,5717
65519,59802,5717
65520,59803,5717
65521,59804,5717
65522,59805,5717
65524,59807,5717
65525,59808,5717
65526,59809,5717
65527,59810,5717
65528,59811,5717
65529,59812,5717
65530,59813,5717
65531,59814,5717
65532,59815,5717
65534,59817,5717
65535,59818,5717
65537,59819,5718
65538,59820,5718
65539,59821,5718
65540,59822,5718
65541,59823,5718
65542,59824,5718
65543,59825,5718
65545,59827,5718
65546,59828,5718
65547,59829,5718
65548,59830,5718
65549,59831,5718
65550,59832,5718
65552,59834,5718
65554,59836,5718
65555,59837,5718
65556,59838,5718
65558,59840,5718
65560,59842,5718
65561,59843,5718
65562,59844,5718
65564,59846,5718
65565,59847,5718
65566,59848,5718
65567,59849,5718
65569,59851,5718
65570,59852,5718
65571,59853,5718
65572,59854,5718
65574,59856,5718
65576,59858,5718
65577,59859,5718
65578,59860,5718
65580,59862,5718
65582,59864,5718
65583,59865,5718
65584,59866,5718
65586,59868,5718
65588,59870,5718
65589,59871,5718
65591,59873,5718
65593,59875,5718
65594,59876,5718
65596,59878,5718
65598,59880,5718
65600,59882,5718
65601,59883,5718
65602,59884,5718
65604,59886,5718
65606,59888,5718
65607,59889,5718
65609,59891,5718
65611,59893,5718
65612,59894,5718
65613,59895,5718
65615,59897,5718
65616,59898,5718
65618,59900,5718
65619,59901,5718
65620,59902,5718
65622,59904,5718
65624,59906,5718
65625,59907,5718
65627,59909,5718
65628,59910,5718
65630,59912,5718
65631,59913,5718
65633,59915,5718
65635,59917,5718
65637,59919,5718
65638,59920,5718
65640,59922,5718
65641,59923,5718
65643,59925,5718
65644,59926,5718
65646,59928,5718
65647,59929,5718
65648,59930,5718
65649,59931,5718
65650,59932,5718
65651,59933,5718
65652,59934,5718
65653,59935,5718
65654,59936,5718
65655,59937,5718
65656,59938,5718
65657,59939,5718
65658,59940,5718
65659,59941,5718
65660,59942,5718
65662,59944,5718
65663,59945,5718
65664,59946,5718
65665,59947,5718
65667,59949,5718
65668,59950,5718
65669,59951,5718
65671,59953,5718
65673,59955,5718
65674,59956,5718
65676,59958,5718
65678,59960,5718
65680,59962,5718
65681,59963,5718
65682,59964,5718
65683,59965,5718
65684,59966,5718
65685,59967,5718
65687,59969,5718
65688,59970,5718
65690,59972,5718
65692,59974,5718
65694,59976,5718
65695,59977,5718
65697,59979,5718
65698,59980,5718
65700,59982,5718
65701,59983,5718
65702,59984,5718
65703,59985,5718
65705,59987,5718
65707,59989,5718
65708,59990,5718
65709,59991,5718
65710,59992,5718
65712,59994,5718
65714,59996,5718
65715,59997,5718
65717,59999,5718
65718,60000,5718
65719,60001,5718
65720,60002,5718
65722,60004,5718
65723,60005,5718
65724,60006,5718
65725,60007,5718
65726,60008,5718
65728,60010,5718
65729,60011,5718
65730,60012,5718
65731,60013,5718
65733,60015,5718
65734,60016,5718
65735,60017,5718
65736,60018,5718
65737,60019,5718
65739,60021,5718
65741,60023,5718
65742,60024,5718
65744,60026,5718
65745,60027,5718
65746,60028,5718
65747,60029,5718
65748,60030,5718
65750,60032,5718
65752,60034,5718
65753,60035,5718
65754,60036,5718
65755,60037,5718
65756,60038,5718
65758,60040,5718
65760,60042,5718
65761,60043,5718
65762,60044,5718
65763,60045,5718
65765,60047,5718
65767,60049,5718
65768,60050,5718
65769,60051,5718
65770,60052,5718
65772,60054,5718
65773,60055,5718
65775,60057,5718
65777,60059,5718
65779,60061,5718
65780,60062,5718
65781,60063,5718
65782,60064,5718
65784,60066,5718
65785,60067,5718
65786,60068,5718
65787,60069,5718
65788,60070,5718
65789,60071,5718
65791,60073,5718
65792,60074,5718
65794,60076,5718
65796,60078,5718
65797,60079,5718
65798,60080,5718
65799,60081,5718
65801,60083,5718
65803,60085,5718
65804,60086,5718
65805,60087,5718
65806,60088,5718
65807,60089,5718
65808,60090,5718
65809,60091,5718
65810,60092,5718
65811,60093,5718
65812,60094,5718
65813,60095,5718
65815,60097,5718
65816,60098,5718
65818,60100,5718
65819,60101,5718
65820,60102,5718
65821,60103,5718
65822,60104,5718
65824,60106,5718
65825,60107,5718
65826,60108,5718
65827,60109,5718
65829,60111,5718
65831,60113,5718
65832,60114,5718
65833,60115,5718
65834,60116,5718
65835,60117,5718
65837,60119,5718
65838,60120,5718
65840,60122,5718
65841,60123,5718
65842,60124,5718
65843,60125,5718
65844,60126,5718
65846,60128,5718
65848,60130,5718
65850,60132,5718
65851,60133,5718
65852,60134,5718
65853,60135,5718
65855,60137,5718
65857,60139,5718
65859,60141,5718
65860,60142,5718
65861,60143,5718
65863,60145,5718
65865,60147,5718
65866,60148,5718
65867,60149,5718
65868,60150,5718
65870,60152,5718
65871,60153,5718
65872,60154,5718
65874,60156,5718
65875,60157,5718
65876,60158,5718
65877,60159,5718
65878,60160,5718
65880,60162,5718
65881,60163,5718
65882,60164,5718
65883,60165,5718
65884,60166,5718
65885,60167,5718
65887,60169,5718
65888,60170,5718
65890,60172,5718
65892,60174,5718
65893,60175,5718
65894,60176,5718
65895,60177,5718
65897,60179,5718
65899,60181,5718
65900,60182,5718
65901,60183,5718
65902,60184,5718
65903,60185,5718
65904,60186,5718
65905,60187,5718
65906,60188,5718
65907,60189,5718
65909,60191,5718
65910,60192,5718
65912,60194,5718
65913,60195,5718
65915,60197,5718
65916,60198,5718
65917,60199,5718
65918,60200,5718
65919,60201,5718
65921,60203,5718
65922,60204,5718
65923,60205,5718
65924,60206,5718
65926,60208,5718
65928,60210,5718
65929,60211,5718
65930,60212,5718
65931,60213,5718
65932,60214,5718
65934,60216,5718
65935,60217,5718
65937,60219,5718
65938,60220,5718
65939,60221,5718
65941,60223,5718
65942,60224,5718
65944,60226,5718
65946,60228,5718
65948,60230,5718
65949,60231,5718
65951,60233,5718
65952,60234,5718
65954,60236,5718
65956,60238,5718
65958,60240,5718
65959,60241,5718
65960,60242,5718
65962,60244,5718
65964,60246,5718
65965,60247,5718
65966,60248,5718
65967,60249,5718
65969,60251,5718
65970,60252,5718
65971,60252,5719
65973,60254,5719
65974,60255,5719
65975,60256,5719
65976,60257,5719
65977,60258,5719
65979,60260,5719
65980,60261,5719
65981,60262,5719
65982,60263,5719
65983,60264,5719
65984,60265,5719
65986,60267,5719
65987,60268,5719
65989,60270,5719
65990,60271,5719
65992,60273,5719
65993,60274,5719
65994,60275,5719
65995,60276,5719
65996,60277,5719
65997,60277,5720
65999,60279,5720
66000,60280,5720
66001,60281,5720
66003,60283,5720
66005,60285,5720
66006,60286,5720
66007,60287,5720
66008,60288,5720
66009,60289,5720
66011,60291,5720
66013,60293,5720
66014,60294,5720
66016,60296,5720
66017,60297,5720
66018,60298,5720
66020,60300,5720
66021,60301,5720
66023,60303,5720
66024,60304,5720
66026,60306,5720
66028,60308,5720
66030,60310,5720
66031,60311,5720
66032,60312,5720
66034,60314,5720
66035,60314,5721
66036,60315,5721
66037,60316,5721
66038,60317,5721
66039,60318,5721
66040,60319,5721
66042,60321,5721
66044,60323,5721
66045,60324,5721
66046,60325,5721
66047,60326,5721
66049,60328,5721
66051,60330,5721
66053,60332,5721
66055,60334,5721
66056,60335,5721
66058,60337,5721
66059,60338,5721
66061,60340,5721
66062,60341,5721
66063,60342,5721
66064,60343,5721
66066,60345,5721
66068,60347,5721
66069,60348,5721
66070,60349,5721
66071,60350,5721
66072,60351,5721
66074,60353,5721
66076,60355,5721
66077,60356,5721
66079,60358,5721
66080,60359,5721
66081,60360,5721
66083,60362,5721
66085,60364,5721
66086,60365,5721
66087,60366,5721
66088,60367,5721
66089,60368,5721
66090,60369,5721
66091,60370,5721
66092,60371,5721
66093,60372,5721
66094,60373,5721
66095,60374,5721
66096,60375,5721
66097,60376,5721
66098,60377,5721
66100,60379,5721
66102,60381,5721
66103,60382,5721
66104,60383,5721
66106,60384,5722
66107,60385,5722
66108,60386,5722
66109,60387,5722
66110,60388,5722
66112,60390,5722
66113,60391,5722
66114,60392,5722
66116,60394,5722
66117,60395,5722
66118,60396,5722
66119,60397,5722
66120,60398,5722
66121,60399,5722
66123,60401,5722
66124,60402,5722
66125,60403,5722
66126,60404,5722
66127,60405,5722
66129,60407,5722
66130,60408,5722
66132,60410,5722
66133,60411,5722
66134,60412,5722
66135,60413,5722
66136,60414,5722
66138,60416,5722
66139,60417,5722
66140,60418,5722
66141,60419,5722
66142,60420,5722
66143,60421,5722
66145,60423,5722
66146,60424,5722
66147,60425,5722
66148,60426,5722
66150,60428,5722
66151,60429,5722
66152,60430,5722
66153,60431,5722
66154,60432,5722
66155,60433,5722
66156,60434,5722
66157,60435,5722
66158,60436,5722
66160,60438,5722
66161,60439,5722
66162,60440,5722
66163,60441,5722
66164,60442,5722
66165,60443,5722
66166,60444,5722
66168,60446,5722
66169,60447,5722
66170,60448,5722
66171,60449,5722
66173,60451,5722
66174,60452,5722
66176,60454,5722
66178,60456,5722
66179,60457,5722
66180,60458,5722
66181,60459,5722
66182,60460,5722
66184,60462,5722
66185,60463,5722
66186,60464,5722
66187,60465,5722
66189,60467,5722
66190,60468,5722
66191,60469,5722
66192,60470,5722
66193,60471,5722
66194,60472,5722
66195,60473,5722
66196,60474,5722
66197,60475,5722
66198,60476,5722
66199,60477,5722
66200,60478,5722
66202,60480,5722
66203,60481,5722
66205,60483,5722
66206,60484,5722
66207,60485,5722
66208,60486,5722
66209,60487,5722
66210,60488,5722
66211,60489,5722
66212,60490,5722
66213,60491,5722
66214,60492,5722
66215,60493,5722
66216,60494,5722
66218,60496,5722
66219,60497,5722
66221,60499,5722
66222,60500,5722
66223,60501,5722
66224,60502,5722
66225,60503,5722
66227,60505,5722
66228,60506,5722
66229,60507,5722
66231,60509,5722
66233,60511,5722
66235,60513,5722
66236,60514,5722
66237,60515,5722
66238,60516,5722
66240,60518,5722
66242,60520,5722
66243,60521,5722
66244,60522,5722
66245,60523,5722
66246,60524,5722
66248,60526,5722
66249,60527,5722
66250,60528,5722
66251,60529,5722
66252,60530,5722
66253,60531,5722
66255,60533,5722
66257,60535,5722
66258,60536,5722
66259,60537,5722
66260,60538,5722
66261,60539,5722
66262,60540,5722
66264,60542,5722
66266,60544,5722
66267,60545,5722
66268,60546,5722
66269,60547,5722
66270,60548,5722
66271,60549,5722
66272,60550,5722
66273,60551,5722
66274,60552,5722
66275,60553,5722
66276,60554,5722
66278,60556,5722
66279,60557,5722
66280,60558,5722
66281,60559,5722
66283,60561,5722
66284,60562,5722
66285,60563,5722
66287,60565,5722
66288,60566,5722
66289,60567,5722
66290,60568,5722
66291,60569,5722
66292,60570,5722
66293,60571,5722
66295,60573,5722
66296,60574,5722
66297,60575,5722
66298,60576,5722
66299,60577,5722
66301,60579,5722
66302,60580,5722
66303,60581,5722
66304,60582,5722
66305,60583,5722
66306,60584,5722
66308,60586,5722
66309,60587,5722
66310,60588,5722
66311,60589,5722
66313,60591,5722
66315,60593,5722
66316,60594,5722
66317,60595,5722
66318,60596,5722
66320,60598,5722
66321,60599,5722
66323,60601,5722
66324,60602,5722
66325,60603,5722
66326,60604,5722
66327,60605,5722
66328,60606,5722
66329,60607,5722
66330,60608,5722
66332,60610,5722
66333,60611,5722
66335,60613,5722
66336,60614,5722
66338,60616,5722
66340,60618,5722
66342,60620,5722
66343,60621,5722
66345,60623,5722
66346,60624,5722
66348,60626,5722
66350,60628,5722
66351,60629,5722
66352,60630,5722
66354,60632,5722
66355,60633,5722
66357,60635,5722
66358,60636,5722
66359,60637,5722
66360,60638,5722
66362,60640,5722
66363,60641,5722
66364,60642,5722
66366,60644,5722
66367,60645,5722
66369,60647,5722
66370,60648,5722
66371,60649,5722
66372,60650,5722
66373,60651,5722
66374,60652,5722
66376,60654,5722
66378,60656,5722
66379,60657,5722
66380,60658,5722
66381,60659,5722
66382,60660,5722
66384,60662,5722
66385,60663,5722
66386,60664,5722
66388,60666,5722
66389,60667,5722
66390,60668,5722
66391,60669,5722
66392,60670,5722
66393,60671,5722
66395,60672,5723
66396,60673,5723
66397,60674,5723
66399,60676,5723
66400,60677,5723
66401,60678,5723
66402,60679,5723
66404,60681,5723
66405,60682,5723
66407,60683,5724
66408,60684,5724
66409,60685,5724
66411,60687,5724
66412,60688,5724
66413,60689,5724
66414,60690,5724
66415,60691,5724
66417,60693,5724
66418,60694,5724
66419,60695,5724
66420,60696,5724
66422,60698,5724
66423,60699,5724
66424,60700,5724
66426,60700,5726
66427,60701,5726
66428,60702,5726
66430,60704,5726
66431,60705,5726
66432,60706,5726
66433,60707,5726
66434,60708,5726
66436,60710,5726
66437,60711,5726
66438,60712,5726
66440,60714,5726
66441,60715,5726
66442,60715,5727
66443,60716,5727
66444,60717,5727
66446,60719,5727
66447,60720,5727
66449,60722,5727
66450,60723,5727
66452,60725,5727
66453,60726,5727
66454,60727,5727
66456,60729,5727
66457,60730,5727
66458,60731,5727
66459,60732,5727
66461,60734,5727
66462,60735,5727
66463,60736,5727
66464,60737,5727
66466,60739,5727
66467,60740,5727
66468,60741,5727
66469,60742,5727
66471,60744,5727
66472,60745,5727
66473,60746,5727
66474,60747,5727
66476,60749,5727
66478,60751,5727
66479,60752,5727
66481,60754,5727
66482,60755,5727
66483,60756,5727
66484,60757,5727
66485,60758,5727
66487,60760,5727
66488,60761,5727
66489,60762,5727
66490,60763,5727
66491,60764,5727
66492,60765,5727
66493,60766,5727
66495,60768,5727
66496,60769,5727
66497,60770,5727
66498,60771,5727
66499,60772,5727
66501,60774,5727
66503,60776,5727
66504,60777,5727
66506,60779,5727
66507,60780,5727
66509,60782,5727
66511,60784,5727
66512,60785,5727
66513,60786,5727
66514,60787,5727
66515,60788,5727
66517,60790,5727
66518,60791,5727
66520,60793,5727
66521,60794,5727
66522,60795,5727
66524,60797,5727
66525,60798,5727
66527,60800,5727
66528,60801,5727
66530,60803,5727
66531,60804,5727
66533,60806,5727
66534,60807,5727
66536,60809,5727
66537,60810,5727
66538,60811,5727
66539,60812,5727
66540,60813,5727
66542,60815,5727
66544,60815,5729
66545,60816,5729
66547,60818,5729
66548,60819,5729
66550,60821,5729
66552,60823,5729
66554,60825,5729
66555,60826,5729
66557,60828,5729
66558,60829,5729
66560,60831,5729
66561,60832,5729
66562,60833,5729
66564,60835,5729
66565,60836,5729
66566,60837,5729
66567,60838,5729
66568,60839,5729
66570,60841,5729
66571,60842,5729
66572,60843,5729
66573,60844,5729
66574,60845,5729
66575,60846,5729
66576,60847,5729
66577,60848,5729
66578,60849,5729
66580,60851,5729
66581,60852,5729
66582,60853,5729
66583,60854,5729
66584,60855,5729
66585,60856,5729
66586,60857,5729
66587,60858,5729
66588,60859,5729
66590,60861,5729
66591,60862,5729
66592,60863,5729
66593,60864,5729
66594,60865,5729
66595,60866,5729
66596,60867,5729
66597,60868,5729
66598,60869,5729
66600,60871,5729
66601,60872,5729
66602,60873,5729
66603,60874,5729
66604,60875,5729
66605,60876,5729
66606,60877,5729
66607,60878,5729
66608,60879,5729
66610,60881,5729
66611,60882,5729
66612,60883,5729
66613,60884,5729
66614,60885,5729
66615,60886,5729
66616,60887,5729
66617,60888,5729
66618,60889,5729
66620,60891,5729
66621,60892,5729
66622,60893,5729
66623,60894,5729
66624,60895,5729
66625,60896,5729
66626,60897,5729
66627,60898,5729
66628,60899,5729
66630,60901,5729
66631,60902,5729
66632,60903,5729
66633,60904,5729
66634,60905,5729
66635,60906,5729
66636,60907,5729
66637,60908,5729
66638,60909,5729
66640,60911,5729
66641,60912,5729
66642,60913,5729
66643,60914,5729
66644,60915,5729
66645,60916,5729
66646,60917,5729
66647,60918,5729
66648,60919,5729
66650,60921,5729
66651,60922,5729
66652,60923,5729
66653,60924,5729
66654,60925,5729
66655,60926,5729
66656,60927,5729
66657,60928,5729
66658,60929,5729
66660,60931,5729
66661,60932,5729
66662,60933,5729
66663,60934,5729
66664,60935,5729
66665,60936,5729
66666,60937,5729
66667,60938,5729
66668,60939,5729
66670,60941,5729
66671,60942,5729
66672,60943,5729
66673,60944,5729
66674,60945,5729
66675,60946,5729
66676,60947,5729
66677,60948,5729
66678,60949,5729
66680,60951,5729
66681,60952,5729
66682,60953,5729
66683,60954,5729
66684,60955,5729
66685,60956,5729
66686,60957,5729
66687,60958,5729
66688,60959,5729
66690,60961,5729
66691,60962,5729
66692,60963,5729
66693,60964,5729
66694,60965,5729
66695,60966,5729
66696,60967,5729
66697,60968,5729
66698,60969,5729
66700,60971,5729
66701,60972,5729
66702,60973,5729
66703,60974,5729
66704,60975,5729
66705,60976,5729
66706,60977,5729
66707,60978,5729
66708,60979,5729
66710,60981,5729
66711,60982,5729
66712,60983,5729
66713,60984,5729
66714,60985,5729
66715,60986,5729
66716,60987,5729
66717,60988,5729
66718,60989,5729
66720,60991,5729
66721,60992,5729
66723,60993,5730
66724,60994,5730
66725,60995,5730
66726,60996,5730
66727,60997,5730
66728,60998,5730
66729,60999,5730
66731,61001,5730
66732,61002,5730
66733,61003,5730
66734,61004,5730
66735,61005,5730
66736,61006,5730
66737,61007,5730
66738,61008,5730
66739,61009,5730
66741,61011,5730
66742,61012,5730
66743,61013,5730
66744,61014,5730
66745,61015,5730
66746,61016,5730
66747,61017,5730
66748,61018,5730
66749,61019,5730
66751,61021,5730
66752,61022,5730
66753,61023,5730
66754,61024,5730
66755,61025,5730
66756,61026,5730
66757,61027,5730
66758,61028,5730
66759,61029,5730
66761,61031,5730
66762,61032,5730
66763,61033,5730
66764,61034,5730
66765,61035,5730
66766,61036,5730
66767,61037,5730
66768,61038,5730
66769,61039,5730
66771,61041,5730
66772,61042,5730
66773,61043,5730
66774,61044,5730
66775,61045,5730
66776,61046,5730
66777,61047,5730
66778,61048,5730
66779,61049,5730
66781,61051,5730
66782,61052,5730
66783,61053,5730
66784,61054,5730
66785,61055,5730
66786,61056,5730
66787,61057,5730
66788,61058,5730
66789,61059,5730
66791,61061,5730
66792,61062,5730
66793,61063,5730
66794,61064,5730
66795,61065,5730
66796,61066,5730
66797,61067,5730
66798,61068,5730
66799,61069,5730
66801,61071,5730
66802,61072,5730
66803,61073,5730
66804,61074,5730
66805,61075,5730
66806,61076,5730
66808,61078,5730
66810,61080,5730
66811,61081,5730
66812,61082,5730
66814,61084,5730
66816,61086,5730
66817,61087,5730
66818,61088,5730
66820,61090,5730
66821,61091,5730
66822,61092,5730
66823,61093,5730
66825,61095,5730
66826,61096,5730
66827,61097,5730
66828,61098,5730
66830,61100,5730
66832,61102,5730
66833,61103,5730
66834,61104,5730
66836,61106,5730
66838,61108,5730
66839,61109,5730
66840,61110,5730
66842,61112,5730
66844,61114,5730
66845,61115,5730
66847,61117,5730
66849,61119,5730
66850,61120,5730
66852,61122,5730
66854,61124,5730
66856,61126,5730
66857,61127,5730
66858,61128,5730
66860,61130,5730
66862,61132,5730
66863,61133,5730
66865,61135,5730
66867,61137,5730
66868,61138,5730
66869,61139,5730
66871,61141,5730
66872,61142,5730
66874,61144,5730
66875,61145,5730
66876,61146,5730
66878,61148,5730
66880,61150,5730
66881,61151,5730
66883,61153,5730
66884,61154,5730
66886,61156,5730
66887,61157,5730
66889,61159,5730
66891,61161,5730
66893,61163,5730
66894,61164,5730
66896,61166,5730
66897,61167,5730
66899,61169,5730
66900,61170,5730
66902,61172,5730
66903,61173,5730
66904,61174,5730
66905,61175,5730
66906,61176,5730
66907,61177,5730
66908,61178,5730
66909,61179,5730
66910,61180,5730
66911,61181,5730
66912,61182,5730
66913,61183,5730
66914,61184,5730
66915,61185,5730
66916,61186,5730
66918,61188,5730
66919,61189,5730
66920,61190,5730
66921,61191,5730
66923,61193,5730
66924,61194,5730
66925,61195,5730
66927,61197,5730
66929,61199,5730
66930,61200,5730
66932,61202,5730
66934,61204,5730
66936,61206,5730
66937,61207,5730
66938,61208,5730
66939,61209,5730
66940,61210,5730
66941,61211,5730
66943,61213,5730
66944,61214,5730
66946,61216,5730
66948,61218,5730
66950,61220,5730
66951,61221,5730
66953,61223,5730
66954,61224,5730
66956,61226,5730
66957,61227,5730
66958,61228,5730
66959,61229,5730
66961,61231,5730
66963,61233,5730
66964,61234,5730
66965,61235,5730
66966,61236,5730
66968,61238,5730
66970,61240,5730
66971,61241,5730
66973,61243,5730
66974,61244,5730
66975,61245,5730
66976,61246,5730
66978,61248,5730
66979,61249,5730
66980,61250,5730
66981,61251,5730
66982,61252,5730
66984,61254,5730
66985,61255,5730
66986,61256,5730
66987,61257,5730
66989,61259,5730
66990,61260,5730
66991,61261,5730
66992,61262,5730
66993,61263,5730
66995,61265,5730
66997,61267,5730
66998,61268,5730
67000,61270,5730
67001,61271,5730
67002,61272,5730
67003,61273,5730
67004,61274,5730
67006,61276,5730
67008,61278,5730
67009,61279,5730
67010,61280,5730
67011,61281,5730
67012,61282,5730
67014,61284,5730
67016,61286,5730
67017,61287,5730
67018,61288,5730
67019,61289,5730
67021,61291,5730
67023,61293,5730
67024,61294,5730
67025,61295,5730
67026,61296,5730
67028,61298,5730
67029,61299,5730
67031,61301,5730
67033,61303,5730
67035,61305,5730
67036,61306,5730
67037,61307,5730
67038,61308,5730
67040,61310,5730
67041,61311,5730
67042,61312,5730
67043,61313,5730
67044,61314,5730
67045,61315,5730
67047,61317,5730
67048,61318,5730
67050,61320,5730
67052,61322,5730
67053,61323,5730
67054,61324,5730
67055,61325,5730
67057,61327,5730
67059,61329,5730
67060,61330,5730
67061,61331,5730
67062,61332,5730
67063,61333,5730
67064,61334,5730
67065,61335,5730
67066,61336,5730
67067,61337,5730
67068,61338,5730
67069,61339,5730
67071,61341,5730
67072,61342,5730
67074,61344,5730
67075,61345,5730
67076,61346,5730
67077,61347,5730
67078,61348,5730
67080,61350,5730
67081,61351,5730
67082,61352,5730
67083,61353,5730
67085,61355,5730
67087,61357,5730
67088,61358,5730
67089,61359,5730
67090,61360,5730
67091,61361,5730
67093,61363,5730
67094,61364,5730
67096,61366,5730
67097,61367,5730
67098,61368,5730
67099,61369,5730
67100,61370,5730
67102,61372,5730
67104,61374,5730
67106,61376,5730
67107,61377,5730
67108,61378,5730
67109,61379,5730
67111,61381,5730
67113,61383,5730
67115,61385,5730
67116,61386,5730
67117,61387,5730
67119,61389,5730
67121,61391,5730
67122,61392,5730
67123,61393,5730
67124,61394,5730
67126,61396,5730
67127,61397,5730
67128,61398,5730
67130,61400,5730
67131,61401,5730
67132,61402,5730
67133,61403,5730
67134,61404,5730
67136,61406,5730
67137,61407,5730
67138,61408,5730
67139,61409,5730
67140,61410,5730
67141,61411,5730
67143,61413,5730
67144,61414,5730
67146,61416,5730
67148,61418,5730
67149,61419,5730
67150,61420,5730
67151,61421,5730
67153,61423,5730
67155,61425,5730
67156,61426,5730
67157,61427,5730
67158,61428,5730
67159,61429,5730
67160,61430,5730
67161,61431,5730
67162,61432,5730
67163,61433,5730
67165,61435,5730
67166,61436,5730
67168,61438,5730
67169,61439,5730
67171,61441,5730
67172,61442,5730
67173,61443,5730
67174,61444,5730
67175,61445,5730
67177,61447,5730
67178,61448,5730
67179,61449,5730
67180,61450,5730
67182,61452,5730
67184,61454,5730
67185,61455,5730
67186,61456,5730
67187,61457,5730
67188,61458,5730
67190,61460,5730
67191,61461,5730
67193,61463,5730
67194,61464,5730
67195,61465,5730
67197,61467,5730
67198,61468,5730
67200,61470,5730
67202,61472,5730
67204,61474,5730
67205,61475,5730
67207,61477,5730
67208,61478,5730
67210,61480,5730
67212,61482,5730
67214,61484,5730
67215,61485,5730
67216,61486,5730
67218,61488,5730
67220,61490,5730
67221,61491,5730
67222,61492,5730
67223,61493,5730
67225,61495,5730
67226,61496,5730
67227,61496,5731
67229,61498,5731
67230,61499,5731
67231,61500,5731
67232,61501,5731
67233,61502,5731
67235,61504,5731
67236,61505,5731
67237,61506,5731
67238,61507,5731
67239,61508,5731
67240,61509,5731
67242,61511,5731
67243,61512,5731
67245,61514,5731
67246,61515,5731
67248,61517,5731
67249,61518,5731
67250,61519,5731
67251,61520,5731
67252,61521,5731
67253,61521,5732
67255,61523,5732
67256,61524,5732
67257,61525,5732
67259,61527,5732
67261,61529,5732
67262,61530,5732
67263,61531,5732
67264,61532,5732
67265,61533,5732
67267,61535,5732
67269,61537,5732
67270,61538,5732
67272,61540,5732
67273,61541,5732
67274,61542,5732
67276,61544,5732
67277,61545,5732
67279,61547,5732
67280,61548,5732
67282,61550,5732
67284,61552,5732
67286,61554,5732
67287,61555,5732
67288,61556,5732
67290,61558,5732
67291,61558,5733
67292,61559,5733
67293,61560,5733
67294,61561,5733
67295,61562,5733
67296,61563,5733
67298,61565,5733
67300,61567,5733
67301,61568,5733
67302,61569,5733
67303,61570,5733
67305,61572,5733
67307,61574,5733
67309,61576,5733
67311,61578,5733
67312,61579,5733
67314,61581,5733
67315,61582,5733
67317,61584,5733
67318,61585,5733
67319,61586,5733
67320,61587,5733
67322,61589,5733
67324,61591,5733
67325,61592,5733
67326,61593,5733
67327,61594,5733
67328,61595,5733
67330,61597,5733
67332,61599,5733
67333,61600,5733
67335,61602,5733
67336,61603,5733
67337,61604,5733
67339,61606,5733
67341,61608,5733
67342,61609,5733
67343,61610,5733
67344,61611,5733
67345,61612,5733
67346,61613,5733
67347,61614,5733
67348,61615,5733
67349,61616,5733
67350,61617,5733
67351,61618,5733
67352,61619,5733
67353,61620,5733
67354,61621,5733
67356,61623,5733
67358,61625,5733
67359,61626,5733
67360,61627,5733
67361,61627,5734
67362,61628,5734
67363,61629,5734
67364,61630,5734
67366,61632,5734
67368,61634,5734
67369,61635,5734
67370,61636,5734
67372,61638,5734
67373,61639,5734
67374,61640,5734
67375,61641,5734
67376,61642,5734
67377,61643,5734
67379,61645,5734
67380,61646,5734
67381,61647,5734
67382,61648,5734
67383,61649,5734
67385,61651,5734
67386,61652,5734
67388,61654,5734
67389,61655,5734
67390,61656,5734
67391,61657,5734
67392,61658,5734
67394,61660,5734
67395,61661,5734
67396,61662,5734
67398,61663,5735
67399,61664,5735
67400,61665,5735
67402,61667,5735
67403,61668,5735
67404,61669,5735
67405,61670,5735
67407,61672,5735
67408,61673,5735
67409,61674,5735
67410,61675,5735
67411,61676,5735
67412,61677,5735
67413,61678,5735
67414,61679,5735
67415,61680,5735
67417,61682,5735
67418,61683,5735
67419,61684,5735
67420,61685,5735
67421,61686,5735
67422,61687,5735
67423,61688,5735
67425,61690,5735
67426,61691,5735
67427,61692,5735
67428,61693,5735
67430,61695,5735
67431,61696,5735
67433,61698,5735
67435,61700,5735
67436,61701,5735
67437,61702,5735
67438,61703,5735
67439,61704,5735
67441,61706,5735
67442,61707,5735
67443,61708,5735
67444,61709,5735
67446,61711,5735
67447,61712,5735
67448,61713,5735
67449,61714,5735
67450,61715,5735
67451,61716,5735
67452,61717,5735
67453,61718,5735
67454,61719,5735
67455,61720,5735
67456,61721,5735
67457,61722,5735
67459,61724,5735
67460,61725,5735
67462,61727,5735
67463,61728,5735
67464,61729,5735
67465,61730,5735
67466,61731,5735
67467,61732,5735
67468,61733,5735
67469,61734,5735
67470,61735,5735
67471,61736,5735
67472,61737,5735
67473,61738,5735
67475,61740,5735
67476,61741,5735
67478,61743,5735
67479,61744,5735
67480,61745,5735
67481,61746,5735
67482,61747,5735
67484,61749,5735
67485,61750,5735
67486,61751,5735
67488,61753,5735
67490,61755,5735
67492,61757,5735
67493,61758,5735
67494,61759,5735
67495,61760,5735
67497,61762,5735
67499,61764,5735
67500,61765,5735
67501,61766,5735
67502,61767,5735
67503,61768,5735
67505,61770,5735
67506,61771,5735
67507,61772,5735
67509,61772,5737
67510,61773,5737
67511,61774,5737
67513,61776,5737
67515,61778,5737
67516,61779,5737
67517,61780,5737
67518,61781,5737
67519,61782,5737
67520,61783,5737
67522,61785,5737
67524,61787,5737
67525,61788,5737
67526,61789,5737
67527,61790,5737
67528,61791,5737
67529,61792,5737
67530,61793,5737
67531,61794,5737
67532,61795,5737
67533,61796,5737
67534,61797,5737
67536,61799,5737
67537,61800,5737
67538,61801,5737
67539,61802,5737
67541,61804,5737
67542,61805,5737
67543,61806,5737
67545,61808,5737
67546,61809,5737
67547,61810,5737
67548,61811,5737
67549,61812,5737
67550,61813,5737
67551,61814,5737
67553,61816,5737
67554,61817,5737
67555,61818,5737
67556,61819,5737
67557,61820,5737
67559,61822,5737
67560,61823,5737
67561,61824,5737
67562,61825,5737
67563,61826,5737
67564,61827,5737
67566,61829,5737
67567,61830,5737
67568,61831,5737
67569,61832,5737
67571,61834,5737
67573,61836,5737
67574,61837,5737
67575,61838,5737
67576,61839,5737
67578,61841,5737
67579,61842,5737
67581,61844,5737
67582,61845,5737
67583,61846,5737
67584,61847,5737
67585,61848,5737
67586,61849,5737
67587,61850,5737
67588,61851,5737
67590,61853,5737
67591,61854,5737
67593,61856,5737
67594,61857,5737
67596,61859,5737
67598,61861,5737
67600,61863,5737
67601,61864,5737
67603,61866,5737
67604,61867,5737
67606,61869,5737
67608,61871,5737
67609,61872,5737
67610,61873,5737
67612,61875,5737
67613,61876,5737
67615,61878,5737
67616,61879,5737
67617,61880,5737
67618,61881,5737
67620,61883,5737
67621,61884,5737
67622,61885,5737
67624,61887,5737
67625,61888,5737
67627,61890,5737
67628,61891,5737
67629,61892,5737
67630,61893,5737
67631,61894,5737
67632,61895,5737
67634,61897,5737
67635,61898,5737
67636,61899,5737
67637,61900,5737
67638,61901,5737
67639,61902,5737
67641,61904,5737
67642,61905,5737
67643,61906,5737
67645,61908,5737
67646,61909,5737
67647,61910,5737
67648,61911,5737
67649,61912,5737
67650,61913,5737
67651,61914,5737
67652,61915,5737
67654,61917,5737
67656,61919,5737
67657,61920,5737
67658,61921,5737
67659,61922,5737
67661,61924,5737
67662,61925,5737
67663,61925,5738
67664,61926,5738
67665,61927,5738
67667,61929,5738
67668,61930,5738
67669,61931,5738
67670,61932,5738
67671,61933,5738
67673,61935,5738
67674,61936,5738
67676,61938,5738
67677,61939,5738
67679,61941,5738
67680,61942,5738
67681,61943,5738
67682,61943,5739
67683,61944,5739
67684,61945,5739
67686,61947,5739
67687,61948,5739
67688,61949,5739
67689,61950,5739
67690,61951,5739
67692,61953,5739
67693,61954,5739
67694,61955,5739
67696,61957,5739
67697,61958,5739
67698,61958,5740
67699,61959,5740
67700,61960,5740
67702,61962,5740
67703,61963,5740
67705,61965,5740
67706,61966,5740
67708,61968,5740
67709,61969,5740
67710,61970,5740
67712,61972,5740
67713,61973,5740
67714,61974,5740
67715,61975,5740
67717,61977,5740
67718,61978,5740
67719,61979,5740
67720,61980,5740
67722,61982,5740
67723,61983,5740
67724,61984,5740
67725,61985,5740
67727,61987,5740
67728,61988,5740
67729,61989,5740
67730,61990,5740
67732,61992,5740
67734,61994,5740
67735,61995,5740
67737,61997,5740
67738,61998,5740
67739,61999,5740
67740,62000,5740
67741,62001,5740
67743,62003,5740
67744,62004,5740
67745,62005,5740
67746,62006,5740
67747,62007,5740
67748,62008,5740
67749,62009,5740
67751,62011,5740
67752,62012,5740
67753,62013,5740
67754,62014,5740
67755,62015,5740
67757,62017,5740
67759,62019,5740
67760,62020,5740
67762,62022,5740
67763,62023,5740
67765,62025,5740
67767,62027,5740
67768,62028,5740
67769,62029,5740
67770,62030,5740
67771,62031,5740
67773,62033,5740
67774,62034,5740
67776,62036,5740
67777,62037,5740
67778,62038,5740
67780,62040,5740
67781,62041,5740
67783,62043,5740
67784,62044,5740
67786,62046,5740
67787,62047,5740
67789,62049,5740
67790,62050,5740
67792,62052,5740
67793,62053,5740
67794,62054,5740
67795,62055,5740
67796,62056,5740
67798,62058,5740
67799,62058,5741
67800,62059,5741
67802,62061,5741
67803,62062,5741
67805,62064,5741
67807,62066,5741
67809,62068,5741
67810,62069,5741
67812,62071,5741
67813,62072,5741
67815,62074,5741
67816,62075,5741
67817,62076,5741
67819,62078,5741
67820,62079,5741
67821,62080,5741
67822,62081,5741
67823,62082,5741
67825,62084,5741
67826,62085,5741
67827,62086,5741
67828,62087,5741
67829,62088,5741
67830,62089,5741
67831,62090,5741
67832,62091,5741
67833,62092,5741
67835,62094,5741
67836,62095,5741
67837,62096,5741
67838,62097,5741
67839,62098,5741
67840,62099,5741
67841,62100,5741
67842,62101,5741
67843,62102,5741
67845,62104,5741
67846,62105,5741
67847,62106,5741
67848,62107,5741
67849,62108,5741
67850,62109,5741
67851,62110,5741
67852,62111,5741
67853,62112,5741
67855,62114,5741
67856,62115,5741
67857,62116,5741
67858,62117,5741
67859,62118,5741
67860,62119,5741
67861,62120,5741
67862,62121,5741
67863,62122,5741
67865,62124,5741
67866,62125,5741
67868,62126,5742
67869,62127,5742
67870,62128,5742
67871,62129,5742
67872,62130,5742
67873,62131,5742
67874,62132,5742
67876,62134,5742
67877,62135,5742
67878,62136,5742
67879,62137,5742
67880,62138,5742
67881,62139,5742
67882,62140,5742
67883,62141,5742
67884,62142,5742
67886,62144,5742
67887,62145,5742
67888,62146,5742
67889,62147,5742
67890,62148,5742
67891,62149,5742
67892,62150,5742
67893,62151,5742
67894,62152,5742
67896,62154,5742
67897,62155,5742
67898,62156,5742
67899,62157,5742
67900,62158,5742
67901,62159,5742
67902,62160,5742
67903,62161,5742
67904,62162,5742
67906,62164,5742
67907,62165,5742
67908,62166,5742
67909,62167,5742
67910,62168,5742
67911,62169,5742
67912,62170,5742
67913,62171,5742
67914,62172,5742
67916,62174,5742
67917,62175,5742
67918,62176,5742
67919,62177,5742
67920,62178,5742
67921,62179,5742
67923,62181,5742
67925,62183,5742
67926,62184,5742
67927,62185,5742
67929,62187,5742
67931,62189,5742
67932,62190,5742
67933,62191,5742
67935,62193,5742
67936,62194,5742
67937,62195,5742
67938,62196,5742
67940,62198,5742
67941,62199,5742
67942,62200,5742
67943,62201,5742
67945,62203,5742
67947,62205,5742
67948,62206,5742
67949,62207,5742
67951,62209,5742
67953,62211,5742
67954,62212,5742
67955,62213,5742
67957,62215,5742
67959,62217,5742
67960,62218,5742
67962,62220,5742
67964,62222,5742
67965,62223,5742
67967,62225,5742
67969,62227,5742
67971,62229,5742
67972,62230,5742
67973,62231,5742
67975,62233,5742
67977,62235,5742
67978,62236,5742
67980,62238,5742
67982,62240,5742
67983,62241,5742
67984,62242,5742
67986,62244,5742
67987,62245,5742
67989,62247,5742
67990,62248,5742
67991,62249,5742
67993,62251,5742
67995,62253,5742
67996,62254,5742
67998,62256,5742
67999,62257,5742
68001,62259,5742
68002,62260,5742
68004,62262,5742
68006,62264,5742
68008,62266,5742
68009,62267,5742
68011,62269,5742
68012,62270,5742
68014,62272,5742
68015,62273,5742
68017,62275,5742
68018,62276,5742
68019,62277,5742
68020,62278,5742
68021,62279,5742
68022,62280,5742
68023,62281,5742
68024,62282,5742
68025,62283,5742
68026,62284,5742
68027,62285,5742
68028,62286,5742
68029,62287,5742
68030,62288,5742
68031,62289,5742
68033,62291,5742
68034,62292,5742
68035,62293,5742
68036,62294,5742
68038,62296,5742
68039,62297,5742
68040,62298,5742
68042,62300,5742
68044,62302,5742
68045,62303,5742
68047,62305,5742
68049,62307,5742
68051,62309,5742
68052,62310,5742
68053,62311,5742
68054,62312,5742
68055,62313,5742
68056,62314,5742
68058,62316,5742
68059,62317,5742
68061,62319,5742
68063,62321,5742
68065,62323,5742
68066,62324,5742
68068,62326,5742
68069,62327,5742
68071,62329,5742
68072,62330,5742
68073,62331,5742
68074,62332,5742
68076,62334,5742
68078,62336,5742
68079,62337,5742
68080,62338,5742
68081,62339,5742
68083,62341,5742
68085,62343,5742
68086,62344,5742
68088,62346,5742
68089,62347,5742
68090,62348,5742
68091,62349,5742
68093,62351,5742
68094,62352,5742
68095,62353,5742
68096,62354,5742
68097,62355,5742
68099,62357,5742
68100,62358,5742
68101,62359,5742
68102,62360,5742
68104,62362,5742
68105,62363,5742
68106,62364,5742
68107,62365,5742
68108,62366,5742
68110,62368,5742
68112,62370,5742
68113,62371,5742
68115,62373,5742
68116,62374,5742
68117,62375,5742
68118,62376,5742
68119,62377,5742
68121,62379,5742
68123,62381,5742
68124,62382,5742
68125,62383,5742
68126,62384,5742
68127,62385,5742
68129,62387,5742
68131,62389,5742
68132,62390,5742
68133,62391,5742
68134,62392,5742
68136,62394,5742
68138,62396,5742
68139,62397,5742
68140,62398,5742
68141,62399,5742
68143,62401,5742
68144,62402,5742
68146,62404,5742
68148,62406,5742
68150,62408,5742
68151,62409,5742
68152,62410,5742
68153,62411,5742
68155,62413,5742
68156,62414,5742
68157,62415,5742
68158,62416,5742
68159,62417,5742
68160,62418,5742
68162,62420,5742
68163,62421,5742
68165,62423,5742
68167,62425,5742
68168,62426,5742
68169,62427,5742
68170,62428,5742
68172,62430,5742
68174,62432,5742
68175,62433,5742
68176,62434,5742
68177,62435,5742
68178,62436,5742
68179,62437,5742
68180,62438,5742
68181,62439,5742
68182,62440,5742
68183,62441,5742
68184,62442,5742
68186,62444,5742
68187,62445,5742
68189,62447,5742
68190,62448,5742
68191,62449,5742
68192,62450,5742
68193,62451,5742
68195,62453,5742
68196,62454,5742
68197,62455,5742
68198,62456,5742
68200,62458,5742
68202,62460,5742
68203,62461,5742
68204,62462,5742
68205,62463,5742
68206,62464,5742
68208,62466,5742
68209,62467,5742
68211,62469,5742
68212,62470,5742
68213,62471,5742
68214,62472,5742
68215,62473,5742
68217,62475,5742
68219,62477,5742
68221,62479,5742
68222,62480,5742
68223,62481,5742
68224,62482,5742
68226,62484,5742
68228,62486,5742
68230,62488,5742
68231,62489,5742
68232,62490,5742
68234,62492,5742
68236,62494,5742
68237,62495,5742
68238,62496,5742
68239,62497,5742
68241,62499,5742
68242,62500,5742
68243,62501,5742
68245,62503,5742
68246,62504,5742
68247,62505,5742
68248,62506,5742
68249,62507,5742
68251,62509,5742
68252,62510,5742
68253,62511,5742
68254,62512,5742
68255,62513,5742
68256,62514,5742
68258,62516,5742
68259,62517,5742
68261,62519,5742
68263,62521,5742
68264,62522,5742
68265,62523,5742
68266,62524,5742
68268,62526,5742
68270,62528,5742
68271,62529,5742
68272,62530,5742
68273,62531,5742
68274,62532,5742
68275,62533,5742
68276,62534,5742
68277,62535,5742
68278,62536,5742
68280,62538,5742
68281,62539,5742
68283,62541,5742
68284,62542,5742
68286,62544,5742
68287,62545,5742
68288,62546,5742
68289,62547,5742
68290,62548,5742
68292,62550,5742
68293,62551,5742
68294,62552,5742
68295,62553,5742
68297,62555,5742
68299,62557,5742
68300,62558,5742
68301,62559,5742
68302,62560,5742
68303,62561,5742
68305,62563,5742
68306,62564,5742
68308,62566,5742
68309,62567,5742
68310,62568,5742
68312,62570,5742
68313,62571,5742
68315,62573,5742
68317,62575,5742
68319,62577,5742
68320,62578,5742
68322,62580,5742
68323,62581,5742
68325,62583,5742
68327,62585,5742
68329,62587,5742
68330,62588,5742
68331,62589,5742
68333,62591,5742
68335,62593,5742
68336,62594,5742
68337,62595,5742
68338,62596,5742
68340,62598,5742
68341,62599,5742
68343,62599,5744
68345,62601,5744
68346,62602,5744
68347,62603,5744
68348,62604,5744
68349,62605,5744
68351,62607,5744
68352,62608,5744
68353,62609,5744
68354,62610,5744
68355,62611,5744
68356,62612,5744
68358,62614,5744
68359,62615,5744
68361,62617,5744
68362,62618,5744
68364,62620,5744
68365,62621,5744
68366,62622,5744
68367,62623,5744
68368,62624,5744
68369,62624,5745
68371,62626,5745
68372,62627,5745
68373,62628,5745
68375,62630,5745
68377,62632,5745
68378,62633,5745
68379,62634,5745
68380,62635,5745
68381,62636,5745
68383,62638,5745
68385,62640,5745
68386,62641,5745
68388,62643,5745
68389,62644,5745
68390,62645,5745
68392,62647,5745
68393,62648,5745
68395,62650,5745
68396,62651,5745
68398,62653,5745
68400,62655,5745
68402,62657,5745
68403,62658,5745
68404,62659,5745
68406,62661,5745
68407,62661,5746
68408,62662,5746
68409,62663,5746
68410,62664,5746
68411,62665,5746
68412,62666,5746
68413,62667,5746
68414,62668,5746
68416,62670,5746
68418,62671,5747
68419,62672,5747
68420,62673,5747
68421,62674,5747
68422,62675,5747
68423,62676,5747
68425,62678,5747
68427,62680,5747
68428,62681,5747
68429,62682,5747
68430,62683,5747
68432,62685,5747
68434,62687,5747
68436,62689,5747
68438,62691,5747
68439,62692,5747
68441,62694,5747
68442,62695,5747
68444,62697,5747
68445,62698,5747
68446,62699,5747
68447,62700,5747
68449,62702,5747
68451,62704,5747
68452,62705,5747
68453,62706,5747
68454,62707,5747
68455,62708,5747
68457,62710,5747
68459,62712,5747
68460,62713,5747
68462,62715,5747
68463,62716,5747
68464,62717,5747
68466,62719,5747
68468,62721,5747
68469,62722,5747
68470,62723,5747
68471,62724,5747
68472,62725,5747
68473,62726,5747
68474,62727,5747
68475,62728,5747
68476,62729,5747
68477,62730,5747
68478,62731,5747
68479,62732,5747
68480,62733,5747
68481,62734,5747
68483,62736,5747
68485,62738,5747
68486,62739,5747
68487,62740,5747
68489,62741,5748
68490,62742,5748
68491,62743,5748
68492,62744,5748
68493,62745,5748
68495,62747,5748
68496,62748,5748
68497,62749,5748
68499,62751,5748
68500,62752,5748
68501,62753,5748
68502,62754,5748
68503,62755,5748
68504,62756,5748
68506,62758,5748
68507,62759,5748
68508,62760,5748
68509,62761,5748
68510,62762,5748
68512,62764,5748
68513,62765,5748
68515,62767,5748
68516,62768,5748
68517,62769,5748
68518,62770,5748
68519,62771,5748
68521,62773,5748
68522,62774,5748
68523,62775,5748
68524,62776,5748
68525,62777,5748
68526,62778,5748
68528,62780,5748
68529,62781,5748
68530,62782,5748
68531,62783,5748
68533,62785,5748
68534,62786,5748
68535,62787,5748
68536,62788,5748
68537,62789,5748
68538,62790,5748
68539,62791,5748
68540,62792,5748
68541,62793,5748
68543,62795,5748
68544,62796,5748
68545,62797,5748
68546,62798,5748
68547,62799,5748
68548,62800,5748
68549,62801,5748
68551,62803,5748
68552,62804,5748
68553,62805,5748
68554,62806,5748
68556,62808,5748
68557,62809,5748
68559,62811,5748
68561,62813,5748
68562,62814,5748
68563,62815,5748
68564,62816,5748
68565,62817,5748
68567,62819,5748
68568,62820,5748
68569,62821,5748
68570,62822,5748
68572,62824,5748
68573,62825,5748
68574,62826,5748
68575,62827,5748
68576,62828,5748
68577,62829,5748
68578,62830,5748
68579,62831,5748
68580,62832,5748
68581,62833,5748
68582,62834,5748
68583,62835,5748
68585,62837,5748
68586,62838,5748
68588,62840,5748
68589,62841,5748
68590,62842,5748
68591,62843,5748
68592,62844,5748
68593,62845,5748
68594,62846,5748
68595,62847,5748
68596,62848,5748
68597,62849,5748
68598,62850,5748
68599,62851,5748
68601,62853,5748
68602,62854,5748
68604,62856,5748
68605,62857,5748
68606,62858,5748
68607,62859,5748
68608,62860,5748
68610,62862,5748
68611,62863,5748
68612,62864,5748
68614,62866,5748
68616,62868,5748
68618,62870,5748
68619,62871,5748
68620,62872,5748
68621,62873,5748
68623,62875,5748
68625,62877,5748
68626,62878,5748
68627,62879,5748
68628,62880,5748
68629,62881,5748
68631,62883,5748
68632,62884,5748
68633,62885,5748
68634,62886,5748
68635,62887,5748
68636,62888,5748
68638,62890,5748
68640,62892,5748
68641,62893,5748
68642,62894,5748
68643,62895,5748
68644,62896,5748
68645,62897,5748
68647,62899,5748
68649,62901,5748
68650,62902,5748
68651,62903,5748
68652,62904,5748
68653,62905,5748
68654,62906,5748
68655,62907,5748
68656,62908,5748
68657,62909,5748
68658,62910,5748
68659,62911,5748
68661,62913,5748
68662,62914,5748
68663,62915,5748
68664,62916,5748
68666,62918,5748
68667,62919,5748
68668,62920,5748
68670,62922,5748
68671,62923,5748
68672,62924,5748
68673,62925,5748
68674,62926,5748
68675,62927,5748
68676,62928,5748
68678,62930,5748
68679,62931,5748
68680,62932,5748
68681,62933,5748
68682,62934,5748
68684,62936,5748
68685,62937,5748
68686,62938,5748
68687,62939,5748
68688,62940,5748
68689,62941,5748
68691,62943,5748
68692,62944,5748
68693,62945,5748
68694,62946,5748
68696,62948,5748
68698,62950,5748
68699,62951,5748
68700,62952,5748
68701,62953,5748
68703,62955,5748
68704,62956,5748
68706,62958,5748
68707,62959,5748
68708,62960,5748
68709,62961,5748
68710,62962,5748
68711,62963,5748
68712,62964,5748
68713,62965,5748
68715,62967,5748
68716,62968,5748
68718,62970,5748
68719,62971,5748
68721,62973,5748
68723,62975,5748
68725,62977,5748
68726,62978,5748
68728,62980,5748
68729,62981,5748
68731,62983,5748
68733,62985,5748
68734,62986,5748
68735,62987,5748
68737,62989,5748
68738,62990,5748
68740,62992,5748
68741,62993,5748
68742,62994,5748
68743,62995,5748
68745,62997,5748
68746,62998,5748
68747,62999,5748
68749,63001,5748
68750,63002,5748
68752,63004,5748
68753,63005,5748
68754,63006,5748
68755,63007,5748
68756,63008,5748
68757,63009,5748
68759,63011,5748
68761,63013,5748
68762,63014,5748
68763,63015,5748
68764,63016,5748
68765,63017,5748
68767,63019,5748
68768,63020,5748
68769,63021,5748
68771,63023,5748
68772,63024,5748
68773,63025,5748
68774,63026,5748
68775,63027,5748
68776,63028,5748
68778,63029,5749
68779,63030,5749
68780,63031,5749
68782,63033,5749
68783,63034,5749
68784,63035,5749
68785,63036,5749
68787,63038,5749
68788,63039,5749
68790,63040,5750
68791,63041,5750
68792,63042,5750
68794,63044,5750
68795,63045,5750
68796,63046,5750
68797,63047,5750
68798,63048,5750
68800,63050,5750
68801,63051,5750
68802,63052,5750
68803,63053,5750
68805,63055,5750
68806,63056,5750
68807,63057,5750
68809,63057,5752
68810,63058,5752
68811,63059,5752
68813,63061,5752
68814,63062,5752
68815,63063,5752
68816,63064,5752
68817,63065,5752
68819,63067,5752
68820,63068,5752
68821,63069,5752
68823,63071,5752
68824,63072,5752
68825,63072,5753
68826,63073,5753
68827,63074,5753
68829,63076,5753
68830,63077,5753
68832,63079,5753
68833,63080,5753
68835,63082,5753
68836,63083,5753
68837,63084,5753
68839,63086,5753
68840,63087,5753
68841,63088,5753
68842,63089,5753
68844,63091,5753
68845,63092,5753
68846,63093,5753
68847,63094,5753
68849,63096,5753
68850,63097,5753
68851,63098,5753
68852,63099,5753
68854,63101,5753
68855,63102,5753
68856,63103,5753
68857,63104,5753
68859,63106,5753
68861,63108,5753
68862,63109,5753
68864,63111,5753
68865,63112,5753
68866,63113,5753
68867,63114,5753
68868,63115,5753
68870,63117,5753
68871,63118,5753
68872,63119,5753
68873,63120,5753
68874,63121,5753
68875,63122,5753
68876,63123,5753
68878,63125,5753
68879,63126,5753
68880,63127,5753
68881,63128,5753
68882,63129,5753
68884,63131,5753
68886,63133,5753
68887,63134,5753
68889,63136,5753
68890,63137,5753
68892,63139,5753
68894,63141,5753
68895,63142,5753
68896,63143,5753
68897,63144,5753
68898,63145,5753
68900,63147,5753
68901,63148,5753
68903,63150,5753
68904,63151,5753
68905,63152,5753
68907,63154,5753
68908,63155,5753
68910,63157,5753
68911,63158,5753
68913,63160,5753
68914,63161,5753
68916,63163,5753
68917,63164,5753
68919,63166,5753
68920,63167,5753
68921,63168,5753
68922,63169,5753
68923,63170,5753
68925,63172,5753
68926,63172,5754
68927,63173,5754
68929,63175,5754
68930,63176,5754
68932,63178,5754
68934,63180,5754
68936,63182,5754
68937,63183,5754
68939,63185,5754
68940,63186,5754
68942,63188,5754
68943,63189,5754
68944,63190,5754
68946,63192,5754
68947,63193,5754
68948,63194,5754
68949,63195,5754
68950,63196,5754
68952,63198,5754
68953,63199,5754
68954,63200,5754
68955,63201,5754
68956,63202,5754
68957,63203,5754
68958,63204,5754
68959,63205,5754
68960,63206,5754
68962,63208,5754
68963,63209,5754
68964,63210,5754
68965,63211,5754
68966,63212,5754
68967,63213,5754
68968,63214,5754
68969,63215,5754
68970,63216,5754
68972,63218,5754
68973,63219,5754
68974,63220,5754
68975,63221,5754
68976,63222,5754
68977,63223,5754
68978,63224,5754
68979,63225,5754
68980,63226,5754
68982,63228,5754
68983,63229,5754
68984,63230,5754
68985,63231,5754
68986,63232,5754
68987,63233,5754
68988,63234,5754
68989,63235,5754
68990,63236,5754
68992,63238,5754
68993,63239,5754
68994,63240,5754
68995,63241,5754
68996,63242,5754
68997,63243,5754
68998,63244,5754
68999,63245,5754
69000,63246,5754
69002,63248,5754
69003,63249,5754
69004,63250,5754
69005,63251,5754
69006,63252,5754
69007,63253,5754
69008,63254,5754
69009,63255,5754
69010,63256,5754
69012,63258,5754
69013,63259,5754
69014,63260,5754
69015,63261,5754
69016,63262,5754
69017,63263,5754
69018,63264,5754
69019,63265,5754
69020,63266,5754
69022,63268,5754
69023,63269,5754
69024,63270,5754
69025,63271,5754
69026,63272,5754
69027,63273,5754
69028,63274,5754
69029,63275,5754
69030,63276,5754
69032,63278,5754
69033,63279,5754
69035,63280,5755
69036,63281,5755
69037,63282,5755
69038,63283,5755
69039,63284,5755
69040,63285,5755
69041,63286,5755
69043,63288,5755
69044,63289,5755
69045,63290,5755
69046,63291,5755
69047,63292,5755
69048,63293,5755
69049,63294,5755
69050,63295,5755
69051,63296,5755
69053,63298,5755
69054,63299,5755
69055,63300,5755
69056,63301,5755
69057,63302,5755
69058,63303,5755
69059,63304,5755
69060,63305,5755
69061,63306,5755
69063,63308,5755
69064,63309,5755
69065,63310,5755
69066,63311,5755
69067,63312,5755
69068,63313,5755
69069,63314,5755
69070,63315,5755
69071,63316,5755
69073,63318,5755
69074,63319,5755
69075,63320,5755
69076,63321,5755
69077,63322,5755
69078,63323,5755
69079,63324,5755
69080,63325,5755
69081,63326,5755
69083,63328,5755
69084,63329,5755
69085,63330,5755
69086,63331,5755
69087,63332,5755
69088,63333,5755
69089,63334,5755
69090,63335,5755
69091,63336,5755
69093,63338,5755
69094,63339,5755
69095,63340,5755
69096,63341,5755
69097,63342,5755
69098,63343,5755
69099,63344,5755
69100,63345,5755
69101,63346,5755
69103,63348,5755
69104,63349,5755
69105,63350,5755
69106,63351,5755
69107,63352,5755
69108,63353,5755
69109,63354,5755
69110,63355,5755
69111,63356,5755
69113,63358,5755
69114,63359,5755
69115,63360,5755
69116,63361,5755
69117,63362,5755
69118,63363,5755
69119,63364,5755
69120,63365,5755
69121,63366,5755
69123,63368,5755
69124,63369,5755
69125,63370,5755
69126,63371,5755
69127,63372,5755
69128,63373,5755
69129,63374,5755
69130,63375,5755
69131,63376,5755
69133,63378,5755
69134,63379,5755
69135,63380,5755
69136,63381,5755
69137,63382,5755
69138,63383,5755
69139,63384,5755
69140,63385,5755
69141,63386,5755
69143,63388,5755
69144,63389,5755
69145,63390,5755
69146,63391,5755
69147,63392,5755
69148,63393,5755
69149,63394,5755
69150,63395,5755
69151,63396,5755
69153,63398,5755
69154,63399,5755
69155,63400,5755
69156,63401,5755
69157,63402,5755
69158,63403,5755
69159,63404,5755
69160,63405,5755
69161,63406,5755
69163,63408,5755
69164,63409,5755
69165,63410,5755
69166,63411,5755
69167,63412,5755
69168,63413,5755
69169,63414,5755
69170,63415,5755
69171,63416,5755
69173,63418,5755
69174,63419,5755
69175,63420,5755
69176,63421,5755
69177,63422,5755
69178,63423,5755
69179,63424,5755
69180,63425,5755
69181,63426,5755
69183,63428,5755
69184,63429,5755
69185,63430,5755
69186,63431,5755
69187,63432,5755
69188,63433,5755
69189,63434,5755
69190,63435,5755
69191,63436,5755
69193,63438,5755
69194,63439,5755
69196,63440,5756
69197,63441,5756
69198,63442,5756
69199,63443,5756
69200,63444,5756
69201,63445,5756
69202,63446,5756
69204,63448,5756
69205,63449,5756
69206,63450,5756
69207,63451,5756
69208,63452,5756
69209,63453,5756
69210,63454,5756
69211,63455,5756
69212,63456,5756
69214,63458,5756
69215,63459,5756
69216,63460,5756
69217,63461,5756
69218,63462,5756
69219,63463,5756
69220,63464,5756
69221,63465,5756
69222,63466,5756
69224,63468,5756
69225,63469,5756
69226,63470,5756
69227,63471,5756
69228,63472,5756
69229,63473,5756
69230,63474,5756
69231,63475,5756
69232,63476,5756
69234,63478,5756
69235,63479,5756
69236,63480,5756
69237,63481,5756
69238,63482,5756
69239,63483,5756
69241,63485,5756
69243,63487,5756
69244,63488,5756
69245,63489,5756
69247,63491,5756
69249,63493,5756
69250,63494,5756
69251,63495,5756
69253,63497,5756
69254,63498,5756
69255,63499,5756
69256,63500,5756
69258,63502,5756
69259,63503,5756
69260,63504,5756
69261,63505,5756
69263,63507,5756
69265,63509,5756
69266,63510,5756
69267,63511,5756
69269,63513,5756
69271,63515,5756
69272,63516,5756
69273,63517,5756
69275,63519,5756
69277,63521,5756
69278,63522,5756
69280,63524,5756
69282,63526,5756
69283,63527,5756
69285,63529,5756
69287,63531,5756
69289,63533,5756
69290,63534,5756
69291,63535,5756
69293,63537,5756
69295,63539,5756
69296,63540,5756
69298,63542,5756
69300,63544,5756
69301,63545,5756
69302,63546,5756
69304,63548,5756
69305,63549,5756
69307,63551,5756
69308,63552,5756
69309,63553,5756
69311,63555,5756
69313,63557,5756
69314,63558,5756
69316,63560,5756
69317,63561,5756
69319,63563,5756
69320,63564,5756
69322,63566,5756
69324,63568,5756
69326,63570,5756
69327,63571,5756
69329,63573,5756
69330,63574,5756
69332,63576,5756
69333,63577,5756
69335,63579,5756
69336,63580,5756
69337,63581,5756
69338,63582,5756
69339,63583,5756
69340,63584,5756
69341,63585,5756
69342,63586,5756
69343,63587,5756
69344,63588,5756
69345,63589,5756
69346,63590,5756
69347,63591,5756
69348,63592,5756
69349,63593,5756
69351,63595,5756
69352,63596,5756
69353,63597,5756
69354,63598,5756
69356,63600,5756
69357,63601,5756
69358,63602,5756
69360,63604,5756
69362,63606,5756
69363,63607,5756
69365,63609,5756
69367,63611,5756
69369,63613,5756
69370,63614,5756
69371,63615,5756
69372,63616,5756
69373,63617,5756
69374,63618,5756
69376,63620,5756
69377,63621,5756
69379,63623,5756
69381,63625,5756
69383,63627,5756
69384,63628,5756
69386,63630,5756
69387,63631,5756
69389,63633,5756
69390,63634,5756
69391,63635,5756
69392,63636,5756
69394,63638,5756
69396,63640,5756
69397,63641,5756
69398,63642,5756
69399,63643,5756
69401,63645,5756
69403,63647,5756
69404,63648,5756
69406,63650,5756
69407,63651,5756
69408,63652,5756
69409,63653,5756
69411,63655,5756
69412,63656,5756
69413,63657,5756
69414,63658,5756
69415,63659,5756
69417,63661,5756
69418,63662,5756
69419,63663,5756
69420,63664,5756
69422,63666,5756
69423,63667,5756
69424,63668,5756
69425,63669,5756
69426,63670,5756
69428,63672,5756
69430,63674,5756
69431,63675,5756
69433,63677,5756
69434,63678,5756
69435,63679,5756
69436,63680,5756
69437,63681,5756
69439,63683,5756
69441,63685,5756
69442,63686,5756
69443,63687,5756
69444,63688,5756
69445,63689,5756
69447,63691,5756
69449,63693,5756
69450,63694,5756
69451,63695,5756
69452,63696,5756
69454,63698,5756
69456,63700,5756
69457,63701,5756
69458,63702,5756
69459,63703,5756
69461,63705,5756
69462,63706,5756
69464,63708,5756
69466,63710,5756
69468,63712,5756
69469,63713,5756
69470,63714,5756
69471,63715,5756
69473,63717,5756
69474,63718,5756
69475,63719,5756
69476,63720,5756
69477,63721,5756
69478,63722,5756
69480,63724,5756
69481,63725,5756
69483,63727,5756
69485,63729,5756
69486,63730,5756
69487,63731,5756
69488,63732,5756
69490,63734,5756
69492,63736,5756
69493,63737,5756
69494,63738,5756
69495,63739,5756
69496,63740,5756
69497,63741,5756
69498,63742,5756
69499,63743,5756
69500,63744,5756
69501,63745,5756
69502,63746,5756
69504,63748,5756
69505,63749,5756
69507,63751,5756
69508,63752,5756
69509,63753,5756
69510,63754,5756
69511,63755,5756
69513,63757,5756
69514,63758,5756
69515,63759,5756
69516,63760,5756
69518,63762,5756
69520,63764,5756
69521,63765,5756
69522,63766,5756
69523,63767,5756
69524,63768,5756
69526,63770,5756
69527,63771,5756
69529,63773,5756
69530,63774,5756
69531,63775,5756
69532,63776,5756
69533,63777,5756
69535,63779,5756
69537,63781,5756
69539,63783,5756
69540,63784,5756
69541,63785,5756
69542,63786,5756
69544,63788,5756
69546,63790,5756
69548,63792,5756
69549,63793,5756
69550,63794,5756
69552,63796,5756
69554,63798,5756
69555,63799,5756
69556,63800,5756
69557,63801,5756
69559,63803,5756
69560,63804,5756
69561,63805,5756
69563,63807,5756
69564,63808,5756
69565,63809,5756
69566,63810,5756
69567,63811,5756
69569,63813,5756
69570,63814,5756
69571,63815,5756
69572,63816,5756
69573,63817,5756
69574,63818,5756
69576,63820,5756
69577,63821,5756
69579,63823,5756
69581,63825,5756
69582,63826,5756
69583,63827,5756
69584,63828,5756
69586,63830,5756
69588,63832,5756
69589,63833,5756
69590,63834,5756
69591,63835,5756
69592,63836,5756
69593,63837,5756
69594,63838,5756
69595,63839,5756
69596,63840,5756
69598,63842,5756
69599,63843,5756
69601,63845,5756
69602,63846,5756
69604,63848,5756
69605,63849,5756
69606,63850,5756
69607,63851,5756
69608,63852,5756
69610,63854,5756
69611,63855,5756
69612,63856,5756
69613,63857,5756
69615,63859,5756
69617,63861,5756
69618,63862,5756
69619,63863,5756
69620,63864,5756
69621,63865,5756
69623,63867,5756
69624,63868,5756
69626,63870,5756
69627,63871,5756
69628,63872,5756
69630,63874,5756
69631,63875,5756
69633,63877,5756
69635,63879,5756
69637,63881,5756
69638,63882,5756
69640,63884,5756
69641,63885,5756
69643,63887,5756
69645,63889,5756
69647,63891,5756
69648,63892,5756
69649,63893,5756
69651,63895,5756
69653,63897,5756
69654,63898,5756
69655,63899,5756
69656,63900,5756
69658,63902,5756
69659,63903,5756
69660,63903,5757
69662,63905,5757
69663,63906,5757
69664,63907,5757
69665,63908,5757
69666,63909,5757
69668,63911,5757
69669,63912,5757
69670,63913,5757
69671,63914,5757
69672,63915,5757
69673,63916,5757
69675,63918,5757
69676,63919,5757
69678,63921,5757
69679,63922,5757
69681,63924,5757
69682,63925,5757
69683,63926,5757
69684,63927,5757
69685,63928,5757
69686,63928,5758
69688,63930,5758
69689,63931,5758
69690,63932,5758
69692,63934,5758
69694,63936,5758
69695,63937,5758
69696,63938,5758
69697,63939,5758
69698,63940,5758
69700,63942,5758
69702,63944,5758
69703,63945,5758
69705,63947,5758
69706,63948,5758
69707,63949,5758
69709,63951,5758
69710,63952,5758
69712,63954,5758
69713,63955,5758
69715,63957,5758
69717,63959,5758
69719,63961,5758
69720,63962,5758
69721,63963,5758
69723,63965,5758
69724,63965,5759
69725,63966,5759
69726,63967,5759
69727,63968,5759
69728,63969,5759
69729,63970,5759
69731,63972,5759
69733,63974,5759
69734,63975,5759
69735,63976,5759
69736,63977,5759
69738,63979,5759
69740,63981,5759
69742,63983,5759
69744,63985,5759
69745,63986,5759
69747,63988,5759
69748,63989,5759
69750,63991,5759
69751,63992,5759
69752,63993,5759
69753,63994,5759
69755,63996,5759
69757,63998,5759
69758,63999,5759
69759,64000,5759
69760,64001,5759
69761,64002,5759
69763,64004,5759
69765,64006,5759
69766,64007,5759
69768,64009,5759
69769,64010,5759
69770,64011,5759
69772,64013,5759
69774,64015,5759
69775,64016,5759
69776,64017,5759
69777,64018,5759
69778,64019,5759
69779,64020,5759
69780,64021,5759
69781,64022,5759
69782,64023,5759
69783,64024,5759
69784,64025,5759
69785,64026,5759
69786,64027,5759
69787,64028,5759
69789,64030,5759
69791,64032,5759
69792,64033,5759
69793,64034,5759
69794,64034,5760
69795,64035,5760
69796,64036,5760
69797,64037,5760
69799,64039,5760
69801,64041,5760
69802,64042,5760
69803,64043,5760
69805,64045,5760
69806,64046,5760
69807,64047,5760
69808,64048,5760
69809,64049,5760
69810,64050,5760
69812,64052,5760
69813,64053,5760
69814,64054,5760
69815,64055,5760
69816,64056,5760
69818,64058,5760
69819,64059,5760
69821,64061,5760
69822,64062,5760
69823,64063,5760
69824,64064,5760
69825,64065,5760
69827,64067,5760
69828,64068,5760
69829,64069,5760
69831,64070,5761
69832,64071,5761
69833,64072,5761
69835,64074,5761
69836,64075,5761
69837,64076,5761
69838,64077,5761
69840,64079,5761
69841,64080,5761
69842,64081,5761
69843,64082,5761
69844,64083,5761
69845,64084,5761
69846,64085,5761
69847,64086,5761
69848,64087,5761
69850,64089,5761
69851,64090,5761
69852,64091,5761
69853,64092,5761
69854,64093,5761
69855,64094,5761
69856,64095,5761
69858,64097,5761
69859,64098,5761
69860,64099,5761
69861,64100,5761
69863,64102,5761
69864,64103,5761
69866,64105,5761
69868,64107,5761
69869,64108,5761
69870,64109,5761
69871,64110,5761
69872,64111,5761
69874,64113,5761
69875,64114,5761
69876,64115,5761
69877,64116,5761
69879,64118,5761
69880,64119,5761
69881,64120,5761
69882,64121,5761
69883,64122,5761
69884,64123,5761
69885,64124,5761
69886,64125,5761
69887,64126,5761
69888,64127,5761
69889,64128,5761
69890,64129,5761
69892,64131,5761
69893,64132,5761
69895,64134,5761
69896,64135,5761
69897,64136,5761
69898,64137,5761
69899,64138,5761
69900,64139,5761
69901,64140,5761
69902,64141,5761
69903,64142,5761
69904,64143,5761
69905,64144,5761
69906,64145,5761
69908,64147,5761
69909,64148,5761
69911,64150,5761
69912,64151,5761
69913,64152,5761
69914,64153,5761
69915,64154,5761
69917,64156,5761
69918,64157,5761
69919,64158,5761
69921,64160,5761
69923,64162,5761
69925,64164,5761
69926,64165,5761
69927,64166,5761
69928,64167,5761
69930,64169,5761
69932,64171,5761
69933,64172,5761
69934,64173,5761
69935,64174,5761
69936,64175,5761
69938,64177,5761
69939,64178,5761
69940,64179,5761
69941,64180,5761
69942,64181,5761
69943,64182,5761
69945,64184,5761
69947,64186,5761
69948,64187,5761
69949,64188,5761
69950,64189,5761
69951,64190,5761
69952,64191,5761
69954,64193,5761
69956,64195,5761
69957,64196,5761
69958,64197,5761
69959,64198,5761
69960,64199,5761
69961,64200,5761
69962,64201,5761
69963,64202,5761
69964,64203,5761
69965,64204,5761
69966,64205,5761
69968,64207,5761
69969,64208,5761
69970,64209,5761
69971,64210,5761
69973,64212,5761
69974,64213,5761
69975,64214,5761
69977,64216,5761
69978,64217,5761
69979,64218,5761
69980,64219,5761
69981,64220,5761
69982,64221,5761
69983,64222,5761
69985,64224,5761
69986,64225,5761
69987,64226,5761
69988,64227,5761
69989,64228,5761
69991,64230,5761
69992,64231,5761
69993,64232,5761
69994,64233,5761
69995,64234,5761
69996,64235,5761
69998,64237,5761
69999,64238,5761
70000,64239,5761
70001,64240,5761
70003,64242,5761
70005,64244,5761
70006,64245,5761
70007,64246,5761
70008,64247,5761
70010,64249,5761
70011,64250,5761
70013,64252,5761
70014,64253,5761
70015,64254,5761
70016,64255,5761
70017,64256,5761
70018,64257,5761
70019,64258,5761
70020,64259,5761
70022,64261,5761
70023,64262,5761
70025,64264,5761
70026,64265,5761
70028,64267,5761
70030,64269,5761
70032,64271,5761
70033,64272,5761
70035,64274,5761
70036,64275,5761
70038,64277,5761
70040,64279,5761
70041,64280,5761
70042,64281,5761
70044,64283,5761
70045,64284,5761
70047,64286,5761
70048,64287,5761
70049,64288,5761
70050,64289,5761
70052,64291,5761
70053,64292,5761
70054,64293,5761
70056,64295,5761
70057,64296,5761
70059,64298,5761
70060,64299,5761
70061,64300,5761
70062,64301,5761
70063,64302,5761
70064,64303,5761
70066,64305,5761
70067,64306,5761
70068,64307,5761
70069,64308,5761
70070,64309,5761
70071,64310,5761
70073,64312,5761
70074,64313,5761
70075,64314,5761
70077,64316,5761
70078,64317,5761
70079,64318,5761
70080,64319,5761
70081,64320,5761
70082,64321,5761
70083,64322,5761
70084,64323,5761
70085,64324,5761
70087,64326,5761
70088,64327,5761
70089,64328,5761
70090,64329,5761
70092,64331,5761
70093,64332,5761
70094,64332,5762
70095,64333,5762
70096,64334,5762
70098,64336,5762
70099,64337,5762
70100,64338,5762
70101,64339,5762
70102,64340,5762
70104,64342,5762
70105,64343,5762
70107,64345,5762
70108,64346,5762
70110,64348,5762
70111,64349,5762
70112,64350,5762
70113,64351,5762
70114,64352,5762
70115,64353,5762
70117,64355,5762
70118,64356,5762
70119,64357,5762
70120,64358,5762
70121,64359,5762
70123,64361,5762
70124,64362,5762
70125,64363,5762
70127,64365,5762
70128,64366,5762
70129,64366,5763
70130,64367,5763
70131,64368,5763
70133,64370,5763
70134,64371,5763
70136,64373,5763
70137,64374,5763
70139,64376,5763
70140,64377,5763
70141,64378,5763
70143,64380,5763
70144,64381,5763
70145,64382,5763
70146,64383,5763
70148,64385,5763
70149,64386,5763
70150,64387,5763
70151,64388,5763
70153,64390,5763
70154,64391,5763
70155,64392,5763
70156,64393,5763
70158,64395,5763
70159,64396,5763
70160,64397,5763
70161,64398,5763
70163,64400,5763
70165,64402,5763
70166,64403,5763
70168,64405,5763
70169,64406,5763
70170,64407,5763
70171,64408,5763
70172,64409,5763
70174,64411,5763
70175,64412,5763
70176,64413,5763
70177,64414,5763
70178,64415,5763
70179,64416,5763
70180,64417,5763
70182,64419,5763
70183,64420,5763
70184,64421,5763
70185,64422,5763
70186,64423,5763
70188,64425,5763
70190,64427,5763
70191,64428,5763
70193,64430,5763
70194,64431,5763
70196,64433,5763
70198,64435,5763
70199,64436,5763
70200,64437,5763
70201,64438,5763
70202,64439,5763
70204,64441,5763
70205,64442,5763
70207,64444,5763
70208,64445,5763
70209,64446,5763
70211,64448,5763
70212,64449,5763
70214,64451,5763
70215,64452,5763
70217,64454,5763
70218,64455,5763
70220,64457,5763
70221,64458,5763
70223,64460,5763
70224,64461,5763
70225,64462,5763
70226,64463,5763
70227,64464,5763
70229,64466,5763
70230,64466,5764
70231,64467,5764
70233,64469,5764
70234,64470,5764
70236,64472,5764
70238,64474,5764
70240,64476,5764
70241,64477,5764
70243,64479,5764
70244,64480,5764
70246,64482,5764
70247,64483,5764
70248,64484,5764
70250,64486,5764
70251,64487,5764
70252,64488,5764
70253,64489,5764
70254,64490,5764
70256,64492,5764
70257,64493,5764
70258,64494,5764
70259,64495,5764
70260,64496,5764
70261,64497,5764
70262,64498,5764
70263,64499,5764
70264,64500,5764
70266,64502,5764
70267,64503,5764
70268,64504,5764
70269,64505,5764
70270,64506,5764
70271,64507,5764
70272,64508,5764
70273,64509,5764
70274,64510,5764
70276,64512,5764
70277,64513,5764
70279,64514,5765
70280,64515,5765
70281,64516,5765
70282,64517,5765
70283,64518,5765
70284,64519,5765
70285,64520,5765
70287,64522,5765
70288,64523,5765
70289,64524,5765
70290,64525,5765
70291,64526,5765
70292,64527,5765
70293,64528,5765
70294,64529,5765
70295,64530,5765
70297,64532,5765
70298,64533,5765
70299,64534,5765
70300,64535,5765
70301,64536,5765
70302,64537,5765
70303,64538,5765
70304,64539,5765
70305,64540,5765
70307,64542,5765
70308,64543,5765
70309,64544,5765
70310,64545,5765
70311,64546,5765
70312,64547,5765
70313,64548,5765
70314,64549,5765
70315,64550,5765
70317,64552,5765
70318,64553,5765
70319,64554,5765
70320,64555,5765
70321,64556,5765
70322,64557,5765
70323,64558,5765
70324,64559,5765
70325,64560,5765
70327,64562,5765
70328,64563,5765
70329,64564,5765
70330,64565,5765
70331,64566,5765
70332,64567,5765
70333,64568,5765
70334,64569,5765
70335,64570,5765
70337,64572,5765
70338,64573,5765
70339,64574,5765
70340,64575,5765
70341,64576,5765
70342,64577,5765
70343,64578,5765
70344,64579,5765
70345,64580,5765
70347,64582,5765
70348,64583,5765
70349,64584,5765
70350,64585,5765
70351,64586,5765
70352,64587,5765
70353,64588,5765
70354,64589,5765
70355,64590,5765
70357,64592,5765
70358,64593,5765
70359,64594,5765
70360,64595,5765
70361,64596,5765
70362,64597,5765
70363,64598,5765
70364,64599,5765
70365,64600,5765
70367,64602,5765
70368,64603,5765
70369,64604,5765
70370,64605,5765
70371,64606,5765
70372,64607,5765
70373,64608,5765
70374,64609,5765
70375,64610,5765
70377,64612,5765
70378,64613,5765
70379,64614,5765
70380,64615,5765
70381,64616,5765
70382,64617,5765
70383,64618,5765
70384,64619,5765
70385,64620,5765
70387,64622,5765
70388,64623,5765
70389,64624,5765
70390,64625,5765
70391,64626,5765
70392,64627,5765
70393,64628,5765
70394,64629,5765
70395,64630,5765
70397,64632,5765
70398,64633,5765
70399,64634,5765
70400,64635,5765
70401,64636,5765
70402,64637,5765
70404,64639,5765
70406,64641,5765
70407,64642,5765
70408,64643,5765
70410,64645,5765
70412,64647,5765
70413,64648,5765
70414,64649,5765
70416,64651,5765
70417,64652,5765
70418,64653,5765
70419,64654,5765
70421,64656,5765
70422,64657,5765
70423,64658,5765
70424,64659,5765
70426,64661,5765
70428,64663,5765
70429,64664,5765
70430,64665,5765
70432,64667,5765
70434,64669,5765
70435,64670,5765
70436,64671,5765
70438,64673,5765
70440,64675,5765
70441,64676,5765
70443,64678,5765
70445,64680,5765
70446,64681,5765
70448,64683,5765
70450,64685,5765
70452,64687,5765
70453,64688,5765
70454,64689,5765
70456,64691,5765
70458,64693,5765
70459,64694,5765
70461,64696,5765
70463,64698,5765
70464,64699,5765
70465,64700,5765
70467,64702,5765
70468,64703,5765
70470,64705,5765
70471,64706,5765
70472,64707,5765
70474,64709,5765
70476,64711,5765
70477,64712,5765
70479,64714,5765
70480,64715,5765
70482,64717,5765
70483,64718,5765
70485,64720,5765
70487,64722,5765
70489,64724,5765
70490,64725,5765
70492,64727,5765
70493,64728,5765
70495,64730,5765
70496,64731,5765
70498,64733,5765
70499,64734,5765
70500,64735,5765
70501,64736,5765
70502,64737,5765
70503,64738,5765
70504,64739,5765
70505,64740,5765
70506,64741,5765
70507,64742,5765
70508,64743,5765
70509,64744,5765
70510,64745,5765
70511,64746,5765
70512,64747,5765
70514,64749,5765
70515,64750,5765
70516,64751,5765
70517,64752,5765
70519,64754,5765
70520,64755,5765
70521,64756,5765
70523,64758,5765
70525,64760,5765
70526,64761,5765
70528,64763,5765
70530,64765,5765
70532,64767,5765
70533,64768,5765
70534,64769,5765
70535,64770,5765
70536,64771,5765
70537,64772,5765
70539,64774,5765
70540,64775,5765
70542,64777,5765
70544,64779,5765
70546,64781,5765
70547,64782,5765
70549,64784,5765
70550,64785,5765
70552,64787,5765
70553,64788,5765
70554,64789,5765
70555,64790,5765
70557,64792,5765
70559,64794,5765
70560,64795,5765
70561,64796,5765
70562,64797,5765
70564,64799,5765
70566,64801,5765
70567,64802,5765
70569,64804,5765
70570,64805,5765
70571,64806,5765
70572,64807,5765
70574,64809,5765
70575,64810,5765
70576,64811,5765
70577,64812,5765
70578,64813,5765
70580,64815,5765
70581,64816,5765
70582,64817,5765
70583,64818,5765
70585,64820,5765
70586,64821,5765
70587,64822,5765
70588,64823,5765
70589,64824,5765
70591,64826,5765
70593,64828,5765
70594,64829,5765
70596,64831,5765
70597,64832,5765
70598,64833,5765
70599,64834,5765
70600,64835,5765
70602,64837,5765
70604,64839,5765
70605,64840,5765
70606,64841,5765
70607,64842,5765
70608,64843,5765
70610,64845,5765
70612,64847,5765
70613,64848,5765
70614,64849,5765
70615,64850,5765
70617,64852,5765
70619,64854,5765
70620,64855,5765
70621,64856,5765
70622,64857,5765
70624,64859,5765
70625,64860,5765
70627,64862,5765
70629,64864,5765
70631,64866,5765
70632,64867,5765
70633,64868,5765
70634,64869,5765
70636,64871,5765
70637,64872,5765
70638,64873,5765
70639,64874,5765
70640,64875,5765
70641,64876,5765
70643,64878,5765
70644,64879,5765
70646,64881,5765
70648,64883,5765
70649,64884,5765
70650,64885,5765
70651,64886,5765
70653,64888,5765
70655,64890,5765
70656,64891,5765
70657,64892,5765
70658,64893,5765
70659,64894,5765
70660,64895,5765
70661,64896,5765
70662,64897,5765
70663,64898,5765
70664,64899,5765
70665,64900,5765
70667,64902,5765
70668,64903,5765
70670,64905,5765
70671,64906,5765
70672,64907,5765
70673,64908,5765
70674,64909,5765
70676,64911,5765
70677,64912,5765
70678,64913,5765
70679,64914,5765
70681,64916,5765
70683,64918,5765
70684,64919,5765
70685,64920,5765
70686,64921,5765
70687,64922,5765
70689,64924,5765
70690,64925,5765
70692,64927,5765
70693,64928,5765
70694,64929,5765
70695,64930,5765
70696,64931,5765
70698,64933,5765
70700,64935,5765
70702,64937,5765
70703,64938,5765
70704,64939,5765
70705,64940,5765
70707,64942,5765
70709,64944,5765
70711,64946,5765
70712,64947,5765
70713,64948,5765
70715,64950,5765
70717,64952,5765
70718,64953,5765
70719,64954,5765
70720,64955,5765
70722,64957,5765
70723,64958,5765
70724,64959,5765
70726,64961,5765
70727,64962,5765
70728,64963,5765
70729,64964,5765
70730,64965,5765
70732,64967,5765
70733,64968,5765
70734,64969,5765
70735,64970,5765
70736,64971,5765
70737,64972,5765
70739,64974,5765
70740,64975,5765
70742,64977,5765
70744,64979,5765
70745,64980,5765
70746,64981,5765
70747,64982,5765
70749,64984,5765
70751,64986,5765
70752,64987,5765
70753,64988,5765
70754,64989,5765
70755,64990,5765
70756,64991,5765
70757,64992,5765
70758,64993,5765
70759,64994,5765
70761,64996,5765
70762,64997,5765
70764,64999,5765
70765,65000,5765
70767,65002,5765
70768,65003,5765
70769,65004,5765
70770,65005,5765
70771,65006,5765
70773,65008,5765
70774,65009,5765
70775,65010,5765
70776,65011,5765
70778,65013,5765
70780,65015,5765
70781,65016,5765
70782,65017,5765
70783,65018,5765
70784,65019,5765
70786,65021,5765
70787,65022,5765
70789,65024,5765
70790,65025,5765
70791,65026,5765
70793,65028,5765
70794,65029,5765
70796,65031,5765
70798,65033,5765
70800,65035,5765
70801,65036,5765
70803,65038,5765
70804,65039,5765
70806,65041,5765
70808,65043,5765
70810,65045,5765
70811,65046,5765
70812,65047,5765
70814,65049,5765
70816,65051,5765
70817,65052,5765
70818,65053,5765
70819,65054,5765
70821,65056,5765
70822,65057,5765
70823,65057,5766
70825,65059,5766
70826,65060,5766
70827,65061,5766
70828,65062,5766
70829,65063,5766
70831,65065,5766
70832,65066,5766
70833,65067,5766
70834,65068,5766
70835,65069,5766
70836,65070,5766
70838,65072,5766
70839,65073,5766
70841,65075,5766
70842,65076,5766
70844,65078,5766
70845,65079,5766
70846,65080,5766
70847,65081,5766
70848,65082,5766
70849,65083,5766
70851,65085,5766
70852,65086,5766
70853,65087,5766
70855,65089,5766
70857,65091,5766
70858,65092,5766
70859,65093,5766
70860,65094,5766
70861,65095,5766
70863,65097,5766
70865,65099,5766
70866,65100,5766
70868,65102,5766
70869,65103,5766
70870,65104,5766
70872,65106,5766
70873,65107,5766
70875,65109,5766
70876,65110,5766
70878,65112,5766
70880,65114,5766
70882,65116,5766
70883,65117,5766
70884,65118,5766
70886,65120,5766
70887,65120,5767
70888,65121,5767
70889,65122,5767
70890,65123,5767
70891,65124,5767
70892,65125,5767
70894,65127,5767
70896,65129,5767
70897,65130,5767
70898,65131,5767
70899,65132,5767
70901,65134,5767
70903,65136,5767
70905,65138,5767
70907,65140,5767
70908,65141,5767
70910,65143,5767
70911,65144,5767
70913,65146,5767
70914,65147,5767
70915,65148,5767
70916,65149,5767
70918,65151,5767
70920,65153,5767
70921,65154,5767
70922,65155,5767
70923,65156,5767
70924,65157,5767
70926,65159,5767
70928,65161,5767
70929,65162,5767
70931,65164,5767
70932,65165,5767
70933,65166,5767
70935,65168,5767
70937,65170,5767
70938,65171,5767
70939,65172,5767
70940,65173,5767
70941,65174,5767
70942,65175,5767
70943,65176,5767
70944,65177,5767
70945,65178,5767
70946,65179,5767
70947,65180,5767
70948,65181,5767
70949,65182,5767
70950,65183,5767
70952,65185,5767
70954,65187,5767
70955,65188,5767
70956,65189,5767
70958,65190,5768
70959,65191,5768
70960,65192,5768
70961,65193,5768
70962,65194,5768
70964,65196,5768
70965,65197,5768
70966,65198,5768
70968,65200,5768
70969,65201,5768
70970,65202,5768
70971,65203,5768
70972,65204,5768
70973,65205,5768
70975,65207,5768
70976,65208,5768
70977,65209,5768
70978,65210,5768
70979,65211,5768
70981,65213,5768
70982,65214,5768
70984,65216,5768
70985,65217,5768
70986,65218,5768
70987,65219,5768
70988,65220,5768
70990,65222,5768
70991,65223,5768
70992,65224,5768
70993,65225,5768
70994,65226,5768
70995,65227,5768
70997,65229,5768
70998,65230,5768
70999,65231,5768
71000,65232,5768
71002,65234,5768
71003,65235,5768
71004,65236,5768
71005,65237,5768
71006,65238,5768
71007,65239,5768
71008,65240,5768
71009,65241,5768
71010,65242,5768
71012,65244,5768
71013,65245,5768
71014,65246,5768
71015,65247,5768
71016,65248,5768
71017,65249,5768
71018,65250,5768
71020,65252,5768
71021,65253,5768
71022,65254,5768
71023,65255,5768
71025,65257,5768
71026,65258,5768
71028,65260,5768
71030,65262,5768
71031,65263,5768
71032,65264,5768
71033,65265,5768
71034,65266,5768
71036,65268,5768
71037,65269,5768
71038,65270,5768
71039,65271,5768
71041,65273,5768
71042,65274,5768
71043,65275,5768
71044,65276,5768
71045,65277,5768
71046,65278,5768
71047,65279,5768
71048,65280,5768
71049,65281,5768
71050,65282,5768
71051,65283,5768
71052,65284,5768
71054,65286,5768
71055,65287,5768
71057,65289,5768
71058,65290,5768
71059,65291,5768
71060,65292,5768
71061,65293,5768
71062,65294,5768
71063,65295,5768
71064,65296,5768
71065,65297,5768
71066,65298,5768
71067,65299,5768
71068,65300,5768
71070,65302,5768
71071,65303,5768
71073,65305,5768
71074,65306,5768
71075,65307,5768
71076,65308,5768
71077,65309,5768
71079,65311,5768
71080,65312,5768
71081,65313,5768
71083,65315,5768
71085,65317,5768
71087,65319,5768
71088,65320,5768
71089,65321,5768
71090,65322,5768
71092,65324,5768
71094,65326,5768
71095,65327,5768
71096,65328,5768
71097,65329,5768
71098,65330,5768
71100,65332,5768
71101,65333,5768
71102,65334,5768
71103,65335,5768
71104,65336,5768
71105,65337,5768
71107,65339,5768
71109,65341,5768
71110,65342,5768
71111,65343,5768
71112,65344,5768
71113,65345,5768
71114,65346,5768
71116,65348,5768
71118,65350,5768
71119,65351,5768
71120,65352,5768
71121,65353,5768
71122,65354,5768
71123,65355,5768
71124,65356,5768
71125,65357,5768
71126,65358,5768
71127,65359,5768
71128,65360,5768
71130,65362,5768
71131,65363,5768
71132,65364,5768
71133,65365,5768
71135,65367,5768
71136,65368,5768
71137,65369,5768
71139,65371,5768
71140,65372,5768
71141,65373,5768
71142,65374,5768
71143,65375,5768
71144,65376,5768
71145,65377,5768
71147,65379,5768
71148,65380,5768
71149,65381,5768
71150,65382,5768
71151,65383,5768
71153,65385,5768
71154,65386,5768
71155,65387,5768
71156,65388,5768
71157,65389,5768
71158,65390,5768
71160,65392,5768
71161,65393,5768
71162,65394,5768
71163,65395,5768
71165,65397,5768
71167,65399,5768
71168,65400,5768
71169,65401,5768
71170,65402,5768
71172,65404,5768
71173,65405,5768
71175,65407,5768
71176,65408,5768
71177,65409,5768
71178,65410,5768
71179,65411,5768
71180,65412,5768
71181,65413,5768
71182,65414,5768
71184,65416,5768
71185,65417,5768
71187,65419,5768
71188,65420,5768
71190,65422,5768
71192,65424,5768
71194,65426,5768
71195,65427,5768
71197,65429,5768
71198,65430,5768
71200,65432,5768
71202,65434,5768
71203,65435,5768
71204,65436,5768
71206,65438,5768
71207,65439,5768
71209,65441,5768
71210,65442,5768
71211,65443,5768
71212,65444,5768
71214,65446,5768
71215,65447,5768
71216,65448,5768
71218,65450,5768
71219,65451,5768
71221,65453,5768
71222,65454,5768
71223,65455,5768
71224,65456,5768
71225,65457,5768
71226,65458,5768
71228,65460,5768
71230,65462,5768
71231,65463,5768
71232,65464,5768
71233,65465,5768
71234,65466,5768
71236,65468,5768
71237,65469,5768
71238,65470,5768
71240,65472,5768
71241,65473,5768
71242,65474,5768
71243,65475,5768
71244,65476,5768
71245,65477,5768
71247,65478,5769
71248,65479,5769
71250,65480,5770
71252,65482,5770
71253,65483,5770
71254,65484,5770
71255,65485,5770
71257,65487,5770
71258,65488,5770
71260,65489,5771
71261,65490,5771
71262,65491,5771
71264,65493,5771
71265,65494,5771
71266,65495,5771
71267,65496,5771
71268,65497,5771
71270,65499,5771
71271,65500,5771
71272,65501,5771
71273,65502,5771
71275,65504,5771
71276,65505,5771
71277,65506,5771
71278,65506,5772
71279,65507,5772
71280,65508,5772
71282,65510,5772
71283,65511,5772
71284,65512,5772
71285,65513,5772
71286,65514,5772
71288,65516,5772
71289,65517,5772
71290,65518,5772
71292,65520,5772
71293,65521,5772
71294,65521,5773
71295,65522,5773
71296,65523,5773
71298,65525,5773
71299,65526,5773
71301,65528,5773
71302,65529,5773
71304,65531,5773
71305,65532,5773
71306,65533,5773
71308,65535,5773
71309,65536,5773
71310,65537,5773
71311,65538,5773
71313,65540,5773
71314,65541,5773
71315,65542,5773
71316,65543,5773
71318,65545,5773
71319,65546,5773
71320,65547,5773
71321,65548,5773
71323,65550,5773
71324,65551,5773
71325,65552,5773
71326,65553,5773
71328,65555,5773
71330,65557,5773
71331,65558,5773
71333,65560,5773
71334,65561,5773
71335,65562,5773
71336,65563,5773
71337,65564,5773
71339,65566,5773
71340,65567,5773
71341,65568,5773
71342,65569,5773
71343,65570,5773
71344,65571,5773
71345,65572,5773
71347,65574,5773
71348,65575,5773
71349,65576,5773
71350,65577,5773
71351,65578,5773
71353,65580,5773
71355,65582,5773
71356,65583,5773
71358,65585,5773
71359,65586,5773
71361,65588,5773
71363,65590,5773
71364,65591,5773
71365,65592,5773
71366,65593,5773
71367,65594,5773
71369,65596,5773
71370,65597,5773
71372,65599,5773
71373,65600,5773
71374,65601,5773
71376,65603,5773
71377,65604,5773
71379,65606,5773
71380,65607,5773
71382,65609,5773
71383,65610,5773
71385,65612,5773
71386,65613,5773
71388,65615,5773
71389,65616,5773
71390,65617,5773
71391,65618,5773
71392,65619,5773
71394,65621,5773
71395,65621,5774
71396,65622,5774
71398,65624,5774
71399,65625,5774
71401,65627,5774
71403,65629,5774
71405,65631,5774
71406,65632,5774
71408,65634,5774
71409,65635,5774
71411,65637,5774
71412,65638,5774
71413,65639,5774
71415,65641,5774
71416,65642,5774
71417,65643,5774
71418,65644,5774
71419,65645,5774
71421,65647,5774
71422,65648,5774
71423,65649,5774
71424,65650,5774
71425,65651,5774
71426,65652,5774
71427,65653,5774
71428,65654,5774
71429,65655,5774
71431,65657,5774
71432,65658,5774
71433,65659,5774
71434,65660,5774
71435,65661,5774
71436,65662,5774
71437,65663,5774
71438,65664,5774
71439,65665,5774
71441,65667,5774
71442,65668,5774
71443,65669,5774
71444,65670,5774
71445,65671,5774
71446,65672,5774
71447,65673,5774
71448,65674,5774
71449,65675,5774
71451,65677,5774
71452,65678,5774
71453,65679,5774
71454,65680,5774
71455,65681,5774
71456,65682,5774
71457,65683,5774
71458,65684,5774
71459,65685,5774
71461,65687,5774
71462,65688,5774
71463,65689,5774
71464,65690,5774
71465,65691,5774
71466,65692,5774
71467,65693,5774
71468,65694,5774
71469,65695,5774
71471,65697,5774
71472,65698,5774
71473,65699,5774
71474,65700,5774
71475,65701,5774
71476,65702,5774
71477,65703,5774
71478,65704,5774
71479,65705,5774
71481,65707,5774
71482,65708,5774
71483,65709,5774
71484,65710,5774
71485,65711,5774
71486,65712,5774
71487,65713,5774
71488,65714,5774
71489,65715,5774
71491,65717,5774
71492,65718,5774
71493,65719,5774
71494,65720,5774
71495,65721,5774
71496,65722,5774
71497,65723,5774
71498,65724,5774
71499,65725,5774
71501,65727,5774
71502,65728,5774
71503,65729,5774
71504,65730,5774
71505,65731,5774
71506,65732,5774
71507,65733,5774
71508,65734,5774
71509,65735,5774
71511,65737,5774
71512,65738,5774
71513,65739,5774
71514,65740,5774
71515,65741,5774
71516,65742,5774
71517,65743,5774
71518,65744,5774
71519,65745,5774
71521,65747,5774
71522,65748,5774
71523,65749,5774
71524,65750,5774
71525,65751,5774
71526,65752,5774
71527,65753,5774
71528,65754,5774
71529,65755,5774
71531,65757,5774
71532,65758,5774
71533,65759,5774
71534,65760,5774
71535,65761,5774
71536,65762,5774
71537,65763,5774
71538,65764,5774
71539,65765,5774
71541,65767,5774
71542,65768,5774
71544,65769,5775
71545,65770,5775
71546,65771,5775
71547,65772,5775
71548,65773,5775
71549,65774,5775
71550,65775,5775
71552,65777,5775
71553,65778,5775
71554,65779,5775
71555,65780,5775
71556,65781,5775
71557,65782,5775
71558,65783,5775
71559,65784,5775
71560,65785,5775
71562,65787,5775
71563,65788,5775
71564,65789,5775
71565,65790,5775
71566,65791,5775
71567,65792,5775
71568,65793,5775
71569,65794,5775
71570,65795,5775
71572,65797,5775
71573,65798,5775
71574,65799,5775
71575,65800,5775
71576,65801,5775
71577,65802,5775
71578,65803,5775
71579,65804,5775
71580,65805,5775
71582,65807,5775
71583,65808,5775
71584,65809,5775
71585,65810,5775
71586,65811,5775
71587,65812,5775
71589,65814,5775
71591,65816,5775
71592,65817,5775
71593,65818,5775
71595,65820,5775
71597,65822,5775
71598,65823,5775
71599,65824,5775
71601,65826,5775
71602,65827,5775
71603,65828,5775
71604,65829,5775
71606,65831,5775
71607,65832,5775
71608,65833,5775
71609,65834,5775
71611,65836,5775
71613,65838,5775
71614,65839,5775
71615,65840,5775
71617,65842,5775
71619,65844,5775
71620,65845,5775
71621,65846,5775
71623,65848,5775
71625,65850,5775
71626,65851,5775
71628,65853,5775
71630,65855,5775
71631,65856,5775
71633,65858,5775
71635,65860,5775
71637,65862,5775
71638,65863,5775
71639,65864,5775
71641,65866,5775
71643,65868,5775
71644,65869,5775
71646,65871,5775
71648,65873,5775
71649,65874,5775
71650,65875,5775
71652,65877,5775
71653,65878,5775
71655,65880,5775
71656,65881,5775
71657,65882,5775
71659,65884,5775
71661,65886,5775
71662,65887,5775
71664,65889,5775
71665,65890,5775
71667,65892,5775
71668,65893,5775
71670,65895,5775
71672,65897,5775
71674,65899,5775
71675,65900,5775
71677,65902,5775
71678,65903,5775
71680,65905,5775
71681,65906,5775
71683,65908,5775
71684,65909,5775
71685,65910,5775
71686,65911,5775
71687,65912,5775
71688,65913,5775
71689,65914,5775
71690,65915,5775
71691,65916,5775
71692,65917,5775
71693,65918,5775
71694,65919,5775
71695,65920,5775
71696,65921,5775
71697,65922,5775
71699,65924,5775
71700,65925,5775
71701,65926,5775
71702,65927,5775
71704,65929,5775
71705,65930,5775
71706,65931,5775
71708,65933,5775
71710,65935,5775
71711,65936,5775
71713,65938,5775
71715,65940,5775
71717,65942,5775
71718,65943,5775
71719,65944,5775
71720,65945,5775
71721,65946,5775
71722,65947,5775
71724,65949,5775
71725,65950,5775
71727,65952,5775
71729,65954,5775
71731,65956,5775
71732,65957,5775
71734,65959,5775
71735,65960,5775
71737,65962,5775
71738,65963,5775
71739,65964,5775
71740,65965,5775
71742,65967,5775
71744,65969,5775
71745,65970,5775
71746,65971,5775
71747,65972,5775
71749,65974,5775
71751,65976,5775
71752,65977,5775
71754,65979,5775
71755,65980,5775
71756,65981,5775
71757,65982,5775
71759,65984,5775
71760,65985,5775
71761,65986,5775
71762,65987,5775
71763,65988,5775
71765,65990,5775
71766,65991,5775
71767,65992,5775
71768,65993,5775
71770,65995,5775
71771,65996,5775
71772,65997,5775
71773,65998,5775
71774,65999,5775
71776,66001,5775
71778,66003,5775
71779,66004,5775
71781,66006,5775
71782,66007,5775
71783,66008,5775
71784,66009,5775
71785,66010,5775
71787,66012,5775
71789,66014,5775
71790,66015,5775
71791,66016,5775
71792,66017,5775
71793,66018,5775
71795,66020,5775
71797,66022,5775
71798,66023,5775
71799,66024,5775
71800,66025,5775
71802,66027,5775
71804,66029,5775
71805,66030,5775
71806,66031,5775
71807,66032,5775
71809,66034,5775
71810,66035,5775
71812,66037,5775
71814,66039,5775
71816,66041,5775
71817,66042,5775
71818,66043,5775
71819,66044,5775
71821,66046,5775
71822,66047,5775
71823,66048,5775
71824,66049,5775
71825,66050,5775
71826,66051,5775
71828,66053,5775
71829,66054,5775
71831,66056,5775
71833,66058,5775
71834,66059,5775
71835,66060,5775
71836,66061,5775
71838,66063,5775
71840,66065,5775
71841,66066,5775
71842,66067,5775
71843,66068,5775
71844,66069,5775
71845,66070,5775
71846,66071,5775
71847,66072,5775
71848,66073,5775
71849,66074,5775
71850,66075,5775
71852,66077,5775
71853,66078,5775
71855,66080,5775
71856,66081,5775
71857,66082,5775
71858,66083,5775
71859,66084,5775
71861,66086,5775
71862,66087,5775
71863,66088,5775
71864,66089,5775
71866,66091,5775
71868,66093,5775
71869,66094,5775
71870,66095,5775
71871,66096,5775
71872,66097,5775
71874,66099,5775
71875,66100,5775
71877,66102,5775
71878,66103,5775
71879,66104,5775
71880,66105,5775
71881,66106,5775
71883,66108,5775
71885,66110,5775
71887,66112,5775
71888,66113,5775
71889,66114,5775
71890,66115,5775
71892,66117,5775
71894,66119,5775
71896,66121,5775
71897,66122,5775
71898,66123,5775
71900,66125,5775
71902,66127,5775
71903,66128,5775
71904,66129,5775
71905,66130,5775
71907,66132,5775
71908,66133,5775
71909,66134,5775
71911,66136,5775
71912,66137,5775
71913,66138,5775
71914,66139,5775
71915,66140,5775
71917,66142,5775
71918,66143,5775
71919,66144,5775
71920,66145,5775
71921,66146,5775
71922,66147,5775
71924,66149,5775
71925,66150,5775
71927,66152,5775
71929,66154,5775
71930,66155,5775
71931,66156,5775
71932,66157,5775
71934,66159,5775
71936,66161,5775
71937,66162,5775
71938,66163,5775
71939,66164,5775
71940,66165,5775
71941,66166,5775
71942,66167,5775
71943,66168,5775
71944,66169,5775
71946,66171,5775
71947,66172,5775
71949,66174,5775
71950,66175,5775
71952,66177,5775
71953,66178,5775
71954,66179,5775
71955,66180,5775
71956,66181,5775
71958,66183,5775
71959,66184,5775
71960,66185,5775
71961,66186,5775
71963,66188,5775
71965,66190,5775
71966,66191,5775
71967,66192,5775
71968,66193,5775
71969,66194,5775
71971,66196,5775
71972,66197,5775
71974,66199,5775
71975,66200,5775
71976,66201,5775
71978,66203,5775
71979,66204,5775
71981,66206,5775
71983,66208,5775
71985,66210,5775
71986,66211,5775
71988,66213,5775
71989,66214,5775
71991,66216,5775
71993,66218,5775
71995,66220,5775
71996,66221,5775
71997,66222,5775
71999,66224,5775
72001,66226,5775
72002,66227,5775
72003,66228,5775
72004,66229,5775
72006,66231,5775
72007,66232,5775
72008,66232,5776
72010,66234,5776
72011,66235,5776
72012,66236,5776
72013,66237,5776
72014,66238,5776
72016,66240,5776
72017,66241,5776
72018,66242,5776
72019,66243,5776
72020,66244,5776
72021,66245,5776
72023,66247,5776
72024,66248,5776
72026,66250,5776
72027,66251,5776
72029,66253,5776
72030,66254,5776
72031,66255,5776
72032,66256,5776
72033,66257,5776
72034,66257,5777
72036,66259,5777
72037,66260,5777
72038,66261,5777
72040,66263,5777
72042,66265,5777
72043,66266,5777
72044,66267,5777
72045,66268,5777
72046,66269,5777
72048,66271,5777
72050,66273,5777
72051,66274,5777
72053,66276,5777
72054,66277,5777
72055,66278,5777
72057,66280,5777
72058,66281,5777
72060,66283,5777
72061,66284,5777
72063,66286,5777
72065,66288,5777
72067,66290,5777
72068,66291,5777
72069,66292,5777
72071,66294,5777
72073,66294,5779
72074,66295,5779
72075,66296,5779
72076,66297,5779
72077,66298,5779
72078,66299,5779
72080,66301,5779
72082,66303,5779
72083,66304,5779
72084,66305,5779
72085,66306,5779
72087,66308,5779
72089,66310,5779
72091,66312,5779
72093,66314,5779
72094,66315,5779
72096,66317,5779
72097,66318,5779
72099,66320,5779
72100,66321,5779
72101,66322,5779
72102,66323,5779
72104,66325,5779
72106,66327,5779
72107,66328,5779
72108,66329,5779
72109,66330,5779
72110,66331,5779
72112,66333,5779
72114,66335,5779
72115,66336,5779
72117,66338,5779
72118,66339,5779
72119,66340,5779
72121,66342,5779
72123,66344,5779
72124,66345,5779
72125,66346,5779
72126,66347,5779
72127,66348,5779
72128,66349,5779
72129,66350,5779
72130,66351,5779
72131,66352,5779
72132,66353,5779
72133,66354,5779
72134,66355,5779
72135,66356,5779
72136,66357,5779
72138,66359,5779
72140,66361,5779
72141,66362,5779
72142,66363,5779
72144,66364,5780
72145,66365,5780
72146,66366,5780
72147,66367,5780
72148,66368,5780
72150,66370,5780
72151,66371,5780
72152,66372,5780
72154,66374,5780
72155,66375,5780
72156,66376,5780
72157,66377,5780
72158,66378,5780
72159,66379,5780
72161,66381,5780
72162,66382,5780
72163,66383,5780
72164,66384,5780
72165,66385,5780
72167,66387,5780
72168,66388,5780
72170,66390,5780
72171,66391,5780
72172,66392,5780
72173,66393,5780
72174,66394,5780
72176,66396,5780
72177,66397,5780
72178,66398,5780
72179,66399,5780
72180,66400,5780
72181,66401,5780
72183,66403,5780
72184,66404,5780
72185,66405,5780
72186,66406,5780
72188,66408,5780
72189,66409,5780
72190,66410,5780
72191,66411,5780
72192,66412,5780
72193,66413,5780
72194,66414,5780
72195,66415,5780
72196,66416,5780
72198,66418,5780
72199,66419,5780
72200,66420,5780
72201,66421,5780
72202,66422,5780
72203,66423,5780
72204,66424,5780
72206,66426,5780
72207,66427,5780
72208,66428,5780
72209,66429,5780
72211,66431,5780
72212,66432,5780
72214,66434,5780
72216,66436,5780
72217,66437,5780
72218,66438,5780
72219,66439,5780
72220,66440,5780
72222,66442,5780
72223,66443,5780
72224,66444,5780
72225,66445,5780
72227,66447,5780
72228,66448,5780
72229,66449,5780
72230,66450,5780
72231,66451,5780
72232,66452,5780
72233,66453,5780
72234,66454,5780
72235,66455,5780
72236,66456,5780
72237,66457,5780
72238,66458,5780
72240,66460,5780
72241,66461,5780
72243,66463,5780
72244,66464,5780
72245,66465,5780
72246,66466,5780
72247,66467,5780
72248,66468,5780
72249,66469,5780
72250,66470,5780
72251,66471,5780
72252,66472,5780
72253,66473,5780
72254,66474,5780
72256,66476,5780
72257,66477,5780
72259,66479,5780
72260,66480,5780
72261,66481,5780
72262,66482,5780
72263,66483,5780
72265,66485,5780
72266,66486,5780
72267,66487,5780
72269,66489,5780
72271,66491,5780
72273,66493,5780
72274,66494,5780
72275,66495,5780
72276,66496,5780
72278,66498,5780
72280,66500,5780
72281,66501,5780
72282,66502,5780
72283,66503,5780
72284,66504,5780
72286,66506,5780
72287,66507,5780
72288,66508,5780
72289,66509,5780
72290,66510,5780
72291,66511,5780
72293,66513,5780
72295,66515,5780
72296,66516,5780
72297,66517,5780
72298,66518,5780
72299,66519,5780
72300,66520,5780
72302,66522,5780
72304,66524,5780
72305,66525,5780
72306,66526,5780
72307,66527,5780
72308,66528,5780
72309,66529,5780
72310,66530,5780
72311,66531,5780
72312,66532,5780
72313,66533,5780
72314,66534,5780
72316,66536,5780
72317,66537,5780
72318,66538,5780
72319,66539,5780
72321,66541,5780
72322,66542,5780
72323,66543,5780
72325,66545,5780
72326,66546,5780
72327,66547,5780
72328,66548,5780
72329,66549,5780
72330,66550,5780
72331,66551,5780
72333,66553,5780
72334,66554,5780
72335,66555,5780
72336,66556,5780
72337,66557,5780
72339,66559,5780
72340,66560,5780
72341,66561,5780
72342,66562,5780
72343,66563,5780
72344,66564,5780
72346,66566,5780
72347,66567,5780
72348,66568,5780
72349,66569,5780
72351,66571,5780
72353,66573,5780
72354,66574,5780
72355,66575,5780
72356,66576,5780
72358,66578,5780
72359,66579,5780
72361,66581,5780
72362,66582,5780
72363,66583,5780
72364,66584,5780
72365,66585,5780
72366,66586,5780
72367,66587,5780
72368,66588,5780
72370,66590,5780
72371,66591,5780
72373,66593,5780
72374,66594,5780
72376,66596,5780
72378,66598,5780
72380,66600,5780
72381,66601,5780
72383,66603,5780
72384,66604,5780
72386,66606,5780
72388,66608,5780
72389,66609,5780
72390,66610,5780
72392,66612,5780
72393,66613,5780
72395,66615,5780
72396,66616,5780
72397,66617,5780
72398,66618,5780
72400,66620,5780
72401,66621,5780
72402,66622,5780
72404,66624,5780
72405,66625,5780
72407,66627,5780
72408,66628,5780
72409,66629,5780
72410,66630,5780
72411,66631,5780
72412,66632,5780
72414,66634,5780
72416,66636,5780
72417,66637,5780
72418,66638,5780
72419,66639,5780
72420,66640,5780
72422,66642,5780
72423,66643,5780
72424,66644,5780
72426,66646,5780
72427,66647,5780
72428,66648,5780
72429,66649,5780
72430,66650,5780
72431,66651,5780
72432,66652,5780
72433,66653,5780
72434,66654,5780
72436,66656,5780
72437,66657,5780
72438,66658,5780
72439,66659,5780
72441,66661,5780
72442,66662,5780
72443,66662,5781
72444,66663,5781
72445,66664,5781
72447,66666,5781
72448,66667,5781
72449,66668,5781
72450,66669,5781
72451,66670,5781
72453,66672,5781
72454,66673,5781
72456,66675,5781
72457,66676,5781
72459,66678,5781
72460,66679,5781
72461,66680,5781
72463,66680,5783
72464,66681,5783
72465,66682,5783
72467,66684,5783
72468,66685,5783
72469,66686,5783
72470,66687,5783
72471,66688,5783
72473,66690,5783
72474,66691,5783
72475,66692,5783
72477,66694,5783
72478,66695,5783
72479,66695,5784
72480,66696,5784
72481,66697,5784
72483,66699,5784
72484,66700,5784
72486,66702,5784
72487,66703,5784
72489,66705,5784
72490,66706,5784
72491,66707,5784
72493,66709,5784
72494,66710,5784
72495,66711,5784
72496,66712,5784
72498,66714,5784
72499,66715,5784
72500,66716,5784
72501,66717,5784
72503,66719,5784
72504,66720,5784
72505,66721,5784
72506,66722,5784
72508,66724,5784
72509,66725,5784
72510,66726,5784
72511,66727,5784
72513,66729,5784
72515,66731,5784
72516,66732,5784
72518,66734,5784
72519,66735,5784
72520,66736,5784
72521,66737,5784
72522,66738,5784
72524,66740,5784
72525,66741,5784
72526,66742,5784
72527,66743,5784
72528,66744,5784
72529,66745,5784
72530,66746,5784
72532,66748,5784
72533,66749,5784
72534,66750,5784
72535,66751,5784
72536,66752,5784
72538,66754,5784
72540,66756,5784
72541,66757,5784
72543,66759,5784
72544,66760,5784
72546,66762,5784
72548,66764,5784
72549,66765,5784
72550,66766,5784
72551,66767,5784
72552,66768,5784
72554,66770,5784
72555,66771,5784
72557,66773,5784
72558,66774,5784
72559,66775,5784
72561,66777,5784
72562,66778,5784
72564,66780,5784
72565,66781,5784
72567,66783,5784
72568,66784,5784
72570,66786,5784
72571,66787,5784
72573,66789,5784
72574,66790,5784
72575,66791,5784
72576,66792,5784
72577,66793,5784
72579,66795,5784
72581,66795,5786
72582,66796,5786
72584,66798,5786
72585,66799,5786
72587,66801,5786
72589,66803,5786
72591,66805,5786
72592,66806,5786
72594,66808,5786
72595,66809,5786
72597,66811,5786
72598,66812,5786
72599,66813,5786
72601,66815,5786
72602,66816,5786
72603,66817,5786
72604,66818,5786
72605,66819,5786
72607,66821,5786
72608,66822,5786
72609,66823,5786
72610,66824,5786
72611,66825,5786
72612,66826,5786
72613,66827,5786
72614,66828,5786
72615,66829,5786
72617,66831,5786
72618,66832,5786
72619,66833,5786
72620,66834,5786
72621,66835,5786
72622,66836,5786
72623,66837,5786
72624,66838,5786
72625,66839,5786
72627,66841,5786
72628,66842,5786
72629,66843,5786
72630,66844,5786
72631,66845,5786
72632,66846,5786
72633,66847,5786
72634,66848,5786
72635,66849,5786
72637,66851,5786
72638,66852,5786
72639,66853,5786
72640,66854,5786
72641,66855,5786
72642,66856,5786
72643,66857,5786
72644,66858,5786
72645,66859,5786
72647,66861,5786
72648,66862,5786
72649,66863,5786
72650,66864,5786
72651,66865,5786
72652,66866,5786
72653,66867,5786
72654,66868,5786
72655,66869,5786
72657,66871,5786
72658,66872,5786
72659,66873,5786
72660,66874,5786
72661,66875,5786
72662,66876,5786
72663,66877,5786
72664,66878,5786
72665,66879,5786
72667,66881,5786
72668,66882,5786
72669,66883,5786
72670,66884,5786
72671,66885,5786
72672,66886,5786
72673,66887,5786
72674,66888,5786
72675,66889,5786
72677,66891,5786
72678,66892,5786
72679,66893,5786
72680,66894,5786
72681,66895,5786
72682,66896,5786
72684,66898,5786
72686,66900,5786
72687,66901,5786
72688,66902,5786
72690,66904,5786
72692,66906,5786
72693,66907,5786
72694,66908,5786
72696,66910,5786
72697,66911,5786
72698,66912,5786
72699,66913,5786
72701,66915,5786
72702,66916,5786
72703,66917,5786
72704,66918,5786
72706,66920,5786
72708,66922,5786
72709,66923,5786
72710,66924,5786
72712,66926,5786
72714,66928,5786
72715,66929,5786
72716,66930,5786
72718,66932,5786
72720,66934,5786
72721,66935,5786
72723,66937,5786
72725,66939,5786
72726,66940,5786
72728,66942,5786
72730,66944,5786
72732,66946,5786
72733,66947,5786
72734,66948,5786
72736,66950,5786
72738,66952,5786
72739,66953,5786
72741,66955,5786
72743,66957,5786
72744,66958,5786
72745,66959,5786
72747,66961,5786
72748,66962,5786
72750,66964,5786
72751,66965,5786
72752,66966,5786
72754,66968,5786
72756,66970,5786
72757,66971,5786
72759,66973,5786
72760,66974,5786
72762,66976,5786
72763,66977,5786
72765,66979,5786
72767,66981,5786
72769,66983,5786
72770,66984,5786
72772,66986,5786
72773,66987,5786
72775,66989,5786
72776,66990,5786
72778,66992,5786
72779,66993,5786
72780,66994,5786
72781,66995,5786
72782,66996,5786
72783,66997,5786
72784,66998,5786
72785,66999,5786
72786,67000,5786
72787,67001,5786
72788,67002,5786
72789,67003,5786
72790,67004,5786
72791,67005,5786
72792,67006,5786
72794,67008,5786
72795,67009,5786
72796,67010,5786
72797,67011,5786
72799,67013,5786
72800,67014,5786
72801,67015,5786
72803,67017,5786
72805,67019,5786
72806,67020,5786
72808,67022,5786
72810,67024,5786
72812,67026,5786
72813,67027,5786
72814,67028,5786
72815,67029,5786
72816,67030,5786
72817,67031,5786
72819,67033,5786
72820,67034,5786
72822,67036,5786
72824,67038,5786
72826,67040,5786
72827,67041,5786
72829,67043,5786
72830,67044,5786
72832,67046,5786
72833,67047,5786
72834,67048,5786
72835,67049,5786
72837,67051,5786
72839,67053,5786
72840,67054,5786
72841,67055,5786
72842,67056,5786
72844,67058,5786
72846,67060,5786
72847,67061,5786
72849,67063,5786
72850,67064,5786
72851,67065,5786
72852,67066,5786
72854,67068,5786
72855,67069,5786
72856,67070,5786
72857,67071,5786
72858,67072,5786
72860,67074,5786
72861,67075,5786
72862,67076,5786
72863,67077,5786
72865,67079,5786
72866,67080,5786
72867,67081,5786
72868,67082,5786
72869,67083,5786
72871,67085,5786
72873,67087,5786
72874,67088,5786
72876,67090,5786
72877,67091,5786
72878,67092,5786
72879,67093,5786
72880,67094,5786
72882,67096,5786
72884,67098,5786
72885,67099,5786
72886,67100,5786
72887,67101,5786
72888,67102,5786
72890,67104,5786
72892,67106,5786
72893,67107,5786
72894,67108,5786
72895,67109,5786
72897,67111,5786
72899,67113,5786
72900,67114,5786
72901,67115,5786
72902,67116,5786
72904,67118,5786
72905,67119,5786
72907,67121,5786
72909,67123,5786
72911,67125,5786
72912,67126,5786
72913,67127,5786
72914,67128,5786
72916,67130,5786
72917,67131,5786
72918,67132,5786
72919,67133,5786
72920,67134,5786
72921,67135,5786
72923,67137,5786
72924,67138,5786
72926,67140,5786
72928,67142,5786
72929,67143,5786
72930,67144,5786
72931,67145,5786
72933,67147,5786
72935,67149,5786
72936,67150,5786
72937,67151,5786
72938,67152,5786
72939,67153,5786
72940,67154,5786
72941,67155,5786
72942,67156,5786
72943,67157,5786
72944,67158,5786
72945,67159,5786
72947,67161,5786
72948,67162,5786
72950,67164,5786
72951,67165,5786
72952,67166,5786
72953,67167,5786
72954,67168,5786
72956,67170,5786
72957,67171,5786
72958,67172,5786
72959,67173,5786
72961,67175,5786
72963,67177,5786
72964,67178,5786
72965,67179,5786
72966,67180,5786
72967,67181,5786
72969,67183,5786
72970,67184,5786
72972,67186,5786
72973,67187,5786
72974,67188,5786
72975,67189,5786
72976,67190,5786
72978,67192,5786
72980,67194,5786
72982,67196,5786
72983,67197,5786
72984,67198,5786
72985,67199,5786
72987,67201,5786
72989,67203,5786
72991,67205,5786
72992,67206,5786
72993,67207,5786
72995,67209,5786
72997,67211,5786
72998,67212,5786
72999,67213,5786
73000,67214,5786
73002,67216,5786
73003,67217,5786
73004,67218,5786
73006,67220,5786
73007,67221,5786
73008,67222,5786
73009,67223,5786
73010,67224,5786
73012,67226,5786
73013,67227,5786
73014,67228,5786
73015,67229,5786
73016,67230,5786
73017,67231,5786
73019,67233,5786
73020,67234,5786
73022,67236,5786
73024,67238,5786
73025,67239,5786
73026,67240,5786
73027,67241,5786
73029,67243,5786
73031,67245,5786
73032,67246,5786
73033,67247,5786
73034,67248,5786
73035,67249,5786
73036,67250,5786
73037,67251,5786
73038,67252,5786
73039,67253,5786
73041,67255,5786
73042,67256,5786
73044,67258,5786
73045,67259,5786
73047,67261,5786
73048,67262,5786
73049,67263,5786
73050,67264,5786
73051,67265,5786
73053,67267,5786
73054,67268,5786
73055,67269,5786
73056,67270,5786
73058,67272,5786
73060,67274,5786
73061,67275,5786
73062,67276,5786
73063,67277,5786
73064,67278,5786
73066,67280,5786
73067,67281,5786
73069,67283,5786
73070,67284,5786
73071,67285,5786
73073,67287,5786
73074,67288,5786
73076,67290,5786
73078,67292,5786
73080,67294,5786
73081,67295,5786
73083,67297,5786
73084,67298,5786
73086,67300,5786
73088,67302,5786
73090,67304,5786
73091,67305,5786
73092,67306,5786
73094,67308,5786
73096,67310,5786
73097,67311,5786
73098,67312,5786
73099,67313,5786
73101,67315,5786
73102,67316,5786
73103,67316,5787
73105,67318,5787
73106,67319,5787
73107,67320,5787
73108,67321,5787
73109,67322,5787
73111,67324,5787
73112,67325,5787
73113,67326,5787
73114,67327,5787
73115,67328,5787
73116,67329,5787
73118,67331,5787
73119,67332,5787
73121,67334,5787
73122,67335,5787
73124,67337,5787
73125,67338,5787
73126,67339,5787
73127,67340,5787
73128,67341,5787
73130,67341,5789
73132,67343,5789
73133,67344,5789
73134,67345,5789
73136,67347,5789
73138,67349,5789
73139,67350,5789
73140,67351,5789
73141,67352,5789
73142,67353,5789
73144,67355,5789
73146,67357,5789
73147,67358,5789
73149,67360,5789
73150,67361,5789
73151,67362,5789
73153,67364,5789
73154,67365,5789
73156,67367,5789
73157,67368,5789
73159,67370,5789
73161,67372,5789
73163,67374,5789
73164,67375,5789
73165,67376,5789
73167,67378,5789
73168,67378,5790
73169,67379,5790
73170,67380,5790
73171,67381,5790
73172,67382,5790
73173,67383,5790
73175,67385,5790
73177,67387,5790
73178,67388,5790
73179,67389,5790
73180,67390,5790
73182,67392,5790
73184,67394,5790
73186,67396,5790
73188,67398,5790
73189,67399,5790
73191,67401,5790
73192,67402,5790
73194,67404,5790
73195,67405,5790
73196,67406,5790
73197,67407,5790
73199,67409,5790
73201,67411,5790
73202,67412,5790
73203,67413,5790
73204,67414,5790
73205,67415,5790
73207,67417,5790
73209,67419,5790
73210,67420,5790
73212,67422,5790
73213,67423,5790
73214,67424,5790
73216,67426,5790
73218,67428,5790
73219,67429,5790
73220,67430,5790
73221,67431,5790
73222,67432,5790
73223,67433,5790
73224,67434,5790
73225,67435,5790
73226,67436,5790
73227,67437,5790
73228,67438,5790
73229,67439,5790
73230,67440,5790
73231,67441,5790
73233,67443,5790
73235,67445,5790
73236,67446,5790
73237,67447,5790
73238,67447,5791
73239,67448,5791
73240,67449,5791
73241,67450,5791
73243,67452,5791
73245,67454,5791
73246,67455,5791
73247,67456,5791
73249,67458,5791
73250,67459,5791
73251,67460,5791
73252,67461,5791
73253,67462,5791
73254,67463,5791
73256,67465,5791
73257,67466,5791
73258,67467,5791
73259,67468,5791
73260,67469,5791
73262,67471,5791
73263,67472,5791
73265,67474,5791
73266,67475,5791
73267,67476,5791
73268,67477,5791
73269,67478,5791
73271,67480,5791
73272,67481,5791
73273,67482,5791
73275,67483,5792
73276,67484,5792
73277,67485,5792
73279,67487,5792
73280,67488,5792
73281,67489,5792
73282,67490,5792
73284,67492,5792
73285,67493,5792
73286,67494,5792
73287,67495,5792
73288,67496,5792
73289,67497,5792
73290,67498,5792
73291,67499,5792
73292,67500,5792
73294,67502,5792
73295,67503,5792
73296,67504,5792
73297,67505,5792
73298,67506,5792
73299,67507,5792
73300,67508,5792
73302,67510,5792
73303,67511,5792
73304,67512,5792
73305,67513,5792
73307,67515,5792
73308,67516,5792
73310,67518,5792
73312,67520,5792
73313,67521,5792
73314,67522,5792
73315,67523,5792
73316,67524,5792
73318,67526,5792
73319,67527,5792
73320,67528,5792
73321,67529,5792
73323,67531,5792
73324,67532,5792
73325,67533,5792
73326,67534,5792
73327,67535,5792
73328,67536,5792
73329,67537,5792
73330,67538,5792
73331,67539,5792
73332,67540,5792
73333,67541,5792
73334,67542,5792
73336,67544,5792
73337,67545,5792
73339,67547,5792
73340,67548,5792
73341,67549,5792
73342,67550,5792
73343,67551,5792
73344,67552,5792
73345,67553,5792
73346,67554,5792
73347,67555,5792
73348,67556,5792
73349,67557,5792
73350,67558,5792
73352,67560,5792
73353,67561,5792
73355,67563,5792
73356,67564,5792
73357,67565,5792
73358,67566,5792
73359,67567,5792
73361,67569,5792
73362,67570,5792
73363,67571,5792
73365,67573,5792
73367,67575,5792
73369,67577,5792
73370,67578,5792
73371,67579,5792
73372,67580,5792
73374,67582,5792
73376,67584,5792
73377,67585,5792
73378,67586,5792
73379,67587,5792
73380,67588,5792
73382,67590,5792
73383,67591,5792
73384,67592,5792
73386,67593,5793
73387,67594,5793
73388,67595,5793
73390,67597,5793
73392,67599,5793
73393,67600,5793
73394,67601,5793
73395,67602,5793
73396,67603,5793
73397,67604,5793
73399,67606,5793
73401,67608,5793
73402,67609,5793
73403,67610,5793
73404,67611,5793
73405,67612,5793
73406,67613,5793
73407,67614,5793
73408,67615,5793
73409,67616,5793
73410,67617,5793
73411,67618,5793
73413,67620,5793
73414,67621,5793
73415,67622,5793
73416,67623,5793
73418,67625,5793
73419,67626,5793
73420,67627,5793
73422,67629,5793
73423,67630,5793
73424,67631,5793
73425,67632,5793
73426,67633,5793
73427,67634,5793
73428,67635,5793
73430,67637,5793
73431,67638,5793
73432,67639,5793
73433,67640,5793
73434,67641,5793
73436,67643,5793
73437,67644,5793
73438,67645,5793
73439,67646,5793
73440,67647,5793
73441,67648,5793
73443,67650,5793
73444,67651,5793
73445,67652,5793
73446,67653,5793
73448,67655,5793
73450,67657,5793
73451,67658,5793
73452,67659,5793
73453,67660,5793
73455,67662,5793
73456,67663,5793
73458,67665,5793
73459,67666,5793
73460,67667,5793
73461,67668,5793
73462,67669,5793
73463,67670,5793
73464,67671,5793
73465,67672,5793
73467,67674,5793
73468,67675,5793
73470,67677,5793
73471,67678,5793
73473,67680,5793
73475,67682,5793
73477,67684,5793
73478,67685,5793
73480,67687,5793
73481,67688,5793
73483,67690,5793
73485,67692,5793
73486,67693,5793
73487,67694,5793
73489,67696,5793
73490,67697,5793
73492,67699,5793
73493,67700,5793
73494,67701,5793
73495,67702,5793
73497,67704,5793
73498,67705,5793
73499,67706,5793
73501,67708,5793
73502,67709,5793
73504,67711,5793
73505,67712,5793
73506,67713,5793
73507,67714,5793
73508,67715,5793
73509,67716,5793
73511,67718,5793
73512,67719,5793
73513,67720,5793
73514,67721,5793
73515,67722,5793
73516,67723,5793
73518,67725,5793
73519,67726,5793
73520,67727,5793
73522,67729,5793
73523,67730,5793
73524,67731,5793
73525,67732,5793
73526,67733,5793
73527,67734,5793
73529,67735,5794
73530,67736,5794
73532,67737,5795
73534,67739,5795
73535,67740,5795
73536,67741,5795
73537,67742,5795
73539,67744,5795
73540,67745,5795
73542,67746,5796
73543,67747,5796
73544,67748,5796
73546,67750,5796
73547,67751,5796
73548,67752,5796
73549,67753,5796
73550,67754,5796
73552,67756,5796
73553,67757,5796
73554,67758,5796
73555,67759,5796
73557,67761,5796
73558,67762,5796
73559,67763,5796
73561,67764,5797
73562,67765,5797
73563,67766,5797
73565,67768,5797
73566,67769,5797
73567,67770,5797
73568,67771,5797
73569,67772,5797
73571,67774,5797
73572,67775,5797
73573,67776,5797
73575,67778,5797
73576,67779,5797
73577,67779,5798
73578,67780,5798
73579,67781,5798
73581,67783,5798
73582,67784,5798
73584,67786,5798
73585,67787,5798
73587,67789,5798
73588,67790,5798
73589,67791,5798
73591,67793,5798
73592,67794,5798
73593,67795,5798
73594,67796,5798
73596,67798,5798
73597,67799,5798
73598,67800,5798
73599,67801,5798
73601,67803,5798
73602,67804,5798
73603,67805,5798
73604,67806,5798
73606,67808,5798
73607,67809,5798
73608,67810,5798
73609,67811,5798
73611,67813,5798
73613,67815,5798
73614,67816,5798
73616,67818,5798
73617,67819,5798
73618,67820,5798
73619,67821,5798
73620,67822,5798
73622,67824,5798
73623,67824,5799
73624,67825,5799
73625,67826,5799
73626,67827,5799
73627,67828,5799
73628,67829,5799
73630,67831,5799
73631,67832,5799
73632,67833,5799
73633,67834,5799
73634,67835,5799
73636,67837,5799
73638,67839,5799
73639,67840,5799
73641,67842,5799
73642,67843,5799
73644,67845,5799
73646,67847,5799
73647,67848,5799
73648,67849,5799
73649,67850,5799
73650,67851,5799
73652,67853,5799
73653,67854,5799
73655,67856,5799
73656,67857,5799
73657,67858,5799
73659,67860,5799
73660,67861,5799
73662,67863,5799
73663,67864,5799
73665,67866,5799
73666,67867,5799
73668,67869,5799
73669,67870,5799
73671,67872,5799
73672,67873,5799
73673,67874,5799
73674,67875,5799
73675,67876,5799
73677,67878,5799
73678,67878,5800
73679,67879,5800
73681,67881,5800
73682,67882,5800
73684,67884,5800
73686,67886,5800
73688,67888,5800
73689,67889,5800
73691,67891,5800
73692,67892,5800
73694,67894,5800
73695,67895,5800
73696,67896,5800
73698,67898,5800
73699,67899,5800
73700,67900,5800
73701,67901,5800
73702,67902,5800
73704,67904,5800
73705,67905,5800
73706,67906,5800
73707,67907,5800
73708,67908,5800
73709,67909,5800
73710,67910,5800
73711,67911,5800
73712,67912,5800
73714,67914,5800
73715,67915,5800
73716,67916,5800
73717,67917,5800
73718,67918,5800
73719,67919,5800
73720,67920,5800
73721,67921,5800
73722,67922,5800
73724,67924,5800
73725,67925,5800
73726,67926,5800
73727,67927,5800
73728,67928,5800
73729,67929,5800
73730,67930,5800
73731,67931,5800
73732,67932,5800
73734,67934,5800
73735,67935,5800
73736,67936,5800
73737,67937,5800
73738,67938,5800
73739,67939,5800
73740,67940,5800
73741,67941,5800
73742,67942,5800
73744,67944,5800
73745,67945,5800
73746,67946,5800
73747,67947,5800
73748,67948,5800
73749,67949,5800
73750,67950,5800
73751,67951,5800
73752,67952,5800
73754,67954,5800
73755,67955,5800
73756,67956,5800
73757,67957,5800
73758,67958,5800
73759,67959,5800
73760,67960,5800
73761,67961,5800
73762,67962,5800
73764,67964,5800
73765,67965,5800
73766,67966,5800
73767,67967,5800
73768,67968,5800
73769,67969,5800
73770,67970,5800
73771,67971,5800
73772,67972,5800
73774,67974,5800
73775,67975,5800
73776,67976,5800
73777,67977,5800
73778,67978,5800
73779,67979,5800
73780,67980,5800
73781,67981,5800
73782,67982,5800
73784,67984,5800
73785,67985,5800
73787,67986,5801
73788,67987,5801
73789,67988,5801
73790,67989,5801
73791,67990,5801
73792,67991,5801
73793,67992,5801
73795,67994,5801
73796,67995,5801
73797,67996,5801
73798,67997,5801
73799,67998,5801
73800,67999,5801
73801,68000,5801
73802,68001,5801
73803,68002,5801
73805,68004,5801
73806,68005,5801
73807,68006,5801
73808,68007,5801
73809,68008,5801
73810,68009,5801
73811,68010,5801
73812,68011,5801
73813,68012,5801
73815,68014,5801
73816,68015,5801
73817,68016,5801
73818,68017,5801
73819,68018,5801
73820,68019,5801
73822,68021,5801
73824,68023,5801
73825,68024,5801
73826,68025,5801
73828,68027,5801
73830,68029,5801
73831,68030,5801
73832,68031,5801
73834,68033,5801
73835,68034,5801
73836,68035,5801
73837,68036,5801
73839,68038,5801
73840,68039,5801
73841,68040,5801
73842,68041,5801
73844,68043,5801
73846,68045,5801
73847,68046,5801
73848,68047,5801
73850,68049,5801
73852,68051,5801
73853,68052,5801
73854,68053,5801
73856,68055,5801
73858,68057,5801
73859,68058,5801
73861,68060,5801
73863,68062,5801
73864,68063,5801
73866,68065,5801
73868,68067,5801
73870,68069,5801
73871,68070,5801
73872,68071,5801
73874,68073,5801
73876,68075,5801
73877,68076,5801
73879,68078,5801
73881,68080,5801
73882,68081,5801
73883,68082,5801
73885,68084,5801
73886,68085,5801
73888,68087,5801
73889,68088,5801
73890,68089,5801
73892,68091,5801
73894,68093,5801
73895,68094,5801
73897,68096,5801
73898,68097,5801
73900,68099,5801
73901,68100,5801
73903,68102,5801
73905,68104,5801
73907,68106,5801
73908,68107,5801
73910,68109,5801
73911,68110,5801
73913,68112,5801
73914,68113,5801
73916,68115,5801
73917,68116,5801
73918,68117,5801
73919,68118,5801
73920,68119,5801
73921,68120,5801
73922,68121,5801
73923,68122,5801
73924,68123,5801
73925,68124,5801
73926,68125,5801
73927,68126,5801
73928,68127,5801
73929,68128,5801
73930,68129,5801
73932,68131,5801
73933,68132,5801
73934,68133,5801
73935,68134,5801
73937,68136,5801
73938,68137,5801
73939,68138,5801
73941,68140,5801
73943,68142,5801
73944,68143,5801
73946,68145,5801
73948,68147,5801
73950,68149,5801
73951,68150,5801
73952,68151,5801
73953,68152,5801
73954,68153,5801
73955,68154,5801
73957,68156,5801
73958,68157,5801
73960,68159,5801
73962,68161,5801
73964,68163,5801
73965,68164,5801
73967,68166,5801
73968,68167,5801
73970,68169,5801
73971,68170,5801
73972,68171,5801
73973,68172,5801
73975,68174,5801
73977,68176,5801
73978,68177,5801
73979,68178,5801
73980,68179,5801
73982,68181,5801
73984,68183,5801
73985,68184,5801
73987,68186,5801
73988,68187,5801
73989,68188,5801
73990,68189,5801
73992,68191,5801
73993,68192,5801
73994,68193,5801
73995,68194,5801
73996,68195,5801
73998,68197,5801
73999,68198,5801
74000,68199,5801
74001,68200,5801
74003,68202,5801
74004,68203,5801
74005,68204,5801
74006,68205,5801
74007,68206,5801
74009,68208,5801
74011,68210,5801
74012,68211,5801
74014,68213,5801
74015,68214,5801
74016,68215,5801
74017,68216,5801
74018,68217,5801
74020,68219,5801
74022,68221,5801
74023,68222,5801
74024,68223,5801
74025,68224,5801
74026,68225,5801
74028,68227,5801
74030,68229,5801
74031,68230,5801
74032,68231,5801
74033,68232,5801
74035,68234,5801
74037,68236,5801
74038,68237,5801
74039,68238,5801
74040,68239,5801
74042,68241,5801
74043,68242,5801
74045,68244,5801
74047,68246,5801
74049,68248,5801
74050,68249,5801
74051,68250,5801
74052,68251,5801
74054,68253,5801
74055,68254,5801
74056,68255,5801
74057,68256,5801
74058,68257,5801
74059,68258,5801
74061,68260,5801
74062,68261,5801
74064,68263,5801
74066,68265,5801
74067,68266,5801
74068,68267,5801
74069,68268,5801
74071,68270,5801
74073,68272,5801
74074,68273,5801
74075,68273,5802
74076,68274,5802
74077,68275,5802
74078,68276,5802
74080,68277,5803
74082,68279,5803
74083,68279,5804
74085,68281,5804
74086,68282,5804
74088,68284,5804
74089,68285,5804
74090,68286,5804
74091,68287,5804
74093,68288,5805
74094,68288,5806
74095,68289,5806
74097,68291,5806
74098,68292,5806
74099,68293,5806
74100,68294,5806
74101,68295,5806
74102,68296,5806
74104,68298,5806
74105,68298,5807
74106,68299,5807
74107,68300,5807
74109,68301,5808
74110,68302,5808
74111,68303,5808
74112,68304,5808
74113,68305,5808
74114,68306,5808
74115,68307,5808
74117,68308,5809
74118,68309,5809
74119,68310,5809
74120,68311,5809
74122,68312,5810
74123,68313,5810
74124,68313,5811
74125,68314,5811
74126,68315,5811
74127,68315,5812
74128,68316,5812
74130,68316,5814
74131,68317,5814
74133,68317,5816
74135,68318,5817
74136,68319,5817
74137,68320,5817
74138,68321,5817
74140,68322,5818
74141,68323,5818
74142,68324,5818
74143,68325,5818
74145,68326,5819
74146,68326,5820
74147,68327,5820
74149,68328,5821
74150,68329,5821
74151,68330,5821
74152,68331,5821
74154,68333,5821
74155,68334,5821
74156,68335,5821
74157,68336,5821
74158,68337,5821
74160,68338,5822
74161,68339,5822
74162,68340,5822
74164,68342,5822
74165,68343,5822
74166,68344,5822
74167,68345,5822
74169,68346,5823
74170,68346,5824
74171,68347,5824
74172,68348,5824
74173,68348,5825
74174,68348,5826
74175,68349,5826
74177,68350,5827
74179,68352,5827
74180,68353,5827
74181,68354,5827
74182,68355,5827
74183,68356,5827
74184,68357,5827
74186,68359,5827
74187,68360,5827
74188,68361,5827
74189,68362,5827
74191,68364,5827
74192,68365,5827
74193,68366,5827
74194,68367,5827
74195,68368,5827
74196,68369,5827
74197,68370,5827
74199,68372,5827
74200,68373,5827
74201,68374,5827
74202,68375,5827
74204,68377,5827
74205,68378,5827
74206,68379,5827
74207,68380,5827
74208,68381,5827
74209,68382,5827
74210,68383,5827
74212,68385,5827
74213,68386,5827
74215,68388,5827
74217,68390,5827
74218,68391,5827
74219,68392,5827
74220,68393,5827
74222,68395,5827
74223,68396,5827
74224,68397,5827
74225,68398,5827
74227,68400,5827
74228,68401,5827
74229,68402,5827
74231,68404,5827
74232,68405,5827
74233,68406,5827
74234,68407,5827
74236,68409,5827
74237,68410,5827
74238,68411,5827
74239,68412,5827
74240,68413,5827
74242,68415,5827
74243,68416,5827
74244,68417,5827
74246,68419,5827
74247,68420,5827
74248,68421,5827
74249,68422,5827
74251,68424,5827
74252,68425,5827
74253,68426,5827
74254,68426,5828
74255,68427,5828
74256,68428,5828
74257,68429,5828
74259,68431,5828
74260,68432,5828
74262,68434,5828
74263,68435,5828
74265,68437,5828
74266,68438,5828
74267,68439,5828
74269,68441,5828
74270,68442,5828
74271,68443,5828
74272,68444,5828
74273,68445,5828
74274,68446,5828
74275,68447,5828
74277,68449,5828
74278,68450,5828
74280,68452,5828
74281,68453,5828
74282,68454,5828
74283,68455,5828
74284,68456,5828
74286,68458,5828
74287,68459,5828
74288,68460,5828
74289,68461,5828
74291,68463,5828
74293,68465,5828
74294,68466,5828
74295,68467,5828
74296,68468,5828
74297,68469,5828
74299,68471,5828
74300,68472,5828
74302,68474,5828
74303,68475,5828
74304,68476,5828
74305,68477,5828
74306,68478,5828
74308,68480,5828
74310,68482,5828
74312,68484,5828
74313,68485,5828
74314,68486,5828
74315,68487,5828
74317,68489,5828
74319,68491,5828
74321,68493,5828
74322,68494,5828
74323,68495,5828
74325,68497,5828
74327,68499,5828
74328,68500,5828
74329,68501,5828
74330,68502,5828
74332,68504,5828
74333,68505,5828
74334,68506,5828
74336,68508,5828
74337,68509,5828
74338,68510,5828
74339,68511,5828
74340,68512,5828
74342,68514,5828
74343,68515,5828
74344,68516,5828
74345,68517,5828
74346,68518,5828
74347,68519,5828
74349,68521,5828
74350,68522,5828
74352,68524,5828
74354,68526,5828
74355,68527,5828
74356,68528,5828
74357,68529,5828
74359,68531,5828
74361,68533,5828
74362,68534,5828
74363,68535,5828
74364,68536,5828
74365,68537,5828
74366,68538,5828
74368,68540,5828
74370,68542,5828
74371,68543,5828
74373,68545,5828
74374,68546,5828
74376,68548,5828
74377,68549,5828
74378,68550,5828
74379,68551,5828
74381,68553,5828
74383,68553,5830
74384,68554,5830
74386,68556,5830
74387,68557,5830
74388,68558,5830
74389,68559,5830
74390,68560,5830
74391,68561,5830
74393,68563,5830
74394,68564,5830
74395,68565,5830
74396,68566,5830
74398,68568,5830
74399,68569,5830
74400,68569,5831
74402,68571,5831
74403,68572,5831
74404,68573,5831
74406,68574,5832
74407,68575,5832
74409,68577,5832
74410,68578,5832
74411,68579,5832
74412,68580,5832
74414,68582,5832
74415,68583,5832
74416,68584,5832
74417,68585,5832
74418,68586,5832
74419,68587,5832
74421,68588,5833
74422,68589,5833
74423,68590,5833
74425,68592,5833
74426,68593,5833
74427,68594,5833
74428,68595,5833
74430,68597,5833
74432,68598,5834
74433,68599,5834
74434,68600,5834
74435,68601,5834
74437,68601,5836
74438,68602,5836
74440,68604,5836
74442,68606,5836
74443,68607,5836
74444,68608,5836
74445,68609,5836
74446,68610,5836
74447,68611,5836
74449,68613,5836
74450,68614,5836
74451,68615,5836
74452,68616,5836
74454,68618,5836
74455,68619,5836
74456,68619,5837
74458,68621,5837
74459,68622,5837
74460,68623,5837
74462,68624,5838
74463,68625,5838
74465,68627,5838
74466,68628,5838
74467,68629,5838
74468,68630,5838
74470,68632,5838
74471,68633,5838
74472,68634,5838
74473,68635,5838
74474,68636,5838
74475,68637,5838
74477,68639,5838
74478,68640,5838
74479,68641,5838
74481,68643,5838
74482,68644,5838
74483,68645,5838
74484,68646,5838
74485,68647,5838
74486,68648,5838
74487,68649,5838
74488,68650,5838
74489,68651,5838
74490,68652,5838
74491,68653,5838
74493,68655,5838
74494,68656,5838
74496,68658,5838
74497,68659,5838
74499,68661,5838
74500,68662,5838
74501,68663,5838
74503,68665,5838
74504,68666,5838
74505,68667,5838
74506,68668,5838
74507,68669,5838
74509,68671,5838
74510,68672,5838
74512,68674,5838
74513,68675,5838
74515,68677,5838
74516,68678,5838
74517,68679,5838
74518,68680,5838
74519,68681,5838
74521,68683,5838
74522,68684,5838
74523,68685,5838
74524,68686,5838
74526,68688,5838
74528,68690,5838
74529,68691,5838
74530,68692,5838
74531,68693,5838
74532,68694,5838
74534,68696,5838
74535,68697,5838
74537,68699,5838
74538,68700,5838
74539,68701,5838
74541,68703,5838
74542,68704,5838
74544,68706,5838
74546,68708,5838
74548,68710,5838
74549,68711,5838
74551,68713,5838
74552,68714,5838
74554,68716,5838
74556,68718,5838
74558,68720,5838
74559,68721,5838
74560,68722,5838
74562,68724,5838
74564,68726,5838
74565,68727,5838
74566,68728,5838
74567,68729,5838
74569,68731,5838
74570,68732,5838
74571,68732,5839
74573,68734,5839
74574,68735,5839
74575,68736,5839
74576,68737,5839
74577,68738,5839
74579,68740,5839
74580,68741,5839
74581,68742,5839
74582,68743,5839
74583,68744,5839
74584,68745,5839
74586,68747,5839
74587,68748,5839
74589,68750,5839
74590,68751,5839
74592,68753,5839
74593,68754,5839
74594,68755,5839
74595,68756,5839
74596,68757,5839
74597,68757,5840
74599,68759,5840
74600,68760,5840
74601,68761,5840
74603,68763,5840
74605,68765,5840
74606,68766,5840
74607,68767,5840
74608,68768,5840
74609,68769,5840
74611,68771,5840
74613,68773,5840
74614,68774,5840
74616,68776,5840
74617,68777,5840
74618,68778,5840
74620,68780,5840
74621,68781,5840
74623,68783,5840
74624,68784,5840
74626,68786,5840
74628,68788,5840
74630,68790,5840
74631,68791,5840
74632,68792,5840
74634,68794,5840
74636,68794,5842
74637,68795,5842
74638,68796,5842
74639,68797,5842
74640,68798,5842
74641,68799,5842
74642,68800,5842
74643,68801,5842
74645,68803,5842
74646,68804,5842
74647,68805,5842
74648,68806,5842
74649,68807,5842
74650,68808,5842
74651,68809,5842
74652,68810,5842
74653,68811,5842
74655,68813,5842
74656,68814,5842
74657,68815,5842
74658,68816,5842
74659,68817,5842
74660,68818,5842
74661,68819,5842
74662,68820,5842
74663,68821,5842
74665,68823,5842
74666,68824,5842
74667,68825,5842
74668,68826,5842
74669,68827,5842
74670,68828,5842
74671,68829,5842
74672,68830,5842
74673,68831,5842
74675,68833,5842
74677,68834,5843
74678,68835,5843
74679,68836,5843
74680,68837,5843
74681,68838,5843
74682,68839,5843
74683,68840,5843
74684,68841,5843
74685,68841,5844
74686,68842,5844
74687,68843,5844
74689,68844,5845
74690,68845,5845
74691,68846,5845
74693,68848,5845
74695,68849,5846
74697,68851,5846
74698,68852,5846
74699,68853,5846
74700,68854,5846
74702,68854,5848
74703,68855,5848
74704,68856,5848
74705,68857,5848
74707,68859,5848
74709,68861,5848
74710,68862,5848
74711,68863,5848
74712,68864,5848
74714,68866,5848
74716,68868,5848
74717,68869,5848
74718,68870,5848
74719,68871,5848
74720,68872,5848
74721,68873,5848
74723,68875,5848
74725,68877,5848
74726,68878,5848
74728,68880,5848
74729,68881,5848
74731,68883,5848
74732,68884,5848
74733,68885,5848
74734,68886,5848
74736,68888,5848
74738,68889,5849
74739,68890,5849
74741,68892,5849
74742,68893,5849
74743,68894,5849
74744,68895,5849
74745,68896,5849
74746,68897,5849
74748,68899,5849
74749,68900,5849
74750,68901,5849
74751,68902,5849
74753,68904,5849
74754,68905,5849
74755,68905,5850
74757,68907,5850
74758,68908,5850
74759,68909,5850
74761,68910,5851
74762,68911,5851
74764,68913,5851
74765,68914,5851
74766,68915,5851
74767,68916,5851
74769,68918,5851
74770,68919,5851
74771,68920,5851
74772,68921,5851
74773,68922,5851
74774,68923,5851
74776,68925,5851
74777,68926,5851
74778,68927,5851
74780,68929,5851
74781,68930,5851
74782,68931,5851
74783,68932,5851
74785,68934,5851
74787,68935,5852
74788,68936,5852
74789,68937,5852
74790,68938,5852
74792,68938,5854
74793,68939,5854
74795,68941,5854
74797,68943,5854
74798,68944,5854
74799,68945,5854
74800,68946,5854
74801,68947,5854
74802,68948,5854
74804,68950,5854
74805,68951,5854
74806,68952,5854
74807,68953,5854
74809,68955,5854
74810,68956,5854
74811,68956,5855
74813,68958,5855
74814,68959,5855
74815,68960,5855
74817,68961,5856
74818,68962,5856
74820,68964,5856
74821,68965,5856
74822,68966,5856
74823,68967,5856
74825,68969,5856
74826,68970,5856
74827,68971,5856
74828,68972,5856
74829,68973,5856
74830,68974,5856
74831,68975,5856
74832,68976,5856
74833,68977,5856
74835,68979,5856
74836,68980,5856
74837,68981,5856
74838,68982,5856
74839,68983,5856
74840,68984,5856
74841,68985,5856
74842,68986,5856
74843,68987,5856
74844,68988,5856
74845,68989,5856
74847,68991,5856
74848,68992,5856
74850,68994,5856
74851,68995,5856
74853,68997,5856
74854,68998,5856
74855,68999,5856
74857,69001,5856
74858,69002,5856
74859,69003,5856
74860,69004,5856
74861,69005,5856
74862,69006,5856
74863,69007,5856
74864,69007,5857
74865,69008,5857
74867,69010,5857
74868,69011,5857
74869,69012,5857
74870,69013,5857
74871,69013,5858
74873,69015,5858
74874,69016,5858
74875,69017,5858
74876,69018,5858
74878,69020,5858
74879,69020,5859
74880,69021,5859
74881,69022,5859
74882,69023,5859
74884,69023,5861
74886,69025,5861
74887,69026,5861
74889,69028,5861
74890,69029,5861
74891,69030,5861
74893,69030,5863
74894,69031,5863
74896,69033,5863
74898,69035,5863
74899,69036,5863
74900,69037,5863
74902,69038,5864
74903,69039,5864
74905,69041,5864
74907,69043,5864
74908,69043,5865
74909,69044,5865
74910,69045,5865
74912,69047,5865
74914,69049,5865
74915,69050,5865
74916,69051,5865
74917,69052,5865
74919,69054,5865
74920,69055,5865
74922,69055,5867
74924,69057,5867
74926,69059,5867
74927,69060,5867
74928,69061,5867
74929,69062,5867
74931,69064,5867
74932,69065,5867
74933,69066,5867
74934,69067,5867
74935,69068,5867
74936,69069,5867
74938,69071,5867
74939,69072,5867
74941,69074,5867
74942,69075,5867
74944,69077,5867
74945,69078,5867
74946,69079,5867
74948,69081,5867
74949,69082,5867
74950,69082,5868
74952,69084,5868
74953,69085,5868
74954,69086,5868
74955,69087,5868
74957,69089,5868
74958,69090,5868
74959,69091,5868
74960,69092,5868
74961,69093,5868
74963,69095,5868
74965,69097,5868
74966,69098,5868
74968,69100,5868
74969,69101,5868
74970,69102,5868
74972,69104,5868
74973,69105,5868
74975,69107,5868
74976,69108,5868
74978,69110,5868
74980,69112,5868
74982,69114,5868
74983,69115,5868
74984,69116,5868
74986,69117,5869
74988,69117,5871
74989,69118,5871
74990,69119,5871
74991,69120,5871
74992,69121,5871
74993,69122,5871
74995,69124,5871
74996,69125,5871
74997,69126,5871
74998,69127,5871
74999,69128,5871
75001,69130,5871
75003,69132,5871
75005,69134,5871
75007,69136,5871
75008,69137,5871
75010,69139,5871
75011,69140,5871
75013,69142,5871
75014,69143,5871
75015,69144,5871
75016,69145,5871
75018,69147,5871
75020,69149,5871
75021,69150,5871
75022,69151,5871
75023,69152,5871
75024,69153,5871
75026,69155,5871
75028,69157,5871
75029,69158,5871
75031,69160,5871
75032,69161,5871
75033,69162,5871
75035,69164,5871
75037,69166,5871
75038,69167,5871
75039,69168,5871
75040,69169,5871
75041,69170,5871
75042,69171,5871
75043,69172,5871
75044,69173,5871
75045,69174,5871
75046,69175,5871
75047,69176,5871
75048,69177,5871
75049,69178,5871
75050,69178,5872
75052,69180,5872
75054,69182,5872
75055,69183,5872
75056,69184,5872
75058,69185,5873
75059,69186,5873
75060,69187,5873
75061,69188,5873
75062,69189,5873
75064,69191,5873
75065,69192,5873
75066,69193,5873
75068,69195,5873
75069,69196,5873
75070,69197,5873
75071,69198,5873
75072,69199,5873
75073,69200,5873
75075,69202,5873
75076,69203,5873
75077,69204,5873
75078,69205,5873
75079,69206,5873
75081,69208,5873
75082,69209,5873
75083,69210,5873
75084,69211,5873
75086,69213,5873
75087,69214,5873
75089,69216,5873
75090,69217,5873
75091,69218,5873
75092,69219,5873
75093,69220,5873
75094,69221,5873
75095,69222,5873
75097,69224,5873
75098,69225,5873
75099,69226,5873
75100,69227,5873
75102,69227,5875
75103,69228,5875
75104,69229,5875
75106,69231,5875
75107,69232,5875
75108,69233,5875
75110,69235,5875
75111,69236,5875
75113,69238,5875
75114,69239,5875
75115,69240,5875
75116,69241,5875
75118,69243,5875
75119,69244,5875
75120,69245,5875
75121,69246,5875
75122,69247,5875
75123,69248,5875
75124,69249,5875
75125,69250,5875
75126,69251,5875
75127,69252,5875
75128,69253,5875
75129,69254,5875
75130,69255,5875
75132,69257,5875
75134,69257,5877
75135,69258,5877
75136,69259,5877
75137,69260,5877
75139,69262,5877
75140,69263,5877
75141,69264,5877
75142,69264,5878
75143,69265,5878
75144,69266,5878
75146,69268,5878
75147,69269,5878
75149,69270,5879
75150,69271,5879
75152,69273,5879
75153,69273,5880
75154,69274,5880
75155,69275,5880
75156,69276,5880
75157,69277,5880
75158,69278,5880
75159,69279,5880
75161,69280,5881
75163,69282,5881
75164,69283,5881
75165,69284,5881
75166,69285,5881
75167,69286,5881
75168,69287,5881
75169,69288,5881
75171,69290,5881
75172,69291,5881
75173,69292,5881
75174,69293,5881
75175,69293,5882
75176,69294,5882
75178,69295,5883
75180,69297,5883
75182,69298,5884
75183,69299,5884
75184,69300,5884
75185,69301,5884
75187,69303,5884
75188,69304,5884
75189,69305,5884
75190,69306,5884
75192,69308,5884
75193,69309,5884
75194,69310,5884
75195,69311,5884
75196,69312,5884
75197,69313,5884
75198,69314,5884
75199,69315,5884
75200,69316,5884
75201,69317,5884
75202,69318,5884
75203,69319,5884
75205,69321,5884
75206,69322,5884
75208,69324,5884
75209,69325,5884
75210,69326,5884
75211,69327,5884
75212,69328,5884
75213,69329,5884
75214,69330,5884
75215,69331,5884
75216,69332,5884
75217,69333,5884
75218,69334,5884
75219,69335,5884
75221,69337,5884
75222,69338,5884
75224,69340,5884
75225,69341,5884
75226,69342,5884
75227,69343,5884
75228,69344,5884
75230,69346,5884
75231,69347,5884
75232,69348,5884
75234,69350,5884
75236,69352,5884
75238,69354,5884
75239,69355,5884
75240,69356,5884
75241,69357,5884
75243,69359,5884
75245,69361,5884
75246,69362,5884
75247,69363,5884
75248,69364,5884
75249,69365,5884
75251,69367,5884
75252,69368,5884
75253,69369,5884
75254,69370,5884
75255,69371,5884
75256,69372,5884
75258,69374,5884
75260,69376,5884
75261,69377,5884
75262,69378,5884
75263,69379,5884
75264,69380,5884
75265,69381,5884
75267,69383,5884
75269,69385,5884
75270,69386,5884
75271,69387,5884
75272,69388,5884
75273,69389,5884
75274,69390,5884
75275,69391,5884
75276,69392,5884
75277,69393,5884
75278,69394,5884
75279,69395,5884
75281,69397,5884
75282,69398,5884
75283,69399,5884
75284,69400,5884
75286,69402,5884
75287,69403,5884
75288,69404,5884
75290,69406,5884
75291,69407,5884
75292,69408,5884
75293,69409,5884
75294,69410,5884
75295,69411,5884
75296,69412,5884
75298,69414,5884
75299,69415,5884
75300,69416,5884
75301,69417,5884
75302,69418,5884
75304,69420,5884
75305,69421,5884
75306,69422,5884
75307,69423,5884
75308,69424,5884
75309,69425,5884
75311,69427,5884
75312,69428,5884
75313,69429,5884
75314,69430,5884
75315,69430,5885
75317,69432,5885
75318,69433,5885
75319,69433,5886
75320,69434,5886
75322,69435,5887
75323,69436,5887
75324,69437,5887
75326,69439,5887
75327,69440,5887
75329,69442,5887
75330,69443,5887
75331,69444,5887
75332,69445,5887
75333,69446,5887
75334,69447,5887
75335,69448,5887
75336,69449,5887
75338,69451,5887
75339,69452,5887
75341,69454,5887
75342,69455,5887
75344,69457,5887
75346,69459,5887
75348,69461,5887
75349,69462,5887
75351,69464,5887
75352,69465,5887
75354,69467,5887
75356,69469,5887
75357,69470,5887
75358,69471,5887
75360,69473,5887
75361,69474,5887
75363,69476,5887
75364,69477,5887
75365,69478,5887
75366,69479,5887
75368,69481,5887
75369,69482,5887
75370,69483,5887
75372,69485,5887
75373,69486,5887
75375,69488,5887
75376,69489,5887
75377,69490,5887
75378,69491,5887
75379,69492,5887
75380,69493,5887
75382,69495,5887
75384,69497,5887
75385,69498,5887
75387,69498,5889
75388,69499,5889
75389,69500,5889
75391,69502,5889
75392,69503,5889
75393,69504,5889
75395,69506,5889
75396,69507,5889
75397,69508,5889
75398,69509,5889
75399,69510,5889
75400,69511,5889
75401,69512,5889
75402,69513,5889
75403,69514,5889
75405,69516,5889
75406,69517,5889
75407,69518,5889
75408,69519,5889
75410,69521,5889
75411,69522,5889
75412,69522,5890
75413,69523,5890
75414,69524,5890
75416,69526,5890
75417,69527,5890
75418,69528,5890
75419,69529,5890
75420,69530,5890
75422,69532,5890
75423,69533,5890
75425,69535,5890
75426,69536,5890
75428,69538,5890
75429,69539,5890
75430,69540,5890
75431,69540,5891
75432,69541,5891
75433,69542,5891
75435,69544,5891
75436,69545,5891
75437,69546,5891
75438,69547,5891
75439,69548,5891
75441,69550,5891
75442,69551,5891
75443,69552,5891
75445,69554,5891
75446,69555,5891
75447,69555,5892
75448,69556,5892
75449,69557,5892
75451,69559,5892
75452,69560,5892
75454,69562,5892
75455,69563,5892
75457,69565,5892
75458,69566,5892
75459,69567,5892
75461,69569,5892
75462,69570,5892
75463,69571,5892
75464,69572,5892
75466,69574,5892
75467,69575,5892
75468,69576,5892
75469,69577,5892
75471,69579,5892
75472,69580,5892
75473,69581,5892
75474,69582,5892
75476,69584,5892
75477,69585,5892
75478,69586,5892
75479,69587,5892
75481,69589,5892
75483,69591,5892
75484,69592,5892
75486,69594,5892
75487,69595,5892
75488,69596,5892
75489,69597,5892
75490,69598,5892
75492,69600,5892
75493,69601,5892
75494,69602,5892
75495,69603,5892
75496,69604,5892
75497,69605,5892
75498,69606,5892
75500,69608,5892
75501,69609,5892
75502,69610,5892
75503,69611,5892
75504,69612,5892
75506,69614,5892
75508,69616,5892
75509,69617,5892
75511,69619,5892
75512,69620,5892
75514,69622,5892
75516,69624,5892
75517,69625,5892
75518,69626,5892
75519,69627,5892
75520,69628,5892
75522,69630,5892
75523,69631,5892
75525,69633,5892
75526,69634,5892
75527,69635,5892
75529,69637,5892
75530,69638,5892
75532,69640,5892
75533,69641,5892
75535,69643,5892
75536,69644,5892
75538,69646,5892
75539,69647,5892
75541,69649,5892
75542,69650,5892
75543,69651,5892
75544,69652,5892
75545,69653,5892
75547,69655,5892
75548,69655,5893
75549,69656,5893
75551,69658,5893
75552,69659,5893
75554,69661,5893
75556,69663,5893
75558,69665,5893
75559,69666,5893
75561,69668,5893
75562,69669,5893
75564,69671,5893
75565,69672,5893
75566,69673,5893
75568,69675,5893
75569,69676,5893
75570,69677,5893
75571,69678,5893
75572,69679,5893
75574,69681,5893
75575,69682,5893
75576,69683,5893
75577,69684,5893
75578,69685,5893
75579,69686,5893
75580,69687,5893
75581,69688,5893
75582,69689,5893
75584,69691,5893
75585,69692,5893
75586,69693,5893
75587,69694,5893
75588,69695,5893
75589,69696,5893
75590,69697,5893
75591,69698,5893
75592,69699,5893
75594,69701,5893
75595,69702,5893
75596,69703,5893
75597,69704,5893
75598,69705,5893
75599,69706,5893
75600,69707,5893
75601,69708,5893
75602,69709,5893
75604,69711,5893
75605,69712,5893
75606,69713,5893
75607,69714,5893
75608,69715,5893
75609,69716,5893
75610,69717,5893
75611,69718,5893
75612,69719,5893
75614,69721,5893
75615,69722,5893
75617,69723,5894
75618,69724,5894
75619,69725,5894
75620,69726,5894
75621,69727,5894
75622,69728,5894
75623,69729,5894
75625,69731,5894
75626,69732,5894
75627,69733,5894
75628,69734,5894
75629,69735,5894
75630,69736,5894
75631,69737,5894
75632,69738,5894
75633,69739,5894
75635,69741,5894
75636,69742,5894
75637,69743,5894
75638,69744,5894
75639,69745,5894
75640,69746,5894
75641,69747,5894
75642,69748,5894
75643,69749,5894
75645,69751,5894
75646,69752,5894
75647,69753,5894
75648,69754,5894
75649,69755,5894
75650,69756,5894
75651,69757,5894
75652,69758,5894
75653,69759,5894
75655,69761,5894
75656,69762,5894
75657,69763,5894
75658,69764,5894
75659,69765,5894
75660,69766,5894
75661,69767,5894
75662,69768,5894
75663,69769,5894
75665,69771,5894
75666,69772,5894
75667,69773,5894
75668,69774,5894
75669,69775,5894
75670,69776,5894
75672,69778,5894
75674,69780,5894
75675,69781,5894
75676,69782,5894
75678,69784,5894
75680,69786,5894
75681,69787,5894
75682,69788,5894
75684,69790,5894
75685,69791,5894
75686,69792,5894
75687,69793,5894
75689,69795,5894
75690,69796,5894
75691,69797,5894
75692,69798,5894
75694,69800,5894
75696,69802,5894
75697,69803,5894
75698,69804,5894
75700,69806,5894
75702,69808,5894
75703,69809,5894
75704,69810,5894
75706,69812,5894
75708,69814,5894
75709,69815,5894
75711,69817,5894
75713,69819,5894
75714,69820,5894
75716,69822,5894
75718,69824,5894
75720,69826,5894
75721,69827,5894
75722,69828,5894
75724,69830,5894
75726,69832,5894
75727,69833,5894
75729,69835,5894
75731,69837,5894
75732,69838,5894
75733,69839,5894
75735,69841,5894
75736,69842,5894
75738,69844,5894
75739,69845,5894
75740,69846,5894
75742,69848,5894
75744,69850,5894
75745,69851,5894
75747,69853,5894
75748,69854,5894
75750,69856,5894
75751,69857,5894
75753,69859,5894
75755,69861,5894
75757,69863,5894
75758,69864,5894
75760,69866,5894
75761,69867,5894
75763,69869,5894
75764,69870,5894
75766,69872,5894
75767,69873,5894
75768,69874,5894
75769,69875,5894
75770,69876,5894
75771,69877,5894
75772,69878,5894
75773,69879,5894
75774,69880,5894
75775,69881,5894
75776,69882,5894
75777,69883,5894
75778,69884,5894
75779,69885,5894
75780,69886,5894
75782,69888,5894
75783,69889,5894
75784,69890,5894
75785,69891,5894
75787,69893,5894
75788,69894,5894
75789,69895,5894
75791,69897,5894
75793,69899,5894
75794,69900,5894
75796,69902,5894
75798,69904,5894
75800,69906,5894
75801,69907,5894
75802,69908,5894
75803,69909,5894
75804,69910,5894
75805,69911,5894
75807,69913,5894
75808,69914,5894
75810,69916,5894
75812,69918,5894
75814,69920,5894
75815,69921,5894
75817,69923,5894
75818,69924,5894
75820,69926,5894
75821,69927,5894
75822,69928,5894
75823,69929,5894
75825,69931,5894
75827,69933,5894
75828,69934,5894
75829,69935,5894
75830,69936,5894
75832,69938,5894
75834,69940,5894
75835,69941,5894
75837,69943,5894
75838,69944,5894
75839,69945,5894
75840,69946,5894
75842,69948,5894
75843,69949,5894
75844,69950,5894
75845,69951,5894
75846,69952,5894
75848,69954,5894
75849,69955,5894
75850,69956,5894
75851,69957,5894
75853,69959,5894
75854,69960,5894
75855,69961,5894
75856,69962,5894
75857,69963,5894
75859,69965,5894
75861,69967,5894
75862,69968,5894
75864,69970,5894
75865,69971,5894
75866,69972,5894
75867,69973,5894
75868,69974,5894
75870,69976,5894
75872,69978,5894
75873,69979,5894
75874,69980,5894
75875,69981,5894
75876,69982,5894
75878,69984,5894
75880,69986,5894
75881,69987,5894
75882,69988,5894
75883,69989,5894
75885,69991,5894
75887,69993,5894
75888,69994,5894
75889,69995,5894
75890,69996,5894
75892,69998,5894
75893,69999,5894
75895,70001,5894
75897,70003,5894
75899,70005,5894
75900,70006,5894
75901,70007,5894
75902,70008,5894
75904,70010,5894
75905,70011,5894
75906,70012,5894
75907,70013,5894
75908,70014,5894
75909,70015,5894
75911,70017,5894
75912,70018,5894
75914,70020,5894
75916,70022,5894
75917,70023,5894
75918,70024,5894
75919,70025,5894
75921,70027,5894
75923,70029,5894
75924,70030,5894
75925,70031,5894
75926,70032,5894
75927,70033,5894
75928,70034,5894
75929,70035,5894
75930,70036,5894
75931,70037,5894
75932,70038,5894
75933,70039,5894
75935,70040,5895
75936,70041,5895
75938,70043,5895
75939,70044,5895
75940,70045,5895
75941,70046,5895
75942,70047,5895
75944,70049,5895
75945,70050,5895
75946,70051,5895
75947,70052,5895
75949,70054,5895
75951,70056,5895
75952,70057,5895
75953,70058,5895
75954,70059,5895
75955,70060,5895
75957,70062,5895
75958,70063,5895
75960,70065,5895
75961,70066,5895
75962,70067,5895
75963,70068,5895
75964,70069,5895
75966,70071,5895
75968,70073,5895
75970,70075,5895
75971,70076,5895
75972,70077,5895
75973,70078,5895
75975,70080,5895
75977,70082,5895
75979,70084,5895
75980,70085,5895
75981,70086,5895
75983,70088,5895
75985,70090,5895
75986,70091,5895
75987,70092,5895
75988,70093,5895
75990,70095,5895
75991,70096,5895
75992,70097,5895
75994,70099,5895
75995,70100,5895
75996,70101,5895
75997,70102,5895
75998,70103,5895
76000,70105,5895
76001,70106,5895
76002,70107,5895
76003,70108,5895
76004,70109,5895
76005,70110,5895
76007,70112,5895
76008,70113,5895
76010,70115,5895
76012,70117,5895
76013,70118,5895
76014,70119,5895
76015,70120,5895
76017,70122,5895
76019,70124,5895
76020,70125,5895
76021,70126,5895
76022,70127,5895
76023,70128,5895
76024,70129,5895
76025,70130,5895
76026,70131,5895
76027,70132,5895
76029,70134,5895
76030,70135,5895
76032,70136,5896
76033,70137,5896
76035,70139,5896
76036,70140,5896
76037,70141,5896
76038,70142,5896
76039,70143,5896
76041,70145,5896
76042,70146,5896
76043,70147,5896
76044,70148,5896
76046,70150,5896
76048,70152,5896
76049,70153,5896
76050,70154,5896
76051,70155,5896
76052,70156,5896
76054,70158,5896
76055,70159,5896
76057,70161,5896
76058,70162,5896
76059,70163,5896
76061,70165,5896
76062,70166,5896
76064,70168,5896
76066,70170,5896
76068,70172,5896
76069,70173,5896
76071,70175,5896
76072,70176,5896
76074,70178,5896
76076,70180,5896
76078,70182,5896
76079,70183,5896
76080,70184,5896
76082,70186,5896
76084,70188,5896
76085,70189,5896
76086,70190,5896
76087,70191,5896
76089,70193,5896
76090,70194,5896
76092,70194,5898
76094,70196,5898
76095,70197,5898
76096,70198,5898
76097,70199,5898
76098,70200,5898
76100,70202,5898
76101,70203,5898
76102,70204,5898
76103,70205,5898
76104,70206,5898
76105,70207,5898
76107,70209,5898
76108,70210,5898
76110,70212,5898
76111,70213,5898
76113,70215,5898
76114,70216,5898
76115,70217,5898
76116,70218,5898
76117,70219,5898
76118,70219,5899
76120,70221,5899
76121,70222,5899
76122,70223,5899
76124,70225,5899
76126,70227,5899
76127,70228,5899
76128,70229,5899
76129,70230,5899
76130,70231,5899
76132,70233,5899
76134,70235,5899
76135,70236,5899
76137,70238,5899
76138,70239,5899
76139,70240,5899
76141,70242,5899
76142,70243,5899
76144,70245,5899
76145,70246,5899
76147,70248,5899
76149,70250,5899
76151,70252,5899
76152,70253,5899
76153,70254,5899
76155,70256,5899
76156,70256,5900
76157,70257,5900
76158,70258,5900
76159,70259,5900
76160,70260,5900
76161,70261,5900
76163,70263,5900
76165,70265,5900
76166,70266,5900
76167,70267,5900
76168,70268,5900
76170,70270,5900
76172,70272,5900
76174,70274,5900
76176,70276,5900
76177,70277,5900
76179,70279,5900
76180,70280,5900
76182,70282,5900
76183,70283,5900
76184,70284,5900
76185,70285,5900
76187,70287,5900
76189,70289,5900
76190,70290,5900
76191,70291,5900
76192,70292,5900
76193,70293,5900
76195,70295,5900
76197,70297,5900
76198,70298,5900
76200,70300,5900
76201,70301,5900
76202,70302,5900
76204,70304,5900
76206,70306,5900
76207,70307,5900
76208,70308,5900
76209,70309,5900
76210,70310,5900
76211,70311,5900
76212,70312,5900
76213,70313,5900
76214,70314,5900
76215,70315,5900
76216,70316,5900
76217,70317,5900
76218,70318,5900
76219,70319,5900
76221,70321,5900
76223,70323,5900
76224,70324,5900
76225,70325,5900
76227,70326,5901
76228,70327,5901
76229,70328,5901
76230,70329,5901
76231,70330,5901
76233,70332,5901
76234,70333,5901
76235,70334,5901
76237,70336,5901
76238,70337,5901
76239,70338,5901
76240,70339,5901
76241,70340,5901
76242,70341,5901
76244,70343,5901
76245,70344,5901
76246,70345,5901
76247,70346,5901
76248,70347,5901
76250,70349,5901
76251,70350,5901
76253,70352,5901
76254,70353,5901
76255,70354,5901
76256,70355,5901
76257,70356,5901
76259,70358,5901
76260,70359,5901
76261,70360,5901
76262,70361,5901
76263,70362,5901
76264,70363,5901
76266,70365,5901
76267,70366,5901
76268,70367,5901
76269,70368,5901
76271,70370,5901
76272,70371,5901
76273,70372,5901
76274,70373,5901
76275,70374,5901
76276,70375,5901
76277,70376,5901
76278,70377,5901
76279,70378,5901
76281,70380,5901
76282,70381,5901
76283,70382,5901
76284,70383,5901
76285,70384,5901
76286,70385,5901
76287,70386,5901
76289,70388,5901
76290,70389,5901
76291,70390,5901
76292,70391,5901
76294,70393,5901
76295,70394,5901
76297,70396,5901
76299,70398,5901
76300,70399,5901
76301,70400,5901
76302,70401,5901
76303,70402,5901
76305,70404,5901
76306,70405,5901
76307,70406,5901
76308,70407,5901
76310,70409,5901
76311,70410,5901
76312,70411,5901
76313,70412,5901
76314,70413,5901
76315,70414,5901
76316,70415,5901
76317,70416,5901
76318,70417,5901
76319,70418,5901
76320,70419,5901
76321,70420,5901
76323,70422,5901
76324,70423,5901
76326,70425,5901
76327,70426,5901
76328,70427,5901
76329,70428,5901
76330,70429,5901
76331,70430,5901
76332,70431,5901
76333,70432,5901
76334,70433,5901
76335,70434,5901
76336,70435,5901
76337,70436,5901
76339,70438,5901
76340,70439,5901
76342,70441,5901
76343,70442,5901
76344,70443,5901
76345,70444,5901
76346,70445,5901
76348,70447,5901
76349,70448,5901
76350,70449,5901
76352,70451,5901
76354,70453,5901
76356,70455,5901
76357,70456,5901
76358,70457,5901
76359,70458,5901
76361,70460,5901
76363,70462,5901
76364,70463,5901
76365,70464,5901
76366,70465,5901
76367,70466,5901
76369,70468,5901
76370,70469,5901
76371,70470,5901
76372,70471,5901
76373,70472,5901
76374,70473,5901
76376,70475,5901
76378,70477,5901
76379,70478,5901
76380,70479,5901
76381,70480,5901
76382,70481,5901
76383,70482,5901
76385,70484,5901
76387,70486,5901
76388,70487,5901
76389,70488,5901
76390,70489,5901
76391,70490,5901
76392,70491,5901
76393,70492,5901
76394,70493,5901
76395,70494,5901
76396,70495,5901
76397,70496,5901
76399,70498,5901
76400,70499,5901
76401,70500,5901
76402,70501,5901
76404,70503,5901
76405,70504,5901
76406,70505,5901
76408,70507,5901
76409,70508,5901
76410,70509,5901
76411,70510,5901
76412,70511,5901
76413,70512,5901
76414,70513,5901
76416,70515,5901
76417,70516,5901
76418,70517,5901
76419,70518,5901
76420,70519,5901
76422,70521,5901
76423,70522,5901
76424,70523,5901
76425,70524,5901
76426,70525,5901
76427,70526,5901
76429,70528,5901
76430,70529,5901
76431,70530,5901
76432,70531,5901
76434,70533,5901
76436,70535,5901
76437,70536,5901
76438,70537,5901
76439,70538,5901
76441,70540,5901
76442,70541,5901
76444,70543,5901
76445,70544,5901
76446,70545,5901
76447,70546,5901
76448,70547,5901
76449,70548,5901
76450,70549,5901
76451,70550,5901
76453,70552,5901
76454,70553,5901
76456,70555,5901
76457,70556,5901
76459,70558,5901
76461,70560,5901
76463,70562,5901
76464,70563,5901
76466,70565,5901
76467,70566,5901
76469,70568,5901
76471,70570,5901
76472,70571,5901
76473,70572,5901
76475,70574,5901
76476,70575,5901
76478,70577,5901
76479,70578,5901
76480,70579,5901
76481,70580,5901
76483,70582,5901
76484,70583,5901
76485,70584,5901
76487,70586,5901
76488,70587,5901
76490,70589,5901
76491,70590,5901
76492,70591,5901
76493,70592,5901
76494,70593,5901
76495,70594,5901
76497,70596,5901
76499,70598,5901
76500,70599,5901
76501,70600,5901
76502,70601,5901
76503,70602,5901
76505,70604,5901
76506,70605,5901
76507,70606,5901
76509,70608,5901
76510,70609,5901
76511,70610,5901
76512,70611,5901
76513,70612,5901
76514,70613,5901
76516,70614,5902
76517,70615,5902
76519,70617,5902
76521,70619,5902
76522,70620,5902
76523,70621,5902
76524,70622,5902
76526,70624,5902
76527,70625,5902
76529,70626,5903
76530,70627,5903
76531,70628,5903
76533,70630,5903
76534,70631,5903
76535,70632,5903
76536,70633,5903
76537,70634,5903
76539,70636,5903
76540,70637,5903
76541,70638,5903
76542,70639,5903
76544,70641,5903
76545,70642,5903
76546,70643,5903
76547,70643,5904
76548,70644,5904
76549,70645,5904
76551,70647,5904
76552,70648,5904
76553,70649,5904
76554,70650,5904
76555,70651,5904
76557,70653,5904
76558,70654,5904
76559,70655,5904
76561,70657,5904
76562,70658,5904
76563,70658,5905
76564,70659,5905
76565,70660,5905
76567,70662,5905
76568,70663,5905
76570,70665,5905
76571,70666,5905
76573,70668,5905
76574,70669,5905
76575,70670,5905
76577,70672,5905
76578,70673,5905
76579,70674,5905
76580,70675,5905
76582,70677,5905
76583,70678,5905
76584,70679,5905
76585,70680,5905
76587,70682,5905
76588,70683,5905
76589,70684,5905
76590,70685,5905
76592,70687,5905
76593,70688,5905
76594,70689,5905
76595,70690,5905
76597,70692,5905
76599,70694,5905
76600,70695,5905
76602,70697,5905
76603,70698,5905
76604,70699,5905
76605,70700,5905
76606,70701,5905
76608,70703,5905
76609,70704,5905
76610,70705,5905
76611,70706,5905
76612,70707,5905
76613,70708,5905
76614,70709,5905
76616,70711,5905
76617,70712,5905
76618,70713,5905
76619,70714,5905
76620,70715,5905
76622,70717,5905
76624,70719,5905
76625,70720,5905
76627,70722,5905
76628,70723,5905
76630,70725,5905
76632,70727,5905
76633,70728,5905
76634,70729,5905
76635,70730,5905
76636,70731,5905
76638,70733,5905
76639,70734,5905
76641,70736,5905
76642,70737,5905
76643,70738,5905
76645,70740,5905
76646,70741,5905
76648,70743,5905
76649,70744,5905
76651,70746,5905
76652,70747,5905
76654,70749,5905
76655,70750,5905
76657,70752,5905
76658,70753,5905
76659,70754,5905
76660,70755,5905
76661,70756,5905
76663,70758,5905
76664,70758,5906
76665,70759,5906
76667,70761,5906
76668,70762,5906
76670,70764,5906
76672,70766,5906
76674,70768,5906
76675,70769,5906
76677,70771,5906
76678,70772,5906
76680,70774,5906
76681,70775,5906
76682,70776,5906
76684,70778,5906
76685,70779,5906
76686,70780,5906
76687,70781,5906
76688,70782,5906
76690,70784,5906
76691,70785,5906
76692,70786,5906
76693,70787,5906
76694,70788,5906
76695,70789,5906
76696,70790,5906
76697,70791,5906
76698,70792,5906
76700,70794,5906
76701,70795,5906
76702,70796,5906
76703,70797,5906
76704,70798,5906
76705,70799,5906
76706,70800,5906
76707,70801,5906
76708,70802,5906
76710,70804,5906
76711,70805,5906
76712,70806,5906
76713,70807,5906
76714,70808,5906
76715,70809,5906
76716,70810,5906
76717,70811,5906
76718,70812,5906
76720,70814,5906
76721,70815,5906
76722,70816,5906
76723,70817,5906
76724,70818,5906
76725,70819,5906
76726,70820,5906
76727,70821,5906
76728,70822,5906
76730,70824,5906
76731,70825,5906
76732,70826,5906
76733,70827,5906
76734,70828,5906
76735,70829,5906
76736,70830,5906
76737,70831,5906
76738,70832,5906
76740,70834,5906
76741,70835,5906
76742,70836,5906
76743,70837,5906
76744,70838,5906
76745,70839,5906
76746,70840,5906
76747,70841,5906
76748,70842,5906
76750,70844,5906
76751,70845,5906
76753,70846,5907
76754,70847,5907
76755,70848,5907
76756,70849,5907
76757,70850,5907
76758,70851,5907
76759,70852,5907
76761,70854,5907
76762,70855,5907
76763,70856,5907
76764,70857,5907
76765,70858,5907
76766,70859,5907
76767,70860,5907
76768,70861,5907
76769,70862,5907
76771,70864,5907
76772,70865,5907
76773,70866,5907
76774,70867,5907
76775,70868,5907
76776,70869,5907
76777,70870,5907
76778,70871,5907
76779,70872,5907
76781,70874,5907
76782,70875,5907
76783,70876,5907
76784,70877,5907
76785,70878,5907
76786,70879,5907
76787,70880,5907
76788,70881,5907
76789,70882,5907
76791,70884,5907
76792,70885,5907
76793,70886,5907
76794,70887,5907
76795,70888,5907
76796,70889,5907
76797,70890,5907
76798,70891,5907
76799,70892,5907
76801,70894,5907
76802,70895,5907
76803,70896,5907
76804,70897,5907
76805,70898,5907
76806,70899,5907
76807,70900,5907
76808,70901,5907
76809,70902,5907
76811,70904,5907
76812,70905,5907
76813,70906,5907
76814,70907,5907
76815,70908,5907
76816,70909,5907
76817,70910,5907
76818,70911,5907
76819,70912,5907
76821,70914,5907
76822,70915,5907
76823,70916,5907
76824,70917,5907
76825,70918,5907
76826,70919,5907
76827,70920,5907
76828,70921,5907
76829,70922,5907
76831,70924,5907
76832,70925,5907
76833,70926,5907
76834,70927,5907
76835,70928,5907
76836,70929,5907
76837,70930,5907
76838,70931,5907
76839,70932,5907
76841,70934,5907
76842,70935,5907
76843,70936,5907
76844,70937,5907
76845,70938,5907
76846,70939,5907
76847,70940,5907
76848,70941,5907
76849,70942,5907
76851,70944,5907
76852,70945,5907
76853,70946,5907
76854,70947,5907
76855,70948,5907
76856,70949,5907
76857,70950,5907
76858,70951,5907
76859,70952,5907
76861,70954,5907
76862,70955,5907
76863,70956,5907
76864,70957,5907
76865,70958,5907
76866,70959,5907
76867,70960,5907
76868,70961,5907
76869,70962,5907
76871,70964,5907
76872,70965,5907
76873,70966,5907
76874,70967,5907
76875,70968,5907
76876,70969,5907
76877,70970,5907
76878,70971,5907
76879,70972,5907
76881,70974,5907
76882,70975,5907
76883,70976,5907
76884,70977,5907
76885,70978,5907
76886,70979,5907
76888,70981,5907
76890,70983,5907
76891,70984,5907
76892,70985,5907
76894,70987,5907
76896,70989,5907
76897,70990,5907
76898,70991,5907
76900,70993,5907
76901,70994,5907
76902,70995,5907
76903,70996,5907
76905,70998,5907
76906,70999,5907
76907,71000,5907
76908,71001,5907
76910,71003,5907
76912,71005,5907
76913,71006,5907
76914,71007,5907
76916,71009,5907
76918,71011,5907
76919,71012,5907
76920,71013,5907
76922,71015,5907
76924,71017,5907
76925,71018,5907
76927,71020,5907
76929,71022,5907
76930,71023,5907
76932,71025,5907
76934,71027,5907
76936,71029,5907
76937,71030,5907
76938,71031,5907
76940,71033,5907
76942,71035,5907
76943,71036,5907
76945,71038,5907
76947,71040,5907
76948,71041,5907
76949,71042,5907
76951,71044,5907
76952,71045,5907
76954,71047,5907
76955,71048,5907
76956,71049,5907
76958,71051,5907
76960,71053,5907
76961,71054,5907
76963,71056,5907
76964,71057,5907
76966,71059,5907
76967,71060,5907
76969,71062,5907
76971,71064,5907
76973,71066,5907
76974,71067,5907
76976,71069,5907
76977,71070,5907
76979,71072,5907
76980,71073,5907
76982,71075,5907
76983,71076,5907
76984,71077,5907
76985,71078,5907
76986,71079,5907
76987,71080,5907
76988,71081,5907
76989,71082,5907
76990,71083,5907
76991,71084,5907
76992,71085,5907
76993,71086,5907
76994,71087,5907
76995,71088,5907
76996,71089,5907
76998,71091,5907
76999,71092,5907
77000,71093,5907
77001,71094,5907
77003,71096,5907
77004,71097,5907
77005,71098,5907
77007,71100,5907
77009,71102,5907
77010,71103,5907
77012,71105,5907
77014,71107,5907
77016,71109,5907
77017,71110,5907
77018,71111,5907
77019,71112,5907
77020,71113,5907
77021,71114,5907
77023,71116,5907
77024,71117,5907
77026,71119,5907
77028,71121,5907
77030,71123,5907
77031,71124,5907
77033,71126,5907
77034,71127,5907
77036,71129,5907
77037,71130,5907
77038,71131,5907
77039,71132,5907
77041,71134,5907
77043,71136,5907
77044,71137,5907
77045,71138,5907
77046,71139,5907
77048,71141,5907
77050,71143,5907
77051,71144,5907
77053,71146,5907
77054,71147,5907
77055,71148,5907
77056,71149,5907
77058,71151,5907
77059,71152,5907
77060,71153,5907
77061,71154,5907
77062,71155,5907
77064,71157,5907
77065,71158,5907
77066,71159,5907
77067,71160,5907
77069,71162,5907
77070,71163,5907
77071,71164,5907
77072,71165,5907
77073,71166,5907
77075,71168,5907
77077,71170,5907
77078,71171,5907
77080,71173,5907
77081,71174,5907
77082,71175,5907
77083,71176,5907
77084,71177,5907
77086,71179,5907
77088,71181,5907
77089,71182,5907
77090,71183,5907
77091,71184,5907
77092,71185,5907
77094,71187,5907
77096,71189,5907
77097,71190,5907
77098,71191,5907
77099,71192,5907
77101,71194,5907
77103,71196,5907
77104,71197,5907
77105,71198,5907
77106,71199,5907
77108,71201,5907
77109,71202,5907
77111,71204,5907
77113,71206,5907
77115,71208,5907
77116,71209,5907
77117,71210,5907
77118,71211,5907
77120,71213,5907
77121,71214,5907
77122,71215,5907
77123,71216,5907
77124,71217,5907
77125,71218,5907
77127,71220,5907
77128,71221,5907
77130,71223,5907
77132,71225,5907
77133,71226,5907
77134,71227,5907
77135,71228,5907
77137,71230,5907
77139,71232,5907
77140,71233,5907
77141,71234,5907
77142,71235,5907
77143,71236,5907
77144,71237,5907
77145,71238,5907
77146,71239,5907
77147,71240,5907
77148,71241,5907
77149,71242,5907
77151,71244,5907
77152,71245,5907
77154,71247,5907
77155,71248,5907
77156,71249,5907
77157,71250,5907
77158,71251,5907
77160,71253,5907
77161,71254,5907
77162,71255,5907
77163,71256,5907
77165,71258,5907
77167,71260,5907
77168,71261,5907
77169,71262,5907
77170,71263,5907
77171,71264,5907
77173,71266,5907
77174,71267,5907
77176,71269,5907
77177,71270,5907
77178,71271,5907
77179,71272,5907
77180,71273,5907
77182,71275,5907
77184,71277,5907
77186,71279,5907
77187,71280,5907
77188,71281,5907
77189,71282,5907
77191,71284,5907
77193,71286,5907
77195,71288,5907
77196,71289,5907
77197,71290,5907
77199,71292,5907
77201,71294,5907
77202,71295,5907
77203,71296,5907
77204,71297,5907
77206,71299,5907
77207,71300,5907
77208,71301,5907
77210,71303,5907
77211,71304,5907
77212,71305,5907
77213,71306,5907
77214,71307,5907
77216,71309,5907
77217,71310,5907
77218,71311,5907
77219,71312,5907
77220,71313,5907
77221,71314,5907
77223,71316,5907
77224,71317,5907
77226,71319,5907
77228,71321,5907
77229,71322,5907
77230,71323,5907
77231,71324,5907
77233,71326,5907
77235,71328,5907
77236,71329,5907
77237,71330,5907
77238,71331,5907
77239,71332,5907
77240,71333,5907
77241,71334,5907
77242,71335,5907
77243,71336,5907
77245,71338,5907
77246,71339,5907
77248,71341,5907
77249,71342,5907
77251,71344,5907
77252,71345,5907
77253,71346,5907
77254,71347,5907
77255,71348,5907
77257,71350,5907
77258,71351,5907
77259,71352,5907
77260,71353,5907
77262,71355,5907
77264,71357,5907
77265,71358,5907
77266,71359,5907
77267,71360,5907
77268,71361,5907
77270,71363,5907
77271,71364,5907
77273,71366,5907
77274,71367,5907
77275,71368,5907
77277,71370,5907
77278,71371,5907
77280,71373,5907
77282,71375,5907
77284,71377,5907
77285,71378,5907
77287,71380,5907
77288,71381,5907
77290,71383,5907
77292,71385,5907
77294,71387,5907
77295,71388,5907
77296,71389,5907
77298,71391,5907
77300,71393,5907
77301,71394,5907
77302,71395,5907
77303,71396,5907
77305,71398,5907
77306,71399,5907
77307,71399,5908
77309,71401,5908
77310,71402,5908
77311,71403,5908
77312,71404,5908
77313,71405,5908
77315,71407,5908
77316,71408,5908
77317,71409,5908
77318,71410,5908
77319,71411,5908
77320,71412,5908
77322,71414,5908
77323,71415,5908
77325,71417,5908
77326,71418,5908
77328,71420,5908
77329,71421,5908
77330,71422,5908
77331,71423,5908
77332,71424,5908
77334,71424,5910
77336,71426,5910
77337,71427,5910
77338,71428,5910
77340,71430,5910
77342,71432,5910
77343,71433,5910
77344,71434,5910
77345,71435,5910
77346,71436,5910
77348,71438,5910
77350,71440,5910
77351,71441,5910
77353,71443,5910
77354,71444,5910
77355,71445,5910
77357,71447,5910
77358,71448,5910
77360,71450,5910
77361,71451,5910
77363,71453,5910
77365,71455,5910
77367,71457,5910
77368,71458,5910
77369,71459,5910
77371,71461,5910
77372,71461,5911
77373,71462,5911
77374,71463,5911
77375,71464,5911
77376,71465,5911
77377,71466,5911
77378,71467,5911
77379,71468,5911
77381,71470,5911
77383,71471,5912
77384,71472,5912
77385,71473,5912
77386,71474,5912
77387,71475,5912
77388,71476,5912
77389,71477,5912
77390,71478,5912
77392,71480,5912
77393,71481,5912
77394,71482,5912
77395,71483,5912
77396,71484,5912
77397,71485,5912
77398,71486,5912
77400,71488,5912
77402,71490,5912
77403,71491,5912
77404,71492,5912
77405,71493,5912
77407,71495,5912
77409,71497,5912
77411,71499,5912
77413,71501,5912
77414,71502,5912
77416,71504,5912
77417,71505,5912
77419,71507,5912
77420,71508,5912
77421,71509,5912
77422,71510,5912
77424,71512,5912
77426,71514,5912
77427,71515,5912
77428,71516,5912
77429,71517,5912
77430,71518,5912
77432,71520,5912
77434,71522,5912
77435,71523,5912
77437,71525,5912
77438,71526,5912
77439,71527,5912
77441,71529,5912
77443,71531,5912
77444,71532,5912
77445,71533,5912
77446,71534,5912
77447,71535,5912
77448,71536,5912
77449,71537,5912
77450,71538,5912
77451,71539,5912
77452,71540,5912
77453,71541,5912
77454,71542,5912
77455,71543,5912
77456,71544,5912
77458,71546,5912
77460,71548,5912
77461,71549,5912
77462,71550,5912
77463,71550,5913
77464,71551,5913
77465,71552,5913
77466,71553,5913
77468,71555,5913
77470,71557,5913
77471,71558,5913
77472,71559,5913
77474,71561,5913
77475,71562,5913
77476,71563,5913
77477,71564,5913
77478,71565,5913
77479,71566,5913
77481,71568,5913
77482,71569,5913
77483,71570,5913
77484,71571,5913
77485,71572,5913
77487,71574,5913
77488,71575,5913
77490,71577,5913
77491,71578,5913
77492,71579,5913
77493,71580,5913
77494,71581,5913
77496,71583,5913
77497,71584,5913
77498,71585,5913
77499,71586,5913
77500,71587,5913
77501,71588,5913
77503,71590,5913
77504,71591,5913
77505,71592,5913
77506,71593,5913
77508,71595,5913
77509,71596,5913
77510,71597,5913
77511,71598,5913
77512,71599,5913
77513,71600,5913
77514,71601,5913
77515,71602,5913
77516,71603,5913
77518,71605,5913
77519,71606,5913
77520,71607,5913
77521,71608,5913
77522,71609,5913
77523,71610,5913
77524,71611,5913
77526,71613,5913
77527,71614,5913
77528,71615,5913
77529,71616,5913
77531,71618,5913
77532,71619,5913
77534,71621,5913
77536,71623,5913
77537,71624,5913
77538,71625,5913
77539,71626,5913
77540,71627,5913
77542,71629,5913
77543,71630,5913
77544,71631,5913
77545,71632,5913
77547,71634,5913
77548,71635,5913
77549,71636,5913
77550,71637,5913
77551,71638,5913
77552,71639,5913
77553,71640,5913
77554,71641,5913
77555,71642,5913
77556,71643,5913
77557,71644,5913
77558,71645,5913
77560,71647,5913
77561,71648,5913
77563,71650,5913
77564,71651,5913
77565,71652,5913
77566,71653,5913
77567,71654,5913
77568,71655,5913
77569,71656,5913
77570,71657,5913
77571,71658,5913
77572,71659,5913
77573,71660,5913
77574,71661,5913
77576,71663,5913
77577,71664,5913
77579,71666,5913
77580,71667,5913
77581,71668,5913
77582,71669,5913
77583,71670,5913
77585,71672,5913
77586,71673,5913
77587,71674,5913
77589,71676,5913
77591,71678,5913
77593,71680,5913
77594,71681,5913
77595,71682,5913
77596,71683,5913
77598,71685,5913
77600,71687,5913
77601,71688,5913
77602,71689,5913
77603,71690,5913
77604,71691,5913
77606,71693,5913
77607,71694,5913
77608,71695,5913
77609,71696,5913
77610,71697,5913
77611,71698,5913
77613,71700,5913
77615,71702,5913
77616,71703,5913
77617,71704,5913
77618,71705,5913
77619,71706,5913
77620,71707,5913
77622,71709,5913
77624,71711,5913
77625,71712,5913
77626,71713,5913
77627,71714,5913
77628,71715,5913
77629,71716,5913
77630,71717,5913
77631,71718,5913
77632,71719,5913
77633,71720,5913
77634,71721,5913
77636,71723,5913
77637,71724,5913
77638,71725,5913
77639,71726,5913
77641,71728,5913
77642,71729,5913
77643,71730,5913
77645,71732,5913
77646,71733,5913
77647,71734,5913
77648,71735,5913
77649,71736,5913
77650,71737,5913
77651,71738,5913
77653,71740,5913
77654,71741,5913
77655,71742,5913
77656,71743,5913
77657,71744,5913
77659,71746,5913
77660,71747,5913
77661,71748,5913
77662,71749,5913
77663,71750,5913
77664,71751,5913
77666,71753,5913
77667,71754,5913
77668,71755,5913
77669,71756,5913
77671,71758,5913
77673,71760,5913
77674,71761,5913
77675,71762,5913
77676,71763,5913
77678,71765,5913
77679,71766,5913
77681,71768,5913
77682,71769,5913
77683,71770,5913
77684,71771,5913
77685,71772,5913
77686,71773,5913
77687,71774,5913
77688,71775,5913
77690,71777,5913
77691,71778,5913
77693,71780,5913
77694,71781,5913
77696,71783,5913
77698,71785,5913
77700,71787,5913
77701,71788,5913
77703,71790,5913
77704,71791,5913
77706,71793,5913
77708,71795,5913
77709,71796,5913
77710,71797,5913
77712,71799,5913
77713,71800,5913
77715,71802,5913
77716,71803,5913
77717,71804,5913
77718,71805,5913
77720,71807,5913
77721,71808,5913
77722,71809,5913
77724,71811,5913
77725,71812,5913
77727,71814,5913
77728,71815,5913
77729,71816,5913
77730,71817,5913
77731,71818,5913
77732,71819,5913
77734,71821,5913
77735,71822,5913
77736,71823,5913
77737,71824,5913
77738,71825,5913
77739,71826,5913
77741,71828,5913
77742,71829,5913
77743,71830,5913
77745,71832,5913
77746,71833,5913
77747,71834,5913
77748,71835,5913
77749,71836,5913
77750,71837,5913
77751,71838,5913
77752,71839,5913
77753,71840,5913
77755,71842,5913
77756,71843,5913
77757,71844,5913
77758,71845,5913
77760,71847,5913
77761,71848,5913
77762,71848,5914
77763,71849,5914
77764,71850,5914
77766,71852,5914
77767,71853,5914
77768,71854,5914
77769,71855,5914
77770,71856,5914
77772,71858,5914
77773,71859,5914
77775,71861,5914
77776,71862,5914
77778,71864,5914
77779,71865,5914
77780,71866,5914
77781,71866,5915
77782,71867,5915
77783,71868,5915
77785,71870,5915
77786,71871,5915
77787,71872,5915
77788,71873,5915
77789,71874,5915
77791,71876,5915
77792,71877,5915
77793,71878,5915
77795,71880,5915
77796,71881,5915
77797,71881,5916
77798,71882,5916
77799,71883,5916
77801,71885,5916
77802,71886,5916
77804,71888,5916
77805,71889,5916
77807,71891,5916
77808,71892,5916
77809,71893,5916
77811,71895,5916
77812,71896,5916
77813,71897,5916
77814,71898,5916
77816,71900,5916
77817,71901,5916
77818,71902,5916
77819,71903,5916
77821,71905,5916
77822,71906,5916
77823,71907,5916
77824,71908,5916
77826,71910,5916
77827,71911,5916
77828,71912,5916
77829,71913,5916
77831,71915,5916
77833,71917,5916
77834,71918,5916
77836,71920,5916
77837,71921,5916
77838,71922,5916
77839,71923,5916
77840,71924,5916
77842,71926,5916
77843,71927,5916
77844,71928,5916
77845,71929,5916
77846,71930,5916
77847,71931,5916
77848,71932,5916
77850,71934,5916
77851,71935,5916
77852,71936,5916
77853,71937,5916
77854,71938,5916
77856,71940,5916
77858,71942,5916
77859,71943,5916
77861,71945,5916
77862,71946,5916
77864,71948,5916
77866,71950,5916
77867,71951,5916
77868,71952,5916
77869,71953,5916
77870,71954,5916
77872,71956,5916
77873,71957,5916
77875,71959,5916
77876,71960,5916
77877,71961,5916
77879,71963,5916
77880,71964,5916
77882,71966,5916
77883,71967,5916
77885,71969,5916
77886,71970,5916
77888,71972,5916
77889,71973,5916
77891,71975,5916
77892,71976,5916
77893,71977,5916
77894,71978,5916
77895,71979,5916
77897,71981,5916
77899,71981,5918
77900,71982,5918
77902,71984,5918
77903,71985,5918
77905,71987,5918
77907,71989,5918
77909,71991,5918
77910,71992,5918
77912,71994,5918
77913,71995,5918
77915,71997,5918
77916,71998,5918
77917,71999,5918
77919,72001,5918
77920,72002,5918
77921,72003,5918
77922,72004,5918
77923,72005,5918
77925,72007,5918
77926,72008,5918
77927,72009,5918
77928,72010,5918
77929,72011,5918
77930,72012,5918
77931,72013,5918
77932,72014,5918
77933,72015,5918
77935,72017,5918
77936,72018,5918
77937,72019,5918
77938,72020,5918
77939,72021,5918
77940,72022,5918
77941,72023,5918
77942,72024,5918
77943,72025,5918
77945,72027,5918
77946,72028,5918
77947,72029,5918
77948,72030,5918
77949,72031,5918
77950,72032,5918
77951,72033,5918
77952,72034,5918
77953,72035,5918
77955,72037,5918
77956,72038,5918
77957,72039,5918
77958,72040,5918
77959,72041,5918
77960,72042,5918
77961,72043,5918
77962,72044,5918
77963,72045,5918
77965,72047,5918
77966,72048,5918
77967,72049,5918
77968,72050,5918
77969,72051,5918
77970,72052,5918
77971,72053,5918
77972,72054,5918
77973,72055,5918
77975,72057,5918
77976,72058,5918
77977,72059,5918
77978,72060,5918
77979,72061,5918
77980,72062,5918
77981,72063,5918
77982,72064,5918
77983,72065,5918
77985,72067,5918
77986,72068,5918
77987,72069,5918
77988,72070,5918
77989,72071,5918
77990,72072,5918
77991,72073,5918
77992,72074,5918
77993,72075,5918
77995,72077,5918
77996,72078,5918
77997,72079,5918
77998,72080,5918
77999,72081,5918
78000,72082,5918
78001,72083,5918
78002,72084,5918
78003,72085,5918
78005,72087,5918
78006,72088,5918
78007,72089,5918
78008,72090,5918
78009,72091,5918
78010,72092,5918
78012,72094,5918
78014,72096,5918
78015,72097,5918
78016,72098,5918
78018,72100,5918
78020,72102,5918
78021,72103,5918
78022,72104,5918
78024,72106,5918
78025,72107,5918
78026,72108,5918
78027,72109,5918
78029,72111,5918
78030,72112,5918
78031,72113,5918
78032,72114,5918
78034,72116,5918
78036,72118,5918
78037,72119,5918
78038,72120,5918
78040,72122,5918
78042,72124,5918
78043,72125,5918
78044,72126,5918
78046,72128,5918
78048,72130,5918
78049,72131,5918
78051,72133,5918
78053,72135,5918
78054,72136,5918
78056,72138,5918
78058,72140,5918
78060,72142,5918
78061,72143,5918
78062,72144,5918
78064,72146,5918
78066,72148,5918
78067,72149,5918
78069,72151,5918
78071,72153,5918
78072,72154,5918
78073,72155,5918
78075,72157,5918
78076,72158,5918
78078,72160,5918
78079,72161,5918
78080,72162,5918
78082,72164,5918
78084,72166,5918
78085,72167,5918
78087,72169,5918
78088,72170,5918
78090,72172,5918
78091,72173,5918
78093,72175,5918
78095,72177,5918
78097,72179,5918
78098,72180,5918
78100,72182,5918
78101,72183,5918
78103,72185,5918
78104,72186,5918
78106,72188,5918
78107,72189,5918
78108,72190,5918
78109,72191,5918
78110,72192,5918
78111,72193,5918
78112,72194,5918
78113,72195,5918
78114,72196,5918
78115,72197,5918
78116,72198,5918
78117,72199,5918
78118,72200,5918
78119,72201,5918
78120,72202,5918
78122,72204,5918
78123,72205,5918
78124,72206,5918
78125,72207,5918
78127,72209,5918
78128,72210,5918
78129,72211,5918
78131,72213,5918
78133,72215,5918
78134,72216,5918
78136,72218,5918
78138,72220,5918
78140,72222,5918
78141,72223,5918
78142,72224,5918
78143,72225,5918
78144,72226,5918
78145,72227,5918
78147,72229,5918
78148,72230,5918
78150,72232,5918
78152,72234,5918
78154,72236,5918
78155,72237,5918
78157,72239,5918
78158,72240,5918
78160,72242,5918
78161,72243,5918
78162,72244,5918
78163,72245,5918
78165,72247,5918
78167,72249,5918
78168,72250,5918
78169,72251,5918
78170,72252,5918
78172,72254,5918
78174,72256,5918
78175,72257,5918
78177,72259,5918
78178,72260,5918
78179,72261,5918
78180,72262,5918
78182,72264,5918
78183,72265,5918
78184,72266,5918
78185,72267,5918
78186,72268,5918
78188,72270,5918
78189,72271,5918
78190,72272,5918
78191,72273,5918
78193,72275,5918
78194,72276,5918
78195,72277,5918
78196,72278,5918
78197,72279,5918
78199,72281,5918
78201,72283,5918
78202,72284,5918
78204,72286,5918
78205,72287,5918
78206,72288,5918
78207,72289,5918
78208,72290,5918
78210,72292,5918
78212,72294,5918
78213,72295,5918
78214,72296,5918
78215,72297,5918
78216,72298,5918
78218,72300,5918
78220,72302,5918
78221,72303,5918
78222,72304,5918
78223,72305,5918
78225,72307,5918
78227,72309,5918
78228,72310,5918
78229,72311,5918
78230,72312,5918
78232,72314,5918
78233,72315,5918
78235,72317,5918
78237,72319,5918
78239,72321,5918
78240,72322,5918
78241,72323,5918
78242,72324,5918
78244,72326,5918
78245,72327,5918
78246,72328,5918
78247,72329,5918
78248,72330,5918
78249,72331,5918
78251,72333,5918
78252,72334,5918
78254,72336,5918
78256,72338,5918
78257,72339,5918
78258,72340,5918
78259,72341,5918
78261,72343,5918
78263,72345,5918
78264,72346,5918
78265,72347,5918
78266,72348,5918
78267,72349,5918
78268,72350,5918
78269,72351,5918
78270,72352,5918
78271,72353,5918
78272,72354,5918
78273,72355,5918
78275,72357,5918
78276,72358,5918
78278,72360,5918
78279,72361,5918
78280,72362,5918
78281,72363,5918
78282,72364,5918
78284,72366,5918
78285,72367,5918
78286,72368,5918
78287,72369,5918
78289,72371,5918
78291,72373,5918
78292,72374,5918
78293,72375,5918
78294,72376,5918
78295,72377,5918
78297,72379,5918
78298,72380,5918
78300,72382,5918
78301,72383,5918
78302,72384,5918
78303,72385,5918
78304,72386,5918
78306,72388,5918
78308,72390,5918
78310,72392,5918
78311,72393,5918
78312,72394,5918
78313,72395,5918
78315,72397,5918
78317,72399,5918
78319,72401,5918
78320,72402,5918
78321,72403,5918
78323,72405,5918
78325,72407,5918
78326,72408,5918
78327,72409,5918
78328,72410,5918
78330,72412,5918
78331,72413,5918
78332,72414,5918
78334,72416,5918
78335,72417,5918
78336,72418,5918
78337,72419,5918
78338,72420,5918
78340,72422,5918
78341,72423,5918
78342,72424,5918
78343,72425,5918
78344,72426,5918
78345,72427,5918
78347,72429,5918
78348,72430,5918
78350,72432,5918
78352,72434,5918
78353,72435,5918
78354,72436,5918
78355,72437,5918
78357,72439,5918
78359,72441,5918
78360,72442,5918
78361,72443,5918
78362,72444,5918
78363,72445,5918
78364,72446,5918
78365,72447,5918
78366,72448,5918
78367,72449,5918
78369,72451,5918
78370,72452,5918
78372,72454,5918
78373,72455,5918
78375,72457,5918
78376,72458,5918
78377,72459,5918
78378,72460,5918
78379,72461,5918
78381,72463,5918
78382,72464,5918
78383,72465,5918
78384,72466,5918
78386,72468,5918
78388,72470,5918
78389,72471,5918
78390,72472,5918
78391,72473,5918
78392,72474,5918
78394,72476,5918
78395,72477,5918
78397,72479,5918
78398,72480,5918
78399,72481,5918
78401,72483,5918
78402,72484,5918
78404,72486,5918
78406,72488,5918
78408,72490,5918
78409,72491,5918
78411,72493,5918
78412,72494,5918
78414,72496,5918
78416,72498,5918
78418,72500,5918
78419,72501,5918
78420,72502,5918
78422,72504,5918
78424,72506,5918
78425,72507,5918
78426,72508,5918
78427,72509,5918
78429,72511,5918
78430,72512,5918
78432,72512,5920
78434,72514,5920
78435,72515,5920
78436,72516,5920
78437,72517,5920
78438,72518,5920
78440,72520,5920
78441,72521,5920
78442,72522,5920
78443,72523,5920
78444,72524,5920
78445,72525,5920
78447,72527,5920
78448,72528,5920
78450,72530,5920
78451,72531,5920
78453,72533,5920
78454,72534,5920
78455,72535,5920
78456,72536,5920
78457,72537,5920
78459,72537,5922
78461,72539,5922
78462,72540,5922
78463,72541,5922
78465,72543,5922
78467,72545,5922
78468,72546,5922
78469,72547,5922
78470,72548,5922
78471,72549,5922
78473,72551,5922
78475,72553,5922
78476,72554,5922
78478,72556,5922
78479,72557,5922
78480,72558,5922
78482,72560,5922
78483,72561,5922
78485,72563,5922
78486,72564,5922
78488,72566,5922
78490,72568,5922
78492,72570,5922
78493,72571,5922
78494,72572,5922
78496,72574,5922
78498,72574,5924
78499,72575,5924
78500,72576,5924
78501,72577,5924
78502,72578,5924
78503,72579,5924
78505,72581,5924
78507,72583,5924
78508,72584,5924
78509,72585,5924
78510,72586,5924
78512,72588,5924
78514,72590,5924
78516,72592,5924
78518,72594,5924
78519,72595,5924
78521,72597,5924
78522,72598,5924
78524,72600,5924
78525,72601,5924
78526,72602,5924
78527,72603,5924
78529,72605,5924
78531,72607,5924
78532,72608,5924
78533,72609,5924
78534,72610,5924
78535,72611,5924
78537,72613,5924
78539,72615,5924
78540,72616,5924
78542,72618,5924
78543,72619,5924
78544,72620,5924
78546,72622,5924
78548,72624,5924
78549,72625,5924
78550,72626,5924
78551,72627,5924
78552,72628,5924
78553,72629,5924
78554,72630,5924
78555,72631,5924
78556,72632,5924
78557,72633,5924
78558,72634,5924
78559,72635,5924
78560,72636,5924
78561,72637,5924
78563,72639,5924
78565,72641,5924
78566,72642,5924
78567,72643,5924
78569,72644,5925
78570,72645,5925
78571,72646,5925
78572,72647,5925
78573,72648,5925
78575,72650,5925
78576,72651,5925
78577,72652,5925
78579,72654,5925
78580,72655,5925
78581,72656,5925
78582,72657,5925
78583,72658,5925
78584,72659,5925
78586,72661,5925
78587,72662,5925
78588,72663,5925
78589,72664,5925
78590,72665,5925
78592,72667,5925
78593,72668,5925
78595,72670,5925
78596,72671,5925
78597,72672,5925
78598,72673,5925
78599,72674,5925
78601,72676,5925
78602,72677,5925
78603,72678,5925
78604,72679,5925
78605,72680,5925
78606,72681,5925
78608,72683,5925
78609,72684,5925
78610,72685,5925
78611,72686,5925
78613,72688,5925
78614,72689,5925
78615,72690,5925
78616,72691,5925
78617,72692,5925
78618,72693,5925
78619,72694,5925
78620,72695,5925
78621,72696,5925
78623,72698,5925
78624,72699,5925
78625,72700,5925
78626,72701,5925
78627,72702,5925
78628,72703,5925
78629,72704,5925
78631,72706,5925
78632,72707,5925
78633,72708,5925
78634,72709,5925
78636,72711,5925
78637,72712,5925
78639,72714,5925
78641,72716,5925
78642,72717,5925
78643,72718,5925
78644,72719,5925
78645,72720,5925
78647,72722,5925
78648,72723,5925
78649,72724,5925
78650,72725,5925
78652,72727,5925
78653,72728,5925
78654,72729,5925
78655,72730,5925
78656,72731,5925
78657,72732,5925
78658,72733,5925
78659,72734,5925
78660,72735,5925
78661,72736,5925
78662,72737,5925
78663,72738,5925
78665,72740,5925
78666,72741,5925
78668,72743,5925
78669,72744,5925
78670,72745,5925
78671,72746,5925
78672,72747,5925
78673,72748,5925
78674,72749,5925
78675,72750,5925
78676,72751,5925
78677,72752,5925
78678,72753,5925
78679,72754,5925
78681,72756,5925
78682,72757,5925
78684,72759,5925
78685,72760,5925
78686,72761,5925
78687,72762,5925
78688,72763,5925
78690,72765,5925
78691,72766,5925
78692,72767,5925
78694,72769,5925
78696,72771,5925
78698,72773,5925
78699,72774,5925
78700,72775,5925
78701,72776,5925
78703,72778,5925
78705,72780,5925
78706,72781,5925
78707,72782,5925
78708,72783,5925
78709,72784,5925
78711,72786,5925
78712,72787,5925
78713,72788,5925
78714,72789,5925
78715,72790,5925
78716,72791,5925
78718,72793,5925
78720,72795,5925
78721,72796,5925
78722,72797,5925
78723,72798,5925
78724,72799,5925
78725,72800,5925
78727,72802,5925
78729,72804,5925
78730,72805,5925
78731,72806,5925
78732,72807,5925
78733,72808,5925
78734,72809,5925
78735,72810,5925
78736,72811,5925
78737,72812,5925
78738,72813,5925
78739,72814,5925
78741,72816,5925
78742,72817,5925
78743,72818,5925
78744,72819,5925
78746,72821,5925
78747,72822,5925
78748,72823,5925
78750,72825,5925
78751,72826,5925
78752,72827,5925
78753,72828,5925
78754,72829,5925
78755,72830,5925
78756,72831,5925
78758,72833,5925
78759,72834,5925
78760,72835,5925
78761,72836,5925
78762,72837,5925
78764,72839,5925
78765,72840,5925
78766,72841,5925
78767,72842,5925
78768,72843,5925
78769,72844,5925
78771,72846,5925
78772,72847,5925
78773,72848,5925
78774,72849,5925
78776,72851,5925
78778,72853,5925
78779,72854,5925
78780,72855,5925
78781,72856,5925
78783,72858,5925
78784,72859,5925
78786,72861,5925
78787,72862,5925
78788,72863,5925
78789,72864,5925
78790,72865,5925
78791,72866,5925
78792,72867,5925
78793,72868,5925
78795,72870,5925
78796,72871,5925
78798,72873,5925
78799,72874,5925
78801,72876,5925
78803,72878,5925
78805,72880,5925
78806,72881,5925
78808,72883,5925
78809,72884,5925
78811,72886,5925
78813,72888,5925
78814,72889,5925
78815,72890,5925
78817,72892,5925
78818,72893,5925
78820,72895,5925
78821,72896,5925
78822,72897,5925
78823,72898,5925
78825,72900,5925
78826,72901,5925
78827,72902,5925
78829,72904,5925
78830,72905,5925
78832,72907,5925
78833,72908,5925
78834,72909,5925
78835,72910,5925
78836,72911,5925
78837,72912,5925
78839,72914,5925
78841,72916,5925
78842,72917,5925
78843,72918,5925
78844,72919,5925
78845,72920,5925
78847,72922,5925
78848,72923,5925
78849,72924,5925
78851,72926,5925
78852,72927,5925
78853,72928,5925
78854,72929,5925
78855,72930,5925
78856,72931,5925
78858,72932,5926
78859,72933,5926
78860,72934,5926
78862,72936,5926
78863,72937,5926
78864,72938,5926
78865,72939,5926
78867,72941,5926
78868,72942,5926
78870,72943,5927
78871,72944,5927
78872,72945,5927
78874,72947,5927
78875,72948,5927
78876,72949,5927
78877,72950,5927
78878,72951,5927
78880,72953,5927
78881,72954,5927
78882,72955,5927
78883,72956,5927
78885,72958,5927
78886,72959,5927
78887,72960,5927
78888,72960,5928
78889,72961,5928
78890,72962,5928
78892,72964,5928
78893,72965,5928
78894,72966,5928
78895,72967,5928
78896,72968,5928
78898,72970,5928
78899,72971,5928
78900,72972,5928
78902,72974,5928
78903,72975,5928
78904,72975,5929
78905,72976,5929
78906,72977,5929
78908,72979,5929
78909,72980,5929
78911,72982,5929
78912,72983,5929
78914,72985,5929
78915,72986,5929
78916,72987,5929
78918,72989,5929
78919,72990,5929
78920,72991,5929
78921,72992,5929
78923,72994,5929
78924,72995,5929
78925,72996,5929
78926,72997,5929
78928,72999,5929
78929,73000,5929
78930,73001,5929
78931,73002,5929
78933,73004,5929
78934,73005,5929
78935,73006,5929
78936,73007,5929
78938,73009,5929
78940,73011,5929
78941,73012,5929
78943,73014,5929
78944,73015,5929
78945,73016,5929
78946,73017,5929
78947,73018,5929
78949,73020,5929
78950,73021,5929
78951,73022,5929
78952,73023,5929
78953,73024,5929
78954,73025,5929
78955,73026,5929
78957,73028,5929
78958,73029,5929
78959,73030,5929
78960,73031,5929
78961,73032,5929
78963,73034,5929
78965,73036,5929
78966,73037,5929
78968,73039,5929
78969,73040,5929
78971,73042,5929
78973,73044,5929
78974,73045,5929
78975,73046,5929
78976,73047,5929
78977,73048,5929
78979,73050,5929
78980,73051,5929
78982,73053,5929
78983,73054,5929
78984,73055,5929
78986,73057,5929
78987,73058,5929
78989,73060,5929
78990,73061,5929
78992,73063,5929
78993,73064,5929
78995,73066,5929
78996,73067,5929
78998,73069,5929
78999,73070,5929
79000,73071,5929
79001,73072,5929
79002,73073,5929
79004,73075,5929
79005,73075,5930
79006,73076,5930
79008,73078,5930
79009,73079,5930
79011,73081,5930
79013,73083,5930
79015,73085,5930
79016,73086,5930
79018,73088,5930
79019,73089,5930
79021,73091,5930
79022,73092,5930
79023,73093,5930
79025,73095,5930
79026,73096,5930
79027,73097,5930
79028,73098,5930
79029,73099,5930
79031,73101,5930
79032,73102,5930
79033,73103,5930
79034,73104,5930
79035,73105,5930
79036,73106,5930
79037,73107,5930
79038,73108,5930
79039,73109,5930
79041,73111,5930
79042,73112,5930
79043,73113,5930
79044,73114,5930
79045,73115,5930
79046,73116,5930
79047,73117,5930
79048,73118,5930
79049,73119,5930
79051,73121,5930
79052,73122,5930
79053,73123,5930
79054,73124,5930
79055,73125,5930
79056,73126,5930
79057,73127,5930
79058,73128,5930
79059,73129,5930
79061,73131,5930
79062,73132,5930
79063,73133,5930
79064,73134,5930
79065,73135,5930
79066,73136,5930
79067,73137,5930
79068,73138,5930
79069,73139,5930
79071,73141,5930
79072,73142,5930
79074,73143,5931
79075,73144,5931
79076,73145,5931
79077,73146,5931
79078,73147,5931
79079,73148,5931
79080,73149,5931
79082,73151,5931
79083,73152,5931
79084,73153,5931
79085,73154,5931
79086,73155,5931
79087,73156,5931
79088,73157,5931
79089,73158,5931
79090,73159,5931
79092,73161,5931
79093,73162,5931
79094,73163,5931
79095,73164,5931
79096,73165,5931
79097,73166,5931
79098,73167,5931
79099,73168,5931
79100,73169,5931
79102,73171,5931
79103,73172,5931
79104,73173,5931
79105,73174,5931
79106,73175,5931
79107,73176,5931
79108,73177,5931
79109,73178,5931
79110,73179,5931
79112,73181,5931
79113,73182,5931
79114,73183,5931
79115,73184,5931
79116,73185,5931
79117,73186,5931
79118,73187,5931
79119,73188,5931
79120,73189,5931
79122,73191,5931
79123,73192,5931
79124,73193,5931
79125,73194,5931
79126,73195,5931
79127,73196,5931
79128,73197,5931
79129,73198,5931
79130,73199,5931
79132,73201,5931
79133,73202,5931
79134,73203,5931
79135,73204,5931
79136,73205,5931
79137,73206,5931
79138,73207,5931
79139,73208,5931
79140,73209,5931
79142,73211,5931
79143,73212,5931
79144,73213,5931
79145,73214,5931
79146,73215,5931
79147,73216,5931
79148,73217,5931
79149,73218,5931
79150,73219,5931
79152,73221,5931
79153,73222,5931
79154,73223,5931
79155,73224,5931
79156,73225,5931
79157,73226,5931
79159,73228,5931
79161,73230,5931
79162,73231,5931
79163,73232,5931
79165,73234,5931
79167,73236,5931
79168,73237,5931
79169,73238,5931
79171,73240,5931
79172,73241,5931
79173,73242,5931
79174,73243,5931
79176,73245,5931
79177,73246,5931
79178,73247,5931
79179,73248,5931
79181,73250,5931
79183,73252,5931
79184,73253,5931
79185,73254,5931
79187,73256,5931
79189,73258,5931
79190,73259,5931
79191,73260,5931
79193,73262,5931
79195,73264,5931
79196,73265,5931
79198,73267,5931
79200,73269,5931
79201,73270,5931
79203,73272,5931
79205,73274,5931
79207,73276,5931
79208,73277,5931
79209,73278,5931
79211,73280,5931
79213,73282,5931
79214,73283,5931
79216,73285,5931
79218,73287,5931
79219,73288,5931
79220,73289,5931
79222,73291,5931
79223,73292,5931
79225,73294,5931
79226,73295,5931
79227,73296,5931
79229,73298,5931
79231,73300,5931
79232,73301,5931
79234,73303,5931
79235,73304,5931
79237,73306,5931
79238,73307,5931
79240,73309,5931
79242,73311,5931
79244,73313,5931
79245,73314,5931
79247,73316,5931
79248,73317,5931
79250,73319,5931
79251,73320,5931
79253,73322,5931
79254,73323,5931
79255,73324,5931
79256,73325,5931
79257,73326,5931
79258,73327,5931
79259,73328,5931
79260,73329,5931
79261,73330,5931
79262,73331,5931
79263,73332,5931
79264,73333,5931
79265,73334,5931
79266,73335,5931
79267,73336,5931
79269,73338,5931
79270,73339,5931
79271,73340,5931
79272,73341,5931
79274,73343,5931
79275,73344,5931
79276,73345,5931
79278,73347,5931
79280,73349,5931
79281,73350,5931
79283,73352,5931
79285,73354,5931
79287,73356,5931
79288,73357,5931
79289,73358,5931
79290,73359,5931
79291,73360,5931
79292,73361,5931
79294,73363,5931
79295,73364,5931
79297,73366,5931
79299,73368,5931
79301,73370,5931
79302,73371,5931
79304,73373,5931
79305,73374,5931
79307,73376,5931
79308,73377,5931
79309,73378,5931
79310,73379,5931
79312,73381,5931
79314,73383,5931
79315,73384,5931
79316,73385,5931
79317,73386,5931
79319,73388,5931
79321,73390,5931
79322,73391,5931
79324,73393,5931
79325,73394,5931
79326,73395,5931
79327,73396,5931
79329,73398,5931
79330,73399,5931
79331,73400,5931
79332,73401,5931
79333,73402,5931
79335,73404,5931
79336,73405,5931
79337,73406,5931
79338,73407,5931
79340,73409,5931
79341,73410,5931
79342,73411,5931
79343,73412,5931
79344,73413,5931
79346,73415,5931
79348,73417,5931
79349,73418,5931
79351,73420,5931
79352,73421,5931
79353,73422,5931
79354,73423,5931
79355,73424,5931
79357,73426,5931
79359,73428,5931
79360,73429,5931
79361,73430,5931
79362,73431,5931
79363,73432,5931
79365,73434,5931
79367,73436,5931
79368,73437,5931
79369,73438,5931
79370,73439,5931
79372,73441,5931
79374,73443,5931
79375,73444,5931
79376,73445,5931
79377,73446,5931
79379,73448,5931
79380,73449,5931
79382,73451,5931
79384,73453,5931
79386,73455,5931
79387,73456,5931
79388,73457,5931
79389,73458,5931
79391,73460,5931
79392,73461,5931
79393,73462,5931
79394,73463,5931
79395,73464,5931
79396,73465,5931
79398,73467,5931
79399,73468,5931
79401,73470,5931
79403,73472,5931
79404,73473,5931
79405,73474,5931
79406,73475,5931
79408,73477,5931
79410,73479,5931
79411,73480,5931
79412,73481,5931
79413,73482,5931
79414,73483,5931
79415,73484,5931
79416,73485,5931
79417,73486,5931
79418,73487,5931
79419,73488,5931
79420,73489,5931
79422,73491,5931
79423,73492,5931
79425,73494,5931
79426,73495,5931
79427,73496,5931
79428,73497,5931
79429,73498,5931
79431,73500,5931
79432,73501,5931
79433,73502,5931
79434,73503,5931
79436,73505,5931
79438,73507,5931
79439,73508,5931
79440,73509,5931
79441,73510,5931
79442,73511,5931
79444,73513,5931
79445,73514,5931
79447,73516,5931
79448,73517,5931
79449,73518,5931
79450,73519,5931
79451,73520,5931
79453,73522,5931
79455,73524,5931
79457,73526,5931
79458,73527,5931
79459,73528,5931
79460,73529,5931
79462,73531,5931
79464,73533,5931
79466,73535,5931
79467,73536,5931
79468,73537,5931
79470,73539,5931
79472,73541,5931
79473,73542,5931
79474,73543,5931
79475,73544,5931
79477,73546,5931
79478,73547,5931
79479,73548,5931
79481,73550,5931
79482,73551,5931
79483,73552,5931
79484,73553,5931
79485,73554,5931
79487,73556,5931
79488,73557,5931
79489,73558,5931
79490,73559,5931
79491,73560,5931
79492,73561,5931
79494,73563,5931
79495,73564,5931
79497,73566,5931
79499,73568,5931
79500,73569,5931
79501,73570,5931
79502,73571,5931
79504,73573,5931
79506,73575,5931
79507,73576,5931
79508,73577,5931
79509,73578,5931
79510,73579,5931
79511,73580,5931
79512,73581,5931
79513,73582,5931
79514,73583,5931
79516,73585,5931
79517,73586,5931
79519,73588,5931
79520,73589,5931
79522,73591,5931
79523,73592,5931
79524,73593,5931
79525,73594,5931
79526,73595,5931
79528,73597,5931
79529,73598,5931
79530,73599,5931
79531,73600,5931
79533,73602,5931
79535,73604,5931
79536,73605,5931
79537,73606,5931
79538,73607,5931
79539,73608,5931
79541,73610,5931
79542,73611,5931
79544,73613,5931
79545,73614,5931
79546,73615,5931
79548,73617,5931
79549,73618,5931
79551,73620,5931
79553,73622,5931
79555,73624,5931
79556,73625,5931
79558,73627,5931
79559,73628,5931
79561,73630,5931
79563,73632,5931
79565,73634,5931
79566,73635,5931
79567,73636,5931
79569,73638,5931
79571,73640,5931
79572,73641,5931
79573,73642,5931
79574,73643,5931
79576,73645,5931
79577,73646,5931
79578,73646,5932
79580,73648,5932
79581,73649,5932
79582,73650,5932
79583,73651,5932
79584,73652,5932
79586,73654,5932
79587,73655,5932
79588,73656,5932
79589,73657,5932
79590,73658,5932
79591,73659,5932
79593,73661,5932
79594,73662,5932
79596,73664,5932
79597,73665,5932
79599,73667,5932
79600,73668,5932
79601,73669,5932
79602,73670,5932
79603,73671,5932
79605,73671,5934
79607,73673,5934
79608,73674,5934
79609,73675,5934
79611,73677,5934
79613,73679,5934
79614,73680,5934
79615,73681,5934
79616,73682,5934
79617,73683,5934
79619,73685,5934
79621,73687,5934
79622,73688,5934
79624,73690,5934
79625,73691,5934
79626,73692,5934
79628,73694,5934
79629,73695,5934
79631,73697,5934
79632,73698,5934
79634,73700,5934
79636,73702,5934
79638,73704,5934
79639,73705,5934
79640,73706,5934
79642,73708,5934
79643,73708,5935
79644,73709,5935
79645,73710,5935
79646,73711,5935
79647,73712,5935
79648,73713,5935
79649,73714,5935
79650,73715,5935
79652,73717,5935
79653,73718,5935
79654,73719,5935
79655,73720,5935
79656,73721,5935
79657,73722,5935
79658,73723,5935
79660,73725,5935
79662,73727,5935
79663,73728,5935
79664,73729,5935
79665,73730,5935
79667,73732,5935
79669,73734,5935
79671,73736,5935
79673,73738,5935
79674,73739,5935
79676,73741,5935
79677,73742,5935
79679,73744,5935
79680,73745,5935
79681,73746,5935
79682,73747,5935
79684,73749,5935
79686,73751,5935
79687,73752,5935
79688,73753,5935
79689,73754,5935
79690,73755,5935
79692,73757,5935
79694,73759,5935
79695,73760,5935
79697,73762,5935
79698,73763,5935
79699,73764,5935
79701,73766,5935
79703,73768,5935
79704,73769,5935
79705,73770,5935
79706,73771,5935
79707,73772,5935
79708,73773,5935
79709,73774,5935
79710,73775,5935
79711,73776,5935
79712,73777,5935
79713,73778,5935
79714,73779,5935
79715,73780,5935
79716,73781,5935
79718,73783,5935
79720,73785,5935
79721,73786,5935
79722,73787,5935
79724,73788,5936
79725,73789,5936
79726,73790,5936
79727,73791,5936
79728,73792,5936
79730,73794,5936
79731,73795,5936
79732,73796,5936
79734,73798,5936
79735,73799,5936
79736,73800,5936
79737,73801,5936
79738,73802,5936
79739,73803,5936
79741,73805,5936
79742,73806,5936
79743,73807,5936
79744,73808,5936
79745,73809,5936
79747,73811,5936
79748,73812,5936
79750,73814,5936
79751,73815,5936
79752,73816,5936
79753,73817,5936
79754,73818,5936
79756,73820,5936
79757,73821,5936
79758,73822,5936
79759,73823,5936
79760,73824,5936
79761,73825,5936
79763,73827,5936
79764,73828,5936
79765,73829,5936
79766,73830,5936
79768,73832,5936
79769,73833,5936
79770,73834,5936
79771,73835,5936
79772,73836,5936
79773,73837,5936
79774,73838,5936
79775,73839,5936
79776,73840,5936
79778,73842,5936
79779,73843,5936
79780,73844,5936
79781,73845,5936
79782,73846,5936
79783,73847,5936
79784,73848,5936
79786,73850,5936
79787,73851,5936
79788,73852,5936
79789,73853,5936
79791,73855,5936
79792,73856,5936
79794,73858,5936
79796,73860,5936
79797,73861,5936
79798,73862,5936
79799,73863,5936
79800,73864,5936
79802,73866,5936
79803,73867,5936
79804,73868,5936
79805,73869,5936
79807,73871,5936
79808,73872,5936
79809,73873,5936
79810,73874,5936
79811,73875,5936
79812,73876,5936
79813,73877,5936
79814,73878,5936
79815,73879,5936
79816,73880,5936
79817,73881,5936
79818,73882,5936
79820,73884,5936
79821,73885,5936
79823,73887,5936
79824,73888,5936
79825,73889,5936
79826,73890,5936
79827,73891,5936
79828,73892,5936
79829,73893,5936
79830,73894,5936
79831,73895,5936
79832,73896,5936
79833,73897,5936
79834,73898,5936
79836,73900,5936
79837,73901,5936
79839,73903,5936
79840,73904,5936
79841,73905,5936
79842,73906,5936
79843,73907,5936
79845,73909,5936
79846,73910,5936
79847,73911,5936
79849,73913,5936
79851,73915,5936
79853,73917,5936
79854,73918,5936
79855,73919,5936
79856,73920,5936
79858,73922,5936
79860,73924,5936
79861,73925,5936
79862,73926,5936
79863,73927,5936
79864,73928,5936
79866,73930,5936
79867,73931,5936
79868,73932,5936
79869,73933,5936
79870,73934,5936
79871,73935,5936
79873,73937,5936
79875,73939,5936
79876,73940,5936
79877,73941,5936
79878,73942,5936
79879,73943,5936
79880,73944,5936
79882,73946,5936
79884,73948,5936
79885,73949,5936
79886,73950,5936
79887,73951,5936
79888,73952,5936
79889,73953,5936
79890,73954,5936
79891,73955,5936
79892,73956,5936
79893,73957,5936
79894,73958,5936
79896,73960,5936
79897,73961,5936
79898,73962,5936
79899,73963,5936
79901,73965,5936
79902,73966,5936
79903,73967,5936
79905,73969,5936
79906,73970,5936
79907,73971,5936
79908,73972,5936
79909,73973,5936
79910,73974,5936
79911,73975,5936
79913,73977,5936
79914,73978,5936
79915,73979,5936
79916,73980,5936
79917,73981,5936
79919,73983,5936
79920,73984,5936
79921,73985,5936
79922,73986,5936
79923,73987,5936
79924,73988,5936
79926,73990,5936
79927,73991,5936
79928,73992,5936
79929,73993,5936
79931,73995,5936
79933,73997,5936
79934,73998,5936
79935,73999,5936
79936,74000,5936
79938,74002,5936
79939,74003,5936
79941,74005,5936
79942,74006,5936
79943,74007,5936
79944,74008,5936
79945,74009,5936
79946,74010,5936
79947,74011,5936
79948,74012,5936
79950,74014,5936
79951,74015,5936
79953,74017,5936
79954,74018,5936
79956,74020,5936
79958,74022,5936
79960,74024,5936
79961,74025,5936
79963,74027,5936
79964,74028,5936
79966,74030,5936
79968,74032,5936
79969,74033,5936
79970,74034,5936
79972,74036,5936
79973,74037,5936
79975,74039,5936
79976,74040,5936
79977,74041,5936
79978,74042,5936
79980,74044,5936
79981,74045,5936
79982,74046,5936
79984,74048,5936
79985,74049,5936
79987,74051,5936
79988,74052,5936
79989,74053,5936
79990,74054,5936
79991,74055,5936
79992,74056,5936
79994,74058,5936
79996,74060,5936
79997,74061,5936
79998,74062,5936
79999,74063,5936
80000,74064,5936
80002,74066,5936
80003,74067,5936
80004,74068,5936
80006,74070,5936
80007,74071,5936
80008,74072,5936
80009,74073,5936
80010,74074,5936
80011,74075,5936
80012,74076,5936
80013,74077,5936
80015,74078,5937
80017,74080,5937
80018,74081,5937
80019,74082,5937
80020,74083,5937
80022,74085,5937
80023,74086,5937
80024,74086,5938
80025,74087,5938
80026,74088,5938
80028,74090,5938
80029,74091,5938
80030,74092,5938
80031,74093,5938
80032,74094,5938
80034,74096,5938
80035,74097,5938
80037,74099,5938
80038,74100,5938
80040,74102,5938
80041,74103,5938
80042,74104,5938
80043,74104,5939
80044,74105,5939
80045,74106,5939
80047,74108,5939
80048,74109,5939
80049,74110,5939
80050,74111,5939
80051,74112,5939
80053,74114,5939
80054,74115,5939
80055,74116,5939
80057,74118,5939
80058,74119,5939
80059,74119,5940
80060,74120,5940
80061,74121,5940
80063,74123,5940
80064,74124,5940
80066,74126,5940
80067,74127,5940
80069,74129,5940
80070,74130,5940
80071,74131,5940
80073,74133,5940
80074,74134,5940
80075,74135,5940
80076,74136,5940
80078,74138,5940
80079,74139,5940
80080,74140,5940
80081,74141,5940
80083,74143,5940
80084,74144,5940
80085,74145,5940
80086,74146,5940
80088,74148,5940
80089,74149,5940
80090,74150,5940
80091,74151,5940
80093,74153,5940
80095,74155,5940
80096,74156,5940
80098,74158,5940
80099,74159,5940
80100,74160,5940
80101,74161,5940
80102,74162,5940
80104,74164,5940
80105,74165,5940
80106,74166,5940
80107,74167,5940
80108,74168,5940
80109,74169,5940
80110,74170,5940
80112,74172,5940
80113,74173,5940
80114,74174,5940
80115,74175,5940
80116,74176,5940
80118,74178,5940
80120,74180,5940
80121,74181,5940
80123,74183,5940
80124,74184,5940
80126,74186,5940
80128,74188,5940
80129,74189,5940
80130,74190,5940
80131,74191,5940
80132,74192,5940
80134,74194,5940
80135,74195,5940
80137,74197,5940
80138,74198,5940
80139,74199,5940
80141,74201,5940
80142,74202,5940
80144,74204,5940
80145,74205,5940
80147,74207,5940
80148,74208,5940
80150,74210,5940
80151,74211,5940
80153,74213,5940
80154,74214,5940
80155,74215,5940
80156,74216,5940
80157,74217,5940
80159,74219,5940
80160,74219,5941
80161,74220,5941
80163,74222,5941
80164,74223,5941
80166,74225,5941
80168,74227,5941
80170,74229,5941
80171,74230,5941
80173,74232,5941
80174,74233,5941
80176,74235,5941
80177,74236,5941
80178,74237,5941
80180,74239,5941
80181,74240,5941
80182,74241,5941
80183,74242,5941
80184,74243,5941
80186,74245,5941
80187,74246,5941
80188,74247,5941
80189,74248,5941
80190,74249,5941
80191,74250,5941
80192,74251,5941
80193,74252,5941
80194,74253,5941
80196,74255,5941
80197,74256,5941
80198,74257,5941
80199,74258,5941
80200,74259,5941
80201,74260,5941
80202,74261,5941
80203,74262,5941
80204,74263,5941
80206,74265,5941
80207,74266,5941
80208,74267,5941
80209,74268,5941
80210,74269,5941
80211,74270,5941
80212,74271,5941
80213,74272,5941
80214,74273,5941
80216,74275,5941
80217,74276,5941
80218,74277,5941
80219,74278,5941
80220,74279,5941
80221,74280,5941
80222,74281,5941
80223,74282,5941
80224,74283,5941
80226,74285,5941
80227,74286,5941
80228,74287,5941
80229,74288,5941
80230,74289,5941
80231,74290,5941
80232,74291,5941
80233,74292,5941
80234,74293,5941
80236,74295,5941
80237,74296,5941
80238,74297,5941
80239,74298,5941
80240,74299,5941
80241,74300,5941
80242,74301,5941
80243,74302,5941
80244,74303,5941
80246,74305,5941
80247,74306,5941
80248,74307,5941
80249,74308,5941
80250,74309,5941
80251,74310,5941
80252,74311,5941
80253,74312,5941
80254,74313,5941
80256,74315,5941
80257,74316,5941
80258,74317,5941
80259,74318,5941
80260,74319,5941
80261,74320,5941
80262,74321,5941
80263,74322,5941
80264,74323,5941
80266,74325,5941
80267,74326,5941
80268,74327,5941
80269,74328,5941
80270,74329,5941
80271,74330,5941
80272,74331,5941
80273,74332,5941
80274,74333,5941
80276,74335,5941
80277,74336,5941
80278,74337,5941
80279,74338,5941
80280,74339,5941
80281,74340,5941
80282,74341,5941
80283,74342,5941
80284,74343,5941
80286,74345,5941
80287,74346,5941
80288,74347,5941
80289,74348,5941
80290,74349,5941
80291,74350,5941
80292,74351,5941
80293,74352,5941
80294,74353,5941
80296,74355,5941
80297,74356,5941
80298,74357,5941
80299,74358,5941
80300,74359,5941
80301,74360,5941
80302,74361,5941
80303,74362,5941
80304,74363,5941
80306,74365,5941
80307,74366,5941
80308,74367,5941
80309,74368,5941
80310,74369,5941
80311,74370,5941
80312,74371,5941
80313,74372,5941
80314,74373,5941
80316,74375,5941
80317,74376,5941
80319,74377,5942
80320,74378,5942
80321,74379,5942
80322,74380,5942
80323,74381,5942
80324,74382,5942
80325,74383,5942
80327,74385,5942
80328,74386,5942
80329,74387,5942
80330,74388,5942
80331,74389,5942
80332,74390,5942
80333,74391,5942
80334,74392,5942
80335,74393,5942
80337,74395,5942
80338,74396,5942
80339,74397,5942
80340,74398,5942
80341,74399,5942
80342,74400,5942
80344,74402,5942
80346,74404,5942
80347,74405,5942
80348,74406,5942
80350,74408,5942
80352,74410,5942
80353,74411,5942
80354,74412,5942
80356,74414,5942
80357,74415,5942
80358,74416,5942
80359,74417,5942
80361,74419,5942
80362,74420,5942
80363,74421,5942
80364,74422,5942
80366,74424,5942
80368,74426,5942
80369,74427,5942
80370,74428,5942
80372,74430,5942
80374,74432,5942
80375,74433,5942
80376,74434,5942
80378,74436,5942
80380,74438,5942
80381,74439,5942
80383,74441,5942
80385,74443,5942
80386,74444,5942
80388,74446,5942
80390,74448,5942
80392,74450,5942
80393,74451,5942
80394,74452,5942
80396,74454,5942
80398,74456,5942
80399,74457,5942
80401,74459,5942
80403,74461,5942
80404,74462,5942
80405,74463,5942
80407,74465,5942
80408,74466,5942
80410,74468,5942
80411,74469,5942
80412,74470,5942
80414,74472,5942
80416,74474,5942
80417,74475,5942
80419,74477,5942
80420,74478,5942
80422,74480,5942
80423,74481,5942
80425,74483,5942
80427,74485,5942
80429,74487,5942
80430,74488,5942
80432,74490,5942
80433,74491,5942
80435,74493,5942
80436,74494,5942
80438,74496,5942
80439,74497,5942
80440,74498,5942
80441,74499,5942
80442,74500,5942
80443,74501,5942
80444,74502,5942
80445,74503,5942
80446,74504,5942
80447,74505,5942
80448,74506,5942
80449,74507,5942
80450,74508,5942
80451,74509,5942
80452,74510,5942
80454,74512,5942
80455,74513,5942
80456,74514,5942
80457,74515,5942
80459,74517,5942
80460,74518,5942
80461,74519,5942
80463,74521,5942
80465,74523,5942
80466,74524,5942
80468,74526,5942
80470,74528,5942
80472,74530,5942
80473,74531,5942
80474,74532,5942
80475,74533,5942
80476,74534,5942
80477,74535,5942
80479,74537,5942
80480,74538,5942
80482,74540,5942
80484,74542,5942
80486,74544,5942
80487,74545,5942
80489,74547,5942
80490,74548,5942
80492,74550,5942
80493,74551,5942
80494,74552,5942
80495,74553,5942
80497,74555,5942
80499,74557,5942
80500,74558,5942
80501,74559,5942
80502,74560,5942
80504,74562,5942
80506,74564,5942
80507,74565,5942
80509,74567,5942
80510,74568,5942
80511,74569,5942
80512,74570,5942
80514,74572,5942
80515,74573,5942
80516,74574,5942
80517,74575,5942
80518,74576,5942
80520,74578,5942
80521,74579,5942
80522,74580,5942
80523,74581,5942
80525,74583,5942
80526,74584,5942
80527,74585,5942
80528,74586,5942
80529,74587,5942
80531,74589,5942
80533,74591,5942
80534,74592,5942
80536,74594,5942
80537,74595,5942
80538,74596,5942
80539,74597,5942
80540,74598,5942
80542,74600,5942
80544,74602,5942
80545,74603,5942
80546,74604,5942
80547,74605,5942
80548,74606,5942
80550,74608,5942
80552,74610,5942
80553,74611,5942
80554,74612,5942
80555,74613,5942
80557,74615,5942
80559,74617,5942
80560,74618,5942
80561,74619,5942
80562,74620,5942
80564,74622,5942
80565,74623,5942
80567,74625,5942
80569,74627,5942
80571,74629,5942
80572,74630,5942
80573,74631,5942
80574,74632,5942
80576,74634,5942
80577,74635,5942
80578,74636,5942
80579,74637,5942
80580,74638,5942
80581,74639,5942
80583,74641,5942
80584,74642,5942
80586,74644,5942
80588,74646,5942
80589,74647,5942
80590,74648,5942
80591,74649,5942
80593,74651,5942
80595,74653,5942
80596,74654,5942
80597,74655,5942
80598,74656,5942
80599,74657,5942
80600,74658,5942
80601,74659,5942
80602,74660,5942
80603,74661,5942
80604,74662,5942
80605,74663,5942
80607,74665,5942
80608,74666,5942
80610,74668,5942
80611,74669,5942
80612,74670,5942
80613,74671,5942
80614,74672,5942
80616,74674,5942
80617,74675,5942
80618,74676,5942
80619,74677,5942
80621,74679,5942
80623,74681,5942
80624,74682,5942
80625,74683,5942
80626,74684,5942
80627,74685,5942
80629,74687,5942
80630,74688,5942
80632,74690,5942
80633,74691,5942
80634,74692,5942
80635,74693,5942
80636,74694,5942
80638,74696,5942
80640,74698,5942
80642,74700,5942
80643,74701,5942
80644,74702,5942
80645,74703,5942
80647,74705,5942
80649,74707,5942
80651,74709,5942
80652,74710,5942
80653,74711,5942
80655,74713,5942
80657,74715,5942
80658,74716,5942
80659,74717,5942
80660,74718,5942
80662,74720,5942
80663,74721,5942
80664,74722,5942
80666,74724,5942
80667,74725,5942
80668,74726,5942
80669,74727,5942
80670,74728,5942
80672,74730,5942
80673,74731,5942
80674,74732,5942
80675,74733,5942
80676,74734,5942
80677,74735,5942
80679,74737,5942
80680,74738,5942
80682,74740,5942
80684,74742,5942
80685,74743,5942
80686,74744,5942
80687,74745,5942
80689,74747,5942
80691,74749,5942
80692,74750,5942
80693,74751,5942
80694,74752,5942
80695,74753,5942
80696,74754,5942
80697,74755,5942
80698,74756,5942
80699,74757,5942
80701,74759,5942
80702,74760,5942
80704,74762,5942
80705,74763,5942
80707,74765,5942
80708,74766,5942
80709,74767,5942
80710,74768,5942
80711,74769,5942
80713,74771,5942
80714,74772,5942
80715,74773,5942
80716,74774,5942
80718,74776,5942
80720,74778,5942
80721,74779,5942
80722,74780,5942
80723,74781,5942
80724,74782,5942
80726,74784,5942
80727,74785,5942
80729,74787,5942
80730,74788,5942
80731,74789,5942
80733,74791,5942
80734,74792,5942
80736,74794,5942
80738,74796,5942
80740,74798,5942
80741,74799,5942
80743,74801,5942
80744,74802,5942
80746,74804,5942
80748,74806,5942
80750,74808,5942
80751,74809,5942
80752,74810,5942
80754,74812,5942
80756,74814,5942
80757,74815,5942
80758,74816,5942
80759,74817,5942
80761,74819,5942
80762,74820,5942
80763,74820,5943
80765,74822,5943
80766,74823,5943
80767,74824,5943
80768,74825,5943
80769,74826,5943
80771,74828,5943
80772,74829,5943
80773,74830,5943
80774,74831,5943
80775,74832,5943
80776,74833,5943
80778,74835,5943
80779,74836,5943
80781,74838,5943
80782,74839,5943
80784,74841,5943
80785,74842,5943
80786,74843,5943
80787,74844,5943
80788,74845,5943
80789,74846,5943
80791,74848,5943
80792,74849,5943
80793,74850,5943
80795,74852,5943
80797,74854,5943
80798,74855,5943
80799,74856,5943
80800,74857,5943
80801,74858,5943
80803,74860,5943
80805,74862,5943
80806,74863,5943
80808,74865,5943
80809,74866,5943
80810,74867,5943
80812,74869,5943
80813,74870,5943
80815,74872,5943
80816,74873,5943
80818,74875,5943
80820,74877,5943
80822,74879,5943
80823,74880,5943
80824,74881,5943
80826,74883,5943
80827,74883,5944
80828,74884,5944
80829,74885,5944
80830,74886,5944
80831,74887,5944
80832,74888,5944
80834,74890,5944
80836,74892,5944
80837,74893,5944
80838,74894,5944
80839,74895,5944
80841,74897,5944
80843,74899,5944
80845,74901,5944
80847,74903,5944
80848,74904,5944
80850,74906,5944
80851,74907,5944
80853,74909,5944
80854,74910,5944
80855,74911,5944
80856,74912,5944
80858,74914,5944
80860,74916,5944
80861,74917,5944
80862,74918,5944
80863,74919,5944
80864,74920,5944
80866,74922,5944
80868,74924,5944
80869,74925,5944
80871,74927,5944
80872,74928,5944
80873,74929,5944
80875,74931,5944
80877,74933,5944
80878,74934,5944
80879,74935,5944
80880,74936,5944
80881,74937,5944
80882,74938,5944
80883,74939,5944
80884,74940,5944
80885,74941,5944
80886,74942,5944
80887,74943,5944
80888,74944,5944
80889,74945,5944
80890,74946,5944
80892,74948,5944
80894,74950,5944
80895,74951,5944
80896,74952,5944
80898,74953,5945
80899,74954,5945
80900,74955,5945
80901,74956,5945
80902,74957,5945
80904,74959,5945
80905,74960,5945
80906,74961,5945
80908,74963,5945
80909,74964,5945
80910,74965,5945
80911,74966,5945
80912,74967,5945
80913,74968,5945
80915,74970,5945
80916,74971,5945
80917,74972,5945
80918,74973,5945
80919,74974,5945
80921,74976,5945
80922,74977,5945
80924,74979,5945
80925,74980,5945
80926,74981,5945
80927,74982,5945
80928,74983,5945
80930,74985,5945
80931,74986,5945
80932,74987,5945
80933,74988,5945
80934,74989,5945
80935,74990,5945
80937,74992,5945
80938,74993,5945
80939,74994,5945
80940,74995,5945
80942,74997,5945
80943,74998,5945
80944,74999,5945
80945,75000,5945
80946,75001,5945
80947,75002,5945
80948,75003,5945
80949,75004,5945
80950,75005,5945
80952,75007,5945
80953,75008,5945
80954,75009,5945
80955,75010,5945
80956,75011,5945
80957,75012,5945
80958,75013,5945
80960,75015,5945
80961,75016,5945
80962,75017,5945
80963,75018,5945
80965,75020,5945
80966,75021,5945
80968,75023,5945
80970,75025,5945
80971,75026,5945
80972,75027,5945
80973,75028,5945
80974,75029,5945
80976,75031,5945
80977,75032,5945
80978,75033,5945
80979,75034,5945
80981,75036,5945
80982,75037,5945
80983,75038,5945
80984,75039,5945
80985,75040,5945
80986,75041,5945
80987,75042,5945
80988,75043,5945
80989,75044,5945
80990,75045,5945
80991,75046,5945
80992,75047,5945
80994,75049,5945
80995,75050,5945
80997,75052,5945
80998,75053,5945
80999,75054,5945
81000,75055,5945
81001,75056,5945
81002,75057,5945
81003,75058,5945
81004,75059,5945
81005,75060,5945
81006,75061,5945
81007,75062,5945
81008,75063,5945
81010,75065,5945
81011,75066,5945
81013,75068,5945
81014,75069,5945
81015,75070,5945
81016,75071,5945
81017,75072,5945
81019,75074,5945
81020,75075,5945
81021,75076,5945
81023,75078,5945
81025,75080,5945
81027,75082,5945
81028,75083,5945
81029,75084,5945
81030,75085,5945
81032,75087,5945
81034,75089,5945
81035,75090,5945
81036,75091,5945
81037,75092,5945
81038,75093,5945
81040,75095,5945
81041,75096,5945
81042,75097,5945
81043,75098,5945
81044,75099,5945
81045,75100,5945
81047,75102,5945
81049,75104,5945
81050,75105,5945
81051,75106,5945
81052,75107,5945
81053,75108,5945
81054,75109,5945
81056,75111,5945
81058,75113,5945
81059,75114,5945
81060,75115,5945
81061,75116,5945
81062,75117,5945
81063,75118,5945
81064,75119,5945
81065,75120,5945
81066,75121,5945
81067,75122,5945
81068,75123,5945
81070,75125,5945
81071,75126,5945
81072,75127,5945
81073,75128,5945
81075,75130,5945
81076,75131,5945
81077,75132,5945
81079,75134,5945
81080,75135,5945
81081,75136,5945
81082,75137,5945
81083,75138,5945
81084,75139,5945
81085,75140,5945
81087,75142,5945
81088,75143,5945
81089,75144,5945
81090,75145,5945
81091,75146,5945
81093,75148,5945
81094,75149,5945
81095,75150,5945
81096,75151,5945
81097,75152,5945
81098,75153,5945
81100,75155,5945
81101,75156,5945
81102,75157,5945
81103,75158,5945
81105,75160,5945
81107,75162,5945
81108,75163,5945
81109,75164,5945
81110,75165,5945
81112,75167,5945
81113,75168,5945
81115,75170,5945
81116,75171,5945
81117,75172,5945
81118,75173,5945
81119,75174,5945
81120,75175,5945
81121,75176,5945
81122,75177,5945
81124,75179,5945
81125,75180,5945
81127,75182,5945
81128,75183,5945
81130,75185,5945
81132,75187,5945
81134,75189,5945
81135,75190,5945
81137,75192,5945
81138,75193,5945
81140,75195,5945
81142,75197,5945
81143,75198,5945
81144,75199,5945
81146,75201,5945
81147,75202,5945
81149,75204,5945
81150,75205,5945
81151,75206,5945
81152,75207,5945
81154,75209,5945
81155,75210,5945
81156,75211,5945
81158,75213,5945
81159,75214,5945
81161,75216,5945
81162,75217,5945
81163,75218,5945
81164,75219,5945
81165,75220,5945
81166,75221,5945
81168,75223,5945
81170,75225,5945
81171,75226,5945
81172,75227,5945
81173,75228,5945
81174,75229,5945
81176,75231,5945
81177,75232,5945
81178,75233,5945
81180,75235,5945
81181,75236,5945
81182,75237,5945
81183,75238,5945
81184,75239,5945
81185,75240,5945
81187,75241,5946
81188,75242,5946
81189,75243,5946
81191,75245,5946
81192,75246,5946
81193,75247,5946
81194,75248,5946
81196,75250,5946
81197,75251,5946
81199,75252,5947
81200,75253,5947
81201,75254,5947
81203,75256,5947
81204,75257,5947
81205,75258,5947
81206,75259,5947
81207,75260,5947
81209,75262,5947
81210,75263,5947
81211,75264,5947
81212,75265,5947
81214,75267,5947
81215,75268,5947
81216,75269,5947
81217,75270,5947
81218,75271,5947
81219,75272,5947
81221,75274,5947
81222,75275,5947
81223,75276,5947
81224,75277,5947
81225,75278,5947
81227,75280,5947
81228,75281,5947
81229,75282,5947
81231,75284,5947
81232,75285,5947
81233,75285,5948
81234,75286,5948
81235,75287,5948
81237,75289,5948
81238,75290,5948
81240,75292,5948
81241,75293,5948
81243,75295,5948
81244,75296,5948
81245,75297,5948
81247,75299,5948
81248,75300,5948
81249,75301,5948
81250,75302,5948
81252,75304,5948
81253,75305,5948
81254,75306,5948
81255,75307,5948
81257,75309,5948
81258,75310,5948
81259,75311,5948
81260,75312,5948
81262,75314,5948
81263,75315,5948
81264,75316,5948
81265,75317,5948
81267,75319,5948
81269,75321,5948
81270,75322,5948
81272,75324,5948
81273,75325,5948
81274,75326,5948
81275,75327,5948
81276,75328,5948
81278,75330,5948
81279,75331,5948
81280,75332,5948
81281,75333,5948
81282,75334,5948
81283,75335,5948
81284,75336,5948
81286,75338,5948
81287,75339,5948
81288,75340,5948
81289,75341,5948
81290,75342,5948
81292,75344,5948
81294,75346,5948
81295,75347,5948
81297,75349,5948
81298,75350,5948
81300,75352,5948
81302,75354,5948
81303,75355,5948
81304,75356,5948
81305,75357,5948
81306,75358,5948
81308,75360,5948
81309,75361,5948
81311,75363,5948
81312,75364,5948
81313,75365,5948
81315,75367,5948
81316,75368,5948
81318,75370,5948
81319,75371,5948
81321,75373,5948
81322,75374,5948
81324,75376,5948
81325,75377,5948
81327,75379,5948
81328,75380,5948
81329,75381,5948
81330,75382,5948
81331,75383,5948
81333,75385,5948
81334,75385,5949
81335,75386,5949
81337,75388,5949
81338,75389,5949
81340,75391,5949
81342,75393,5949
81344,75395,5949
81345,75396,5949
81347,75398,5949
81348,75399,5949
81350,75401,5949
81351,75402,5949
81352,75403,5949
81354,75405,5949
81355,75406,5949
81356,75407,5949
81357,75408,5949
81358,75409,5949
81360,75411,5949
81361,75412,5949
81362,75413,5949
81363,75414,5949
81364,75415,5949
81365,75416,5949
81366,75417,5949
81367,75418,5949
81368,75419,5949
81370,75421,5949
81371,75422,5949
81372,75423,5949
81373,75424,5949
81374,75425,5949
81375,75426,5949
81376,75427,5949
81377,75428,5949
81378,75429,5949
81380,75431,5949
81381,75432,5949
81382,75433,5949
81383,75434,5949
81384,75435,5949
81385,75436,5949
81386,75437,5949
81387,75438,5949
81388,75439,5949
81390,75441,5949
81391,75442,5949
81392,75443,5949
81393,75444,5949
81394,75445,5949
81395,75446,5949
81396,75447,5949
81397,75448,5949
81398,75449,5949
81400,75451,5949
81401,75452,5949
81402,75453,5949
81403,75454,5949
81404,75455,5949
81405,75456,5949
81406,75457,5949
81407,75458,5949
81408,75459,5949
81410,75461,5949
81411,75462,5949
81412,75463,5949
81413,75464,5949
81414,75465,5949
81415,75466,5949
81416,75467,5949
81417,75468,5949
81418,75469,5949
81420,75471,5949
81421,75472,5949
81422,75473,5949
81423,75474,5949
81424,75475,5949
81425,75476,5949
81426,75477,5949
81427,75478,5949
81428,75479,5949
81430,75481,5949
81431,75482,5949
81432,75483,5949
81433,75484,5949
81434,75485,5949
81435,75486,5949
81436,75487,5949
81437,75488,5949
81438,75489,5949
81440,75491,5949
81441,75492,5949
81443,75493,5950
81444,75494,5950
81445,75495,5950
81446,75496,5950
81447,75497,5950
81448,75498,5950
81449,75499,5950
81451,75501,5950
81452,75502,5950
81453,75503,5950
81454,75504,5950
81455,75505,5950
81456,75506,5950
81457,75507,5950
81458,75508,5950
81459,75509,5950
81461,75511,5950
81462,75512,5950
81463,75513,5950
81464,75514,5950
81465,75515,5950
81466,75516,5950
81467,75517,5950
81468,75518,5950
81469,75519,5950
81471,75521,5950
81472,75522,5950
81473,75523,5950
81474,75524,5950
81475,75525,5950
81476,75526,5950
81477,75527,5950
81478,75528,5950
81479,75529,5950
81481,75531,5950
81482,75532,5950
81483,75533,5950
81484,75534,5950
81485,75535,5950
81486,75536,5950
81487,75537,5950
81488,75538,5950
81489,75539,5950
81491,75541,5950
81492,75542,5950
81493,75543,5950
81494,75544,5950
81495,75545,5950
81496,75546,5950
81497,75547,5950
81498,75548,5950
81499,75549,5950
81501,75551,5950
81502,75552,5950
81503,75553,5950
81504,75554,5950
81505,75555,5950
81506,75556,5950
81507,75557,5950
81508,75558,5950
81509,75559,5950
81511,75561,5950
81512,75562,5950
81513,75563,5950
81514,75564,5950
81515,75565,5950
81516,75566,5950
81517,75567,5950
81518,75568,5950
81519,75569,5950
81521,75571,5950
81522,75572,5950
81523,75573,5950
81524,75574,5950
81525,75575,5950
81526,75576,5950
81527,75577,5950
81528,75578,5950
81529,75579,5950
81531,75581,5950
81532,75582,5950
81533,75583,5950
81534,75584,5950
81535,75585,5950
81536,75586,5950
81537,75587,5950
81538,75588,5950
81539,75589,5950
81541,75591,5950
81542,75592,5950
81543,75593,5950
81544,75594,5950
81545,75595,5950
81546,75596,5950
81547,75597,5950
81548,75598,5950
81549,75599,5950
81551,75601,5950
81552,75602,5950
81553,75603,5950
81554,75604,5950
81555,75605,5950
81556,75606,5950
81558,75608,5950
81560,75610,5950
81561,75611,5950
81562,75612,5950
81564,75614,5950
81566,75616,5950
81567,75617,5950
81568,75618,5950
81570,75620,5950
81571,75621,5950
81572,75622,5950
81573,75623,5950
81575,75625,5950
81576,75626,5950
81577,75627,5950
81578,75628,5950
81580,75630,5950
81582,75632,5950
81583,75633,5950
81584,75634,5950
81586,75636,5950
81588,75638,5950
81589,75639,5950
81590,75640,5950
81592,75642,5950
81594,75644,5950
81595,75645,5950
81597,75647,5950
81599,75649,5950
81600,75650,5950
81602,75652,5950
81604,75654,5950
81606,75656,5950
81607,75657,5950
81608,75658,5950
81610,75660,5950
81612,75662,5950
81613,75663,5950
81615,75665,5950
81617,75667,5950
81618,75668,5950
81619,75669,5950
81621,75671,5950
81622,75672,5950
81624,75674,5950
81625,75675,5950
81626,75676,5950
81628,75678,5950
81630,75680,5950
81631,75681,5950
81633,75683,5950
81634,75684,5950
81636,75686,5950
81637,75687,5950
81639,75689,5950
81641,75691,5950
81643,75693,5950
81644,75694,5950
81646,75696,5950
81647,75697,5950
81649,75699,5950
81650,75700,5950
81652,75702,5950
81653,75703,5950
81654,75704,5950
81655,75705,5950
81656,75706,5950
81657,75707,5950
81658,75708,5950
81659,75709,5950
81660,75710,5950
81661,75711,5950
81662,75712,5950
81663,75713,5950
81664,75714,5950
81665,75715,5950
81666,75716,5950
81668,75718,5950
81669,75719,5950
81670,75720,5950
81671,75721,5950
81673,75723,5950
81674,75724,5950
81675,75725,5950
81677,75727,5950
81679,75729,5950
81680,75730,5950
81682,75732,5950
81684,75734,5950
81686,75736,5950
81687,75737,5950
81688,75738,5950
81689,75739,5950
81690,75740,5950
81691,75741,5950
81693,75743,5950
81694,75744,5950
81696,75746,5950
81698,75748,5950
81700,75750,5950
81701,75751,5950
81703,75753,5950
81704,75754,5950
81706,75756,5950
81707,75757,5950
81708,75758,5950
81709,75759,5950
81711,75761,5950
81713,75763,5950
81714,75764,5950
81715,75765,5950
81716,75766,5950
81718,75768,5950
81720,75770,5950
81721,75771,5950
81723,75773,5950
81724,75774,5950
81725,75775,5950
81726,75776,5950
81728,75778,5950
81729,75779,5950
81730,75780,5950
81731,75781,5950
81732,75782,5950
81734,75784,5950
81735,75785,5950
81736,75786,5950
81737,75787,5950
81739,75789,5950
81740,75790,5950
81741,75791,5950
81742,75792,5950
81743,75793,5950
81745,75795,5950
81747,75797,5950
81748,75798,5950
81750,75800,5950
81751,75801,5950
81752,75802,5950
81753,75803,5950
81754,75804,5950
81756,75806,5950
81758,75808,5950
81759,75809,5950
81760,75810,5950
81761,75811,5950
81762,75812,5950
81764,75814,5950
81766,75816,5950
81767,75817,5950
81768,75818,5950
81769,75819,5950
81771,75821,5950
81773,75823,5950
81774,75824,5950
81775,75825,5950
81776,75826,5950
81778,75828,5950
81779,75829,5950
81781,75831,5950
81783,75833,5950
81785,75835,5950
81786,75836,5950
81787,75837,5950
81788,75838,5950
81790,75840,5950
81791,75841,5950
81792,75842,5950
81793,75843,5950
81794,75844,5950
81795,75845,5950
81797,75847,5950
81798,75848,5950
81800,75850,5950
81802,75852,5950
81803,75853,5950
81804,75854,5950
81805,75855,5950
81807,75857,5950
81809,75859,5950
81810,75860,5950
81811,75861,5950
81812,75862,5950
81813,75863,5950
81814,75864,5950
81816,75866,5950
81818,75868,5950
81819,75869,5950
81821,75871,5950
81822,75872,5950
81824,75874,5950
81825,75875,5950
81826,75876,5950
81827,75877,5950
81829,75879,5950
81830,75880,5950
81831,75881,5950
81833,75883,5950
81834,75884,5950
81835,75885,5950
81836,75886,5950
81837,75887,5950
81838,75888,5950
81840,75890,5950
81841,75891,5950
81842,75892,5950
81843,75893,5950
81845,75895,5950
81846,75896,5950
81847,75897,5950
81848,75898,5950
81849,75899,5950
81850,75900,5950
81851,75901,5950
81853,75903,5950
81854,75904,5950
81855,75905,5950
81856,75906,5950
81858,75908,5950
81859,75909,5950
81860,75910,5950
81861,75911,5950
81862,75912,5950
81863,75913,5950
81864,75914,5950
81866,75916,5950
81867,75917,5950
81869,75919,5950
81871,75921,5950
81872,75922,5950
81873,75923,5950
81874,75924,5950
81876,75926,5950
81877,75927,5950
81878,75928,5950
81879,75929,5950
81881,75931,5950
81882,75932,5950
81883,75933,5950
81885,75935,5950
81886,75936,5950
81887,75937,5950
81888,75938,5950
81890,75940,5950
81891,75941,5950
81892,75942,5950
81893,75943,5950
81894,75944,5950
81896,75946,5950
81897,75947,5950
81898,75948,5950
81900,75950,5950
81901,75951,5950
81902,75952,5950
81903,75953,5950
81905,75955,5950
81906,75956,5950
81907,75957,5950
81908,75958,5950
81909,75959,5950
81910,75960,5950
81911,75961,5950
81913,75963,5950
81915,75965,5950
81916,75966,5950
81917,75967,5950
81918,75968,5950
81919,75969,5950
81920,75970,5950
81922,75972,5950
81923,75973,5950
81924,75974,5950
81925,75975,5950
81927,75977,5950
81928,75978,5950
81929,75979,5950
81930,75980,5950
81931,75981,5950
81932,75982,5950
81933,75983,5950
81935,75985,5950
81936,75986,5950
81937,75987,5950
81938,75988,5950
81940,75990,5950
81941,75991,5950
81942,75992,5950
81943,75993,5950
81944,75994,5950
81945,75995,5950
81946,75996,5950
81948,75998,5950
81949,75999,5950
81951,76001,5950
81953,76003,5950
81954,76004,5950
81955,76005,5950
81956,76006,5950
81958,76008,5950
81959,76009,5950
81960,76010,5950
81961,76011,5950
81963,76013,5950
81964,76014,5950
81965,76015,5950
81967,76017,5950
81968,76018,5950
81969,76019,5950
81970,76020,5950
81972,76022,5950
81973,76023,5950
81974,76024,5950
81975,76025,5950
81976,76026,5950
81978,76028,5950
81979,76029,5950
81980,76030,5950
81982,76032,5950
81983,76033,5950
81984,76034,5950
81985,76035,5950
81987,76037,5950
81988,76038,5950
81989,76039,5950
81990,76040,5950
81991,76041,5950
81992,76042,5950
81993,76043,5950
81995,76045,5950
81996,76046,5950
81998,76048,5950
81999,76049,5950
82001,76051,5950
82002,76052,5950
82003,76053,5950
82005,76055,5950
82006,76056,5950
82007,76057,5950
82008,76058,5950
82009,76059,5950
82010,76060,5950
82011,76061,5950
82013,76063,5950
82014,76064,5950
82016,76066,5950
82017,76067,5950
82018,76068,5950
82019,76069,5950
82020,76070,5950
82022,76072,5950
82023,76073,5950
82024,76074,5950
82025,76075,5950
82027,76077,5950
82029,76079,5950
82030,76080,5950
82031,76081,5950
82032,76082,5950
82033,76083,5950
82035,76085,5950
82036,76086,5950
82038,76088,5950
82039,76089,5950
82040,76090,5950
82041,76091,5950
82042,76092,5950
82044,76094,5950
82046,76096,5950
82048,76098,5950
82049,76099,5950
82050,76100,5950
82051,76101,5950
82053,76103,5950
82055,76105,5950
82057,76107,5950
82058,76108,5950
82059,76109,5950
82061,76111,5950
82063,76113,5950
82064,76114,5950
82065,76115,5950
82066,76116,5950
82068,76118,5950
82069,76119,5950
82070,76120,5950
82072,76122,5950
82073,76123,5950
82074,76124,5950
82075,76125,5950
82076,76126,5950
82078,76128,5950
82079,76129,5950
82080,76130,5950
82081,76131,5950
82082,76132,5950
82083,76133,5950
82085,76135,5950
82086,76136,5950
82088,76138,5950
82090,76140,5950
82091,76141,5950
82092,76142,5950
82093,76143,5950
82095,76145,5950
82097,76147,5950
82098,76148,5950
82099,76149,5950
82100,76150,5950
82101,76151,5950
82102,76152,5950
82104,76154,5950
82106,76156,5950
82107,76157,5950
82109,76159,5950
82110,76160,5950
82112,76162,5950
82113,76163,5950
82114,76164,5950
82115,76165,5950
82117,76167,5950
82119,76168,5951
82120,76169,5951
82122,76171,5951
82123,76172,5951
82124,76173,5951
82125,76174,5951
82126,76175,5951
82127,76176,5951
82129,76178,5951
82130,76179,5951
82131,76180,5951
82132,76181,5951
82134,76183,5951
82135,76184,5951
82136,76185,5951
82138,76187,5951
82139,76188,5951
82140,76189,5951
82142,76191,5951
82143,76192,5951
82145,76194,5951
82146,76195,5951
82147,76196,5951
82148,76197,5951
82150,76199,5951
82151,76200,5951
82152,76201,5951
82153,76202,5951
82154,76203,5951
82155,76204,5951
82157,76206,5951
82158,76207,5951
82159,76208,5951
82161,76210,5951
82162,76211,5951
82163,76212,5951
82164,76213,5951
82166,76215,5951
82168,76217,5951
82169,76218,5951
82170,76219,5951
82171,76220,5951
82173,76222,5951
82174,76223,5951
82176,76225,5951
82178,76227,5951
82179,76228,5951
82180,76229,5951
82181,76230,5951
82182,76231,5951
82183,76232,5951
82185,76234,5951
82186,76235,5951
82187,76236,5951
82188,76237,5951
82190,76239,5951
82191,76240,5951
82192,76241,5951
82194,76243,5951
82195,76244,5951
82196,76245,5951
82198,76247,5951
82199,76248,5951
82201,76250,5951
82202,76251,5951
82203,76252,5951
82204,76253,5951
82206,76255,5951
82207,76256,5951
82208,76257,5951
82209,76258,5951
82210,76259,5951
82211,76260,5951
82213,76262,5951
82214,76263,5951
82215,76264,5951
82217,76266,5951
82218,76267,5951
82219,76268,5951
82220,76269,5951
82221,76270,5951
82222,76271,5951
82223,76272,5951
82224,76273,5951
82225,76274,5951
82226,76275,5951
82227,76276,5951
82229,76278,5951
82230,76279,5951
82232,76281,5951
82233,76282,5951
82235,76284,5951
82236,76285,5951
82237,76286,5951
82239,76288,5951
82240,76289,5951
82241,76290,5951
82242,76291,5951
82243,76292,5951
82245,76294,5951
82246,76295,5951
82248,76297,5951
82249,76298,5951
82251,76300,5951
82252,76301,5951
82253,76302,5951
82254,76303,5951
82255,76304,5951
82257,76306,5951
82258,76307,5951
82259,76308,5951
82260,76309,5951
82262,76311,5951
82264,76313,5951
82265,76314,5951
82266,76315,5951
82267,76316,5951
82268,76317,5951
82270,76319,5951
82271,76320,5951
82273,76322,5951
82274,76323,5951
82275,76324,5951
82277,76326,5951
82278,76327,5951
82280,76329,5951
82282,76331,5951
82284,76333,5951
82285,76334,5951
82287,76336,5951
82288,76337,5951
82290,76339,5951
82292,76341,5951
82294,76343,5951
82295,76344,5951
82296,76345,5951
82298,76347,5951
82300,76349,5951
82301,76350,5951
82302,76351,5951
82303,76352,5951
82305,76354,5951
82306,76355,5951
82308,76355,5953
82310,76357,5953
82311,76358,5953
82312,76359,5953
82313,76360,5953
82314,76361,5953
82316,76363,5953
82317,76364,5953
82318,76365,5953
82319,76366,5953
82320,76367,5953
82321,76368,5953
82323,76370,5953
82324,76371,5953
82326,76373,5953
82328,76375,5953
82329,76376,5953
82330,76377,5953
82331,76378,5953
82333,76380,5953
82335,76382,5953
82336,76383,5953
82337,76384,5953
82338,76385,5953
82339,76386,5953
82340,76387,5953
82342,76389,5953
82344,76391,5953
82345,76392,5953
82347,76394,5953
82348,76395,5953
82350,76397,5953
82351,76398,5953
82352,76399,5953
82353,76400,5953
82355,76402,5953
82357,76404,5953
82358,76405,5953
82360,76407,5953
82361,76408,5953
82362,76409,5953
82363,76410,5953
82364,76411,5953
82365,76412,5953
82367,76414,5953
82368,76415,5953
82369,76416,5953
82370,76417,5953
82372,76419,5953
82373,76420,5953
82374,76421,5953
82376,76423,5953
82377,76424,5953
82378,76425,5953
82380,76427,5953
82381,76428,5953
82383,76430,5953
82384,76431,5953
82385,76432,5953
82386,76433,5953
82388,76435,5953
82389,76436,5953
82390,76437,5953
82391,76438,5953
82392,76439,5953
82393,76440,5953
82395,76442,5953
82396,76443,5953
82397,76444,5953
82399,76446,5953
82400,76447,5953
82401,76448,5953
82402,76449,5953
82404,76451,5953
82406,76453,5953
82407,76454,5953
82408,76455,5953
82409,76456,5953
82411,76458,5953
82412,76459,5953
82414,76461,5953
82416,76463,5953
82417,76464,5953
82418,76465,5953
82419,76466,5953
82420,76467,5953
82421,76468,5953
82423,76470,5953
82424,76471,5953
82425,76472,5953
82426,76473,5953
82428,76475,5953
82429,76476,5953
82430,76477,5953
82432,76479,5953
82433,76480,5953
82434,76481,5953
82436,76483,5953
82437,76484,5953
82439,76486,5953
82440,76487,5953
82441,76488,5953
82442,76489,5953
82444,76491,5953
82445,76492,5953
82446,76493,5953
82447,76494,5953
82448,76495,5953
82449,76496,5953
82450,76497,5953
82451,76498,5953
82452,76499,5953
82454,76501,5953
82455,76502,5953
82456,76503,5953
82457,76504,5953
82458,76505,5953
82459,76506,5953
82460,76507,5953
82461,76508,5953
82462,76509,5953
82463,76510,5953
82464,76511,5953
82466,76513,5953
82467,76514,5953
82469,76516,5953
82470,76517,5953
82472,76519,5953
82473,76520,5953
82474,76521,5953
82476,76523,5953
82477,76524,5953
82478,76525,5953
82479,76526,5953
82480,76527,5953
82481,76528,5953
82482,76529,5953
82483,76530,5953
82484,76531,5953
82486,76533,5953
82487,76534,5953
82488,76535,5953
82489,76536,5953
82490,76537,5953
82492,76539,5953
82493,76540,5953
82494,76541,5953
82495,76542,5953
82497,76544,5953
82498,76545,5953
82499,76546,5953
82500,76547,5953
82501,76548,5953
82503,76550,5953
82505,76552,5953
82506,76553,5953
82508,76555,5953
82509,76556,5953
82510,76557,5953
82512,76558,5954
82513,76559,5954
82515,76561,5954
82517,76563,5954
82518,76564,5954
82519,76565,5954
82521,76566,5955
82522,76567,5955
82524,76569,5955
82526,76571,5955
82527,76572,5955
82528,76573,5955
82529,76574,5955
82531,76576,5955
82533,76578,5955
82534,76579,5955
82535,76580,5955
82536,76581,5955
82538,76583,5955
82539,76584,5955
82540,76585,5955
82542,76587,5955
82544,76589,5955
82545,76590,5955
82546,76591,5955
82547,76592,5955
82549,76594,5955
82550,76595,5955
82551,76596,5955
82552,76597,5955
82553,76598,5955
82554,76599,5955
82556,76601,5955
82557,76602,5955
82559,76604,5955
82560,76605,5955
82562,76607,5955
82563,76608,5955
82564,76609,5955
82566,76611,5955
82567,76612,5955
82568,76612,5956
82570,76614,5956
82571,76615,5956
82572,76616,5956
82573,76617,5956
82575,76619,5956
82576,76620,5956
82577,76621,5956
82578,76622,5956
82579,76623,5956
82581,76625,5956
82583,76627,5956
82584,76628,5956
82586,76630,5956
82587,76631,5956
82588,76632,5956
82590,76634,5956
82591,76635,5956
82593,76637,5956
82594,76638,5956
82596,76640,5956
82598,76642,5956
82600,76644,5956
82601,76645,5956
82602,76646,5956
82604,76648,5956
82605,76648,5957
82606,76649,5957
82607,76650,5957
82608,76651,5957
82609,76652,5957
82610,76653,5957
82612,76655,5957
82613,76656,5957
82614,76657,5957
82615,76658,5957
82616,76659,5957
82618,76661,5957
82620,76663,5957
82622,76665,5957
82624,76667,5957
82625,76668,5957
82627,76670,5957
82628,76671,5957
82630,76673,5957
82631,76674,5957
82632,76675,5957
82633,76676,5957
82635,76678,5957
82637,76680,5957
82638,76681,5957
82639,76682,5957
82640,76683,5957
82641,76684,5957
82643,76686,5957
82645,76688,5957
82646,76689,5957
82648,76691,5957
82649,76692,5957
82650,76693,5957
82652,76695,5957
82654,76697,5957
82655,76698,5957
82656,76699,5957
82657,76700,5957
82658,76701,5957
82659,76702,5957
82660,76703,5957
82661,76704,5957
82662,76705,5957
82663,76706,5957
82664,76707,5957
82665,76708,5957
82666,76709,5957
82667,76709,5958
82669,76711,5958
82671,76713,5958
82672,76714,5958
82673,76715,5958
82674,76715,5959
82675,76716,5959
82676,76717,5959
82677,76718,5959
82679,76720,5959
82681,76722,5959
82682,76723,5959
82683,76724,5959
82685,76726,5959
82686,76727,5959
82687,76728,5959
82688,76729,5959
82689,76730,5959
82690,76731,5959
82692,76733,5959
82693,76734,5959
82694,76735,5959
82695,76736,5959
82696,76737,5959
82698,76739,5959
82699,76740,5959
82700,76741,5959
82701,76742,5959
82703,76744,5959
82704,76745,5959
82706,76747,5959
82707,76748,5959
82708,76749,5959
82709,76750,5959
82710,76751,5959
82711,76752,5959
82712,76753,5959
82714,76755,5959
82715,76756,5959
82716,76757,5959
82717,76758,5959
82718,76758,5960
82719,76759,5960
82720,76760,5960
82722,76762,5960
82724,76763,5961
82725,76764,5961
82727,76766,5961
82728,76767,5961
82730,76769,5961
82731,76770,5961
82732,76771,5961
82733,76772,5961
82735,76774,5961
82736,76775,5961
82737,76776,5961
82739,76778,5961
82740,76779,5961
82741,76780,5961
82742,76781,5961
82744,76783,5961
82745,76784,5961
82746,76785,5961
82747,76786,5961
82748,76787,5961
82749,76787,5962
82751,76788,5963
82752,76789,5963
82753,76790,5963
82755,76791,5964
82757,76792,5965
82758,76793,5965
82759,76794,5965
82760,76795,5965
82761,76796,5965
82763,76797,5966
82764,76798,5966
82765,76799,5966
82766,76800,5966
82768,76802,5966
82769,76803,5966
82770,76804,5966
82771,76805,5966
82772,76806,5966
82773,76807,5966
82774,76808,5966
82775,76809,5966
82776,76810,5966
82777,76811,5966
82778,76812,5966
82779,76813,5966
82780,76814,5966
82782,76816,5966
82784,76817,5967
82785,76818,5967
82786,76819,5967
82787,76820,5967
82789,76822,5967
82790,76823,5967
82791,76824,5967
82792,76824,5968
82793,76825,5968
82794,76826,5968
82796,76828,5968
82797,76829,5968
82799,76831,5968
82800,76832,5968
82802,76834,5968
82803,76835,5968
82804,76836,5968
82805,76837,5968
82806,76838,5968
82807,76839,5968
82808,76840,5968
82809,76841,5968
82811,76843,5968
82813,76845,5968
82814,76846,5968
82815,76847,5968
82816,76848,5968
82817,76849,5968
82818,76850,5968
82819,76851,5968
82821,76853,5968
82822,76854,5968
82823,76855,5968
82824,76856,5968
82825,76857,5968
82826,76858,5968
82828,76860,5968
82830,76862,5968
82832,76864,5968
82833,76865,5968
82834,76866,5968
82835,76867,5968
82837,76869,5968
82838,76870,5968
82839,76871,5968
82840,76872,5968
82842,76874,5968
82843,76875,5968
82844,76876,5968
82845,76877,5968
82846,76878,5968
82847,76879,5968
82848,76880,5968
82849,76881,5968
82850,76882,5968
82851,76883,5968
82852,76884,5968
82853,76885,5968
82855,76887,5968
82856,76888,5968
82858,76890,5968
82859,76891,5968
82860,76892,5968
82861,76893,5968
82862,76894,5968
82863,76895,5968
82864,76896,5968
82865,76897,5968
82866,76898,5968
82867,76899,5968
82868,76900,5968
82869,76901,5968
82871,76903,5968
82872,76904,5968
82874,76906,5968
82875,76907,5968
82876,76908,5968
82877,76909,5968
82878,76910,5968
82880,76912,5968
82881,76913,5968
82882,76914,5968
82884,76916,5968
82886,76918,5968
82888,76920,5968
82889,76921,5968
82890,76922,5968
82891,76923,5968
82893,76925,5968
82895,76927,5968
82896,76928,5968
82897,76929,5968
82898,76930,5968
82899,76931,5968
82901,76933,5968
82902,76934,5968
82903,76935,5968
82904,76936,5968
82905,76937,5968
82906,76938,5968
82908,76940,5968
82910,76942,5968
82911,76943,5968
82912,76944,5968
82913,76945,5968
82914,76946,5968
82915,76947,5968
82917,76949,5968
82919,76951,5968
82920,76952,5968
82921,76953,5968
82922,76954,5968
82923,76955,5968
82924,76956,5968
82925,76957,5968
82926,76958,5968
82927,76959,5968
82928,76960,5968
82929,76961,5968
82931,76963,5968
82932,76964,5968
82933,76965,5968
82934,76966,5968
82936,76968,5968
82937,76969,5968
82938,76970,5968
82940,76972,5968
82941,76973,5968
82942,76974,5968
82943,76975,5968
82944,76976,5968
82945,76977,5968
82946,76978,5968
82948,76980,5968
82949,76981,5968
82950,76982,5968
82951,76983,5968
82952,76984,5968
82954,76986,5968
82955,76987,5968
82956,76988,5968
82957,76989,5968
82958,76990,5968
82959,76991,5968
82961,76993,5968
82962,76994,5968
82963,76995,5968
82964,76996,5968
82965,76997,5968
82967,76999,5968
82968,77000,5968
82969,77001,5968
82970,77002,5968
82972,77004,5968
82973,77005,5968
82975,77007,5968
82976,77008,5968
82977,77009,5968
82978,77010,5968
82979,77011,5968
82980,77012,5968
82981,77013,5968
82982,77014,5968
82984,77016,5968
82985,77017,5968
82987,77019,5968
82988,77020,5968
82990,77022,5968
82992,77024,5968
82994,77026,5968
82995,77027,5968
82997,77029,5968
82998,77030,5968
83000,77032,5968
83002,77034,5968
83003,77035,5968
83004,77036,5968
83006,77038,5968
83007,77039,5968
83009,77041,5968
83010,77042,5968
83011,77043,5968
83012,77044,5968
83014,77046,5968
83015,77047,5968
83016,77048,5968
83018,77050,5968
83019,77051,5968
83021,77053,5968
83022,77054,5968
83023,77055,5968
83024,77056,5968
83025,77057,5968
83026,77058,5968
83028,77060,5968
83029,77061,5968
83030,77062,5968
83032,77063,5969
83033,77064,5969
83034,77065,5969
83036,77067,5969
83037,77068,5969
83038,77069,5969
83040,77071,5969
83041,77072,5969
83042,77073,5969
83043,77074,5969
83044,77075,5969
83045,77076,5969
83046,77077,5969
83047,77078,5969
83049,77079,5970
83051,77081,5970
83052,77082,5970
83053,77083,5970
83054,77084,5970
83056,77086,5970
83057,77087,5970
83058,77087,5971
83059,77088,5971
83060,77089,5971
83062,77091,5971
83063,77092,5971
83064,77093,5971
83065,77094,5971
83066,77095,5971
83068,77097,5971
83069,77098,5971
83071,77100,5971
83072,77101,5971
83074,77103,5971
83075,77104,5971
83076,77105,5971
83077,77105,5972
83078,77106,5972
83079,77107,5972
83081,77109,5972
83082,77110,5972
83083,77111,5972
83084,77112,5972
83085,77113,5972
83087,77115,5972
83088,77116,5972
83089,77117,5972
83091,77119,5972
83092,77120,5972
83093,77120,5973
83094,77121,5973
83095,77122,5973
83097,77124,5973
83098,77125,5973
83100,77127,5973
83101,77128,5973
83103,77130,5973
83104,77131,5973
83105,77132,5973
83107,77134,5973
83108,77135,5973
83109,77136,5973
83110,77137,5973
83112,77139,5973
83113,77140,5973
83114,77141,5973
83115,77142,5973
83117,77144,5973
83118,77145,5973
83119,77146,5973
83120,77147,5973
83122,77149,5973
83123,77150,5973
83124,77151,5973
83125,77152,5973
83127,77154,5973
83129,77156,5973
83130,77157,5973
83132,77159,5973
83133,77160,5973
83134,77161,5973
83135,77162,5973
83136,77163,5973
83138,77165,5973
83139,77166,5973
83140,77167,5973
83141,77168,5973
83142,77169,5973
83143,77170,5973
83144,77171,5973
83146,77173,5973
83147,77174,5973
83148,77175,5973
83149,77176,5973
83150,77177,5973
83152,77179,5973
83154,77181,5973
83155,77182,5973
83157,77184,5973
83158,77185,5973
83160,77187,5973
83162,77189,5973
83163,77190,5973
83164,77191,5973
83165,77192,5973
83166,77193,5973
83168,77195,5973
83169,77196,5973
83171,77198,5973
83172,77199,5973
83173,77200,5973
83175,77202,5973
83176,77203,5973
83178,77205,5973
83179,77206,5973
83181,77208,5973
83182,77209,5973
83184,77211,5973
83185,77212,5973
83187,77214,5973
83188,77215,5973
83189,77216,5973
83190,77217,5973
83191,77218,5973
83193,77220,5973
83194,77220,5974
83195,77221,5974
83197,77223,5974
83198,77224,5974
83200,77226,5974
83202,77228,5974
83204,77230,5974
83205,77231,5974
83207,77233,5974
83208,77234,5974
83210,77236,5974
83211,77237,5974
83212,77238,5974
83214,77240,5974
83215,77241,5974
83216,77242,5974
83217,77243,5974
83218,77244,5974
83220,77246,5974
83221,77247,5974
83223,77248,5975
83224,77249,5975
83225,77250,5975
83226,77251,5975
83227,77252,5975
83228,77253,5975
83229,77254,5975
83231,77256,5975
83232,77257,5975
83233,77258,5975
83234,77259,5975
83235,77260,5975
83236,77261,5975
83237,77262,5975
83238,77263,5975
83239,77264,5975
83241,77266,5975
83242,77267,5975
83243,77268,5975
83244,77269,5975
83245,77270,5975
83246,77271,5975
83247,77272,5975
83248,77273,5975
83249,77274,5975
83251,77276,5975
83252,77277,5975
83253,77278,5975
83254,77279,5975
83255,77280,5975
83256,77281,5975
83257,77282,5975
83258,77283,5975
83259,77284,5975
83261,77286,5975
83262,77287,5975
83263,77288,5975
83264,77289,5975
83265,77290,5975
83266,77291,5975
83267,77292,5975
83268,77293,5975
83269,77294,5975
83271,77296,5975
83272,77297,5975
83273,77298,5975
83274,77299,5975
83275,77300,5975
83276,77301,5975
83277,77302,5975
83278,77303,5975
83279,77304,5975
83281,77306,5975
83282,77307,5975
83283,77308,5975
83284,77309,5975
83285,77310,5975
83286,77311,5975
83287,77312,5975
83288,77313,5975
83289,77314,5975
83291,77316,5975
83292,77317,5975
83293,77318,5975
83294,77319,5975
83295,77320,5975
83296,77321,5975
83297,77322,5975
83298,77323,5975
83299,77324,5975
83301,77326,5975
83302,77327,5975
83303,77328,5975
83304,77329,5975
83305,77330,5975
83306,77331,5975
83307,77332,5975
83308,77333,5975
83309,77334,5975
83311,77336,5975
83312,77337,5975
83313,77338,5975
83314,77339,5975
83315,77340,5975
83316,77341,5975
83318,77343,5975
83320,77345,5975
83321,77346,5975
83322,77347,5975
83324,77349,5975
83326,77351,5975
83327,77352,5975
83328,77353,5975
83330,77355,5975
83331,77356,5975
83332,77357,5975
83333,77358,5975
83335,77360,5975
83336,77361,5975
83337,77362,5975
83338,77363,5975
83340,77365,5975
83342,77367,5975
83343,77368,5975
83344,77369,5975
83346,77371,5975
83348,77373,5975
83349,77374,5975
83350,77375,5975
83352,77377,5975
83354,77379,5975
83355,77380,5975
83357,77382,5975
83359,77384,5975
83360,77385,5975
83362,77387,5975
83364,77389,5975
83366,77391,5975
83367,77392,5975
83368,77393,5975
83370,77395,5975
83372,77397,5975
83373,77398,5975
83375,77400,5975
83377,77402,5975
83378,77403,5975
83379,77404,5975
83381,77406,5975
83382,77407,5975
83384,77409,5975
83385,77410,5975
83386,77411,5975
83388,77413,5975
83390,77415,5975
83391,77416,5975
83393,77418,5975
83394,77419,5975
83396,77421,5975
83397,77422,5975
83399,77424,5975
83401,77426,5975
83403,77428,5975
83404,77429,5975
83406,77431,5975
83407,77432,5975
83409,77434,5975
83410,77435,5975
83412,77437,5975
83413,77438,5975
83414,77439,5975
83415,77440,5975
83416,77441,5975
83417,77442,5975
83418,77443,5975
83419,77444,5975
83420,77445,5975
83421,77446,5975
83422,77447,5975
83423,77448,5975
83424,77449,5975
83425,77450,5975
83426,77451,5975
83428,77453,5975
83429,77454,5975
83430,77455,5975
83431,77456,5975
83433,77458,5975
83434,77459,5975
83435,77460,5975
83437,77462,5975
83439,77464,5975
83440,77465,5975
83442,77467,5975
83444,77469,5975
83446,77471,5975
83447,77472,5975
83448,77473,5975
83449,77474,5975
83450,77475,5975
83451,77476,5975
83453,77478,5975
83454,77479,5975
83456,77481,5975
83458,77483,5975
83460,77485,5975
83461,77486,5975
83463,77488,5975
83464,77489,5975
83466,77491,5975
83467,77492,5975
83468,77493,5975
83469,77494,5975
83471,77496,5975
83473,77498,5975
83474,77499,5975
83475,77500,5975
83476,77501,5975
83478,77503,5975
83480,77505,5975
83481,77506,5975
83483,77508,5975
83484,77509,5975
83485,77510,5975
83486,77511,5975
83488,77513,5975
83489,77514,5975
83490,77515,5975
83491,77516,5975
83492,77517,5975
83494,77519,5975
83495,77520,5975
83496,77521,5975
83497,77522,5975
83499,77524,5975
83500,77525,5975
83501,77526,5975
83502,77527,5975
83503,77528,5975
83505,77530,5975
83507,77532,5975
83508,77533,5975
83510,77535,5975
83511,77536,5975
83512,77537,5975
83513,77538,5975
83514,77539,5975
83516,77541,5975
83518,77543,5975
83519,77544,5975
83520,77545,5975
83521,77546,5975
83522,77547,5975
83524,77549,5975
83526,77551,5975
83527,77552,5975
83528,77553,5975
83529,77554,5975
83531,77556,5975
83533,77558,5975
83534,77559,5975
83535,77560,5975
83536,77561,5975
83538,77563,5975
83539,77564,5975
83541,77566,5975
83543,77568,5975
83545,77570,5975
83546,77571,5975
83547,77572,5975
83548,77573,5975
83550,77575,5975
83551,77576,5975
83552,77577,5975
83553,77578,5975
83554,77579,5975
83555,77580,5975
83557,77582,5975
83558,77583,5975
83560,77585,5975
83562,77587,5975
83563,77588,5975
83564,77589,5975
83565,77590,5975
83567,77592,5975
83569,77594,5975
83570,77595,5975
83571,77596,5975
83572,77597,5975
83573,77598,5975
83574,77599,5975
83575,77600,5975
83576,77601,5975
83577,77602,5975
83578,77603,5975
83579,77604,5975
83581,77606,5975
83582,77607,5975
83584,77609,5975
83585,77610,5975
83586,77611,5975
83587,77612,5975
83588,77613,5975
83590,77615,5975
83591,77616,5975
83592,77617,5975
83593,77618,5975
83595,77620,5975
83597,77622,5975
83598,77623,5975
83599,77624,5975
83600,77625,5975
83601,77626,5975
83603,77628,5975
83604,77629,5975
83606,77631,5975
83607,77632,5975
83608,77633,5975
83609,77634,5975
83610,77635,5975
83612,77637,5975
83614,77639,5975
83616,77641,5975
83617,77642,5975
83618,77643,5975
83619,77644,5975
83621,77646,5975
83623,77648,5975
83625,77650,5975
83626,77651,5975
83627,77652,5975
83629,77654,5975
83631,77656,5975
83632,77657,5975
83633,77658,5975
83634,77659,5975
83636,77661,5975
83637,77662,5975
83638,77663,5975
83640,77665,5975
83641,77666,5975
83642,77667,5975
83643,77668,5975
83644,77669,5975
83646,77671,5975
83647,77672,5975
83648,77673,5975
83649,77674,5975
83650,77675,5975
83651,77676,5975
83653,77678,5975
83654,77679,5975
83656,77681,5975
83658,77683,5975
83659,77684,5975
83660,77685,5975
83661,77686,5975
83663,77688,5975
83665,77690,5975
83666,77691,5975
83667,77692,5975
83668,77693,5975
83669,77694,5975
83670,77695,5975
83671,77696,5975
83672,77697,5975
83673,77698,5975
83675,77700,5975
83676,77701,5975
83678,77703,5975
83679,77704,5975
83681,77706,5975
83682,77707,5975
83683,77708,5975
83684,77709,5975
83685,77710,5975
83687,77712,5975
83688,77713,5975
83689,77714,5975
83690,77715,5975
83692,77717,5975
83694,77719,5975
83695,77720,5975
83696,77721,5975
83697,77722,5975
83698,77723,5975
83700,77725,5975
83701,77726,5975
83703,77728,5975
83704,77729,5975
83705,77730,5975
83707,77732,5975
83708,77733,5975
83710,77735,5975
83712,77737,5975
83714,77739,5975
83715,77740,5975
83717,77742,5975
83718,77743,5975
83720,77745,5975
83722,77747,5975
83724,77749,5975
83725,77750,5975
83726,77751,5975
83728,77753,5975
83730,77755,5975
83731,77756,5975
83732,77757,5975
83733,77758,5975
83735,77760,5975
83736,77761,5975
83737,77761,5976
83739,77763,5976
83740,77764,5976
83741,77765,5976
83742,77766,5976
83743,77767,5976
83745,77769,5976
83746,77770,5976
83747,77771,5976
83748,77772,5976
83749,77773,5976
83750,77774,5976
83752,77776,5976
83753,77777,5976
83755,77779,5976
83756,77780,5976
83758,77782,5976
83759,77783,5976
83760,77784,5976
83761,77785,5976
83762,77786,5976
83763,77786,5977
83765,77788,5977
83766,77789,5977
83767,77790,5977
83769,77792,5977
83771,77794,5977
83772,77795,5977
83773,77796,5977
83774,77797,5977
83775,77798,5977
83777,77800,5977
83779,77802,5977
83780,77803,5977
83782,77805,5977
83783,77806,5977
83784,77807,5977
83786,77809,5977
83787,77810,5977
83789,77812,5977
83790,77813,5977
83792,77815,5977
83794,77817,5977
83796,77819,5977
83797,77820,5977
83798,77821,5977
83800,77823,5977
83802,77823,5979
83803,77824,5979
83804,77825,5979
83805,77826,5979
83806,77827,5979
83807,77828,5979
83808,77829,5979
83809,77830,5979
83811,77832,5979
83812,77833,5979
83813,77834,5979
83814,77835,5979
83815,77836,5979
83816,77837,5979
83817,77838,5979
83819,77840,5979
83821,77842,5979
83822,77843,5979
83823,77844,5979
83824,77845,5979
83826,77847,5979
83828,77849,5979
83830,77851,5979
83832,77853,5979
83833,77854,5979
83835,77856,5979
83836,77857,5979
83838,77859,5979
83839,77860,5979
83840,77861,5979
83841,77862,5979
83843,77864,5979
83845,77866,5979
83846,77867,5979
83847,77868,5979
83848,77869,5979
83849,77870,5979
83851,77872,5979
83853,77874,5979
83854,77875,5979
83856,77877,5979
83857,77878,5979
83858,77879,5979
83860,77881,5979
83862,77883,5979
83863,77884,5979
83864,77885,5979
83865,77886,5979
83866,77887,5979
83867,77888,5979
83868,77889,5979
83869,77890,5979
83870,77891,5979
83871,77892,5979
83872,77893,5979
83873,77894,5979
83874,77895,5979
83875,77896,5979
83877,77898,5979
83879,77900,5979
83880,77901,5979
83881,77902,5979
83882,77902,5980
83883,77903,5980
83884,77904,5980
83885,77905,5980
83887,77907,5980
83889,77909,5980
83890,77910,5980
83891,77911,5980
83893,77913,5980
83894,77914,5980
83895,77915,5980
83896,77916,5980
83897,77917,5980
83898,77918,5980
83900,77920,5980
83901,77921,5980
83902,77922,5980
83903,77923,5980
83904,77924,5980
83906,77926,5980
83907,77927,5980
83909,77929,5980
83910,77930,5980
83911,77931,5980
83912,77932,5980
83913,77933,5980
83915,77935,5980
83916,77936,5980
83917,77937,5980
83918,77938,5980
83919,77939,5980
83920,77940,5980
83922,77942,5980
83923,77943,5980
83924,77944,5980
83925,77945,5980
83927,77947,5980
83928,77948,5980
83929,77949,5980
83930,77950,5980
83931,77951,5980
83932,77952,5980
83933,77953,5980
83934,77954,5980
83935,77955,5980
83937,77957,5980
83938,77958,5980
83939,77959,5980
83940,77960,5980
83941,77961,5980
83942,77962,5980
83943,77963,5980
83945,77965,5980
83946,77966,5980
83947,77967,5980
83948,77968,5980
83950,77970,5980
83951,77971,5980
83953,77973,5980
83955,77975,5980
83956,77976,5980
83957,77977,5980
83958,77978,5980
83959,77979,5980
83961,77981,5980
83962,77982,5980
83963,77983,5980
83964,77984,5980
83966,77986,5980
83967,77987,5980
83968,77988,5980
83969,77989,5980
83970,77990,5980
83971,77991,5980
83972,77992,5980
83973,77993,5980
83974,77994,5980
83975,77995,5980
83976,77996,5980
83977,77997,5980
83979,77999,5980
83980,78000,5980
83982,78002,5980
83983,78003,5980
83984,78004,5980
83985,78005,5980
83986,78006,5980
83987,78007,5980
83988,78008,5980
83989,78009,5980
83990,78010,5980
83991,78011,5980
83992,78012,5980
83993,78013,5980
83995,78015,5980
83996,78016,5980
83998,78018,5980
83999,78019,5980
84000,78020,5980
84001,78021,5980
84002,78022,5980
84004,78024,5980
84005,78025,5980
84006,78026,5980
84008,78028,5980
84010,78030,5980
84012,78032,5980
84013,78033,5980
84014,78034,5980
84015,78035,5980
84017,78037,5980
84019,78039,5980
84020,78040,5980
84021,78041,5980
84022,78042,5980
84023,78043,5980
84025,78045,5980
84026,78046,5980
84027,78047,5980
84028,78048,5980
84029,78049,5980
84030,78050,5980
84032,78052,5980
84034,78054,5980
84035,78055,5980
84036,78056,5980
84037,78057,5980
84038,78058,5980
84039,78059,5980
84041,78061,5980
84043,78063,5980
84044,78064,5980
84045,78065,5980
84046,78066,5980
84047,78067,5980
84048,78068,5980
84049,78069,5980
84050,78070,5980
84051,78071,5980
84052,78072,5980
84053,78073,5980
84055,78075,5980
84056,78076,5980
84057,78077,5980
84058,78078,5980
84060,78080,5980
84061,78081,5980
84062,78082,5980
84064,78084,5980
84065,78085,5980
84066,78086,5980
84067,78087,5980
84068,78088,5980
84069,78089,5980
84070,78090,5980
84072,78092,5980
84073,78093,5980
84074,78094,5980
84075,78095,5980
84076,78096,5980
84078,78098,5980
84079,78099,5980
84080,78100,5980
84081,78101,5980
84082,78102,5980
84083,78103,5980
84085,78105,5980
84086,78106,5980
84087,78107,5980
84088,78108,5980
84090,78110,5980
84092,78112,5980
84093,78113,5980
84094,78114,5980
84095,78115,5980
84097,78117,5980
84098,78118,5980
84100,78120,5980
84101,78121,5980
84102,78122,5980
84103,78123,5980
84104,78124,5980
84105,78125,5980
84106,78126,5980
84107,78127,5980
84109,78129,5980
84110,78130,5980
84112,78132,5980
84113,78133,5980
84115,78135,5980
84117,78137,5980
84119,78139,5980
84120,78140,5980
84122,78142,5980
84123,78143,5980
84125,78145,5980
84127,78147,5980
84128,78148,5980
84129,78149,5980
84131,78151,5980
84132,78152,5980
84134,78154,5980
84135,78155,5980
84136,78156,5980
84137,78157,5980
84139,78159,5980
84140,78160,5980
84141,78161,5980
84143,78163,5980
84144,78164,5980
84146,78166,5980
84147,78167,5980
84148,78168,5980
84149,78169,5980
84150,78170,5980
84151,78171,5980
84153,78173,5980
84154,78174,5980
84155,78175,5980
84156,78176,5980
84157,78177,5980
84158,78178,5980
84160,78180,5980
84161,78181,5980
84162,78182,5980
84164,78184,5980
84165,78185,5980
84166,78186,5980
84167,78187,5980
84168,78188,5980
84169,78189,5980
84171,78190,5981
84172,78191,5981
84173,78192,5981
84175,78194,5981
84176,78195,5981
84177,78196,5981
84178,78197,5981
84180,78199,5981
84181,78200,5981
84183,78201,5982
84184,78202,5982
84185,78203,5982
84187,78205,5982
84188,78206,5982
84189,78207,5982
84190,78208,5982
84191,78209,5982
84193,78211,5982
84194,78212,5982
84195,78213,5982
84196,78214,5982
84198,78216,5982
84199,78217,5982
84200,78218,5982
84201,78219,5982
84202,78220,5982
84203,78221,5982
84205,78223,5982
84206,78224,5982
84207,78225,5982
84208,78226,5982
84209,78227,5982
84211,78229,5982
84212,78230,5982
84213,78231,5982
84215,78233,5982
84216,78234,5982
84217,78234,5983
84218,78235,5983
84219,78236,5983
84221,78238,5983
84222,78239,5983
84224,78241,5983
84225,78242,5983
84227,78244,5983
84228,78245,5983
84229,78246,5983
84231,78248,5983
84232,78249,5983
84233,78250,5983
84234,78251,5983
84236,78253,5983
84237,78254,5983
84238,78255,5983
84239,78256,5983
84241,78258,5983
84242,78259,5983
84243,78260,5983
84244,78261,5983
84246,78263,5983
84247,78264,5983
84248,78265,5983
84249,78266,5983
84251,78268,5983
84253,78270,5983
84254,78271,5983
84256,78273,5983
84257,78274,5983
84258,78275,5983
84259,78276,5983
84260,78277,5983
84262,78279,5983
84263,78280,5983
84264,78281,5983
84265,78282,5983
84266,78283,5983
84267,78284,5983
84268,78285,5983
84270,78287,5983
84271,78288,5983
84272,78289,5983
84273,78290,5983
84274,78291,5983
84276,78293,5983
84278,78295,5983
84279,78296,5983
84281,78298,5983
84282,78299,5983
84284,78301,5983
84286,78303,5983
84287,78304,5983
84288,78305,5983
84289,78306,5983
84290,78307,5983
84292,78309,5983
84293,78310,5983
84295,78312,5983
84296,78313,5983
84297,78314,5983
84299,78316,5983
84300,78317,5983
84302,78319,5983
84303,78320,5983
84305,78322,5983
84306,78323,5983
84308,78325,5983
84309,78326,5983
84311,78328,5983
84312,78329,5983
84313,78330,5983
84314,78331,5983
84315,78332,5983
84317,78334,5983
84319,78334,5985
84320,78335,5985
84322,78337,5985
84323,78338,5985
84325,78340,5985
84327,78342,5985
84329,78344,5985
84330,78345,5985
84332,78347,5985
84333,78348,5985
84335,78350,5985
84336,78351,5985
84337,78352,5985
84339,78354,5985
84340,78355,5985
84341,78356,5985
84342,78357,5985
84343,78358,5985
84345,78360,5985
84346,78361,5985
84347,78362,5985
84348,78363,5985
84349,78364,5985
84350,78365,5985
84351,78366,5985
84352,78367,5985
84353,78368,5985
84355,78370,5985
84356,78371,5985
84357,78372,5985
84358,78373,5985
84359,78374,5985
84360,78375,5985
84361,78376,5985
84362,78377,5985
84363,78378,5985
84365,78380,5985
84366,78381,5985
84367,78382,5985
84368,78383,5985
84369,78384,5985
84370,78385,5985
84371,78386,5985
84372,78387,5985
84373,78388,5985
84375,78390,5985
84376,78391,5985
84377,78392,5985
84378,78393,5985
84379,78394,5985
84380,78395,5985
84381,78396,5985
84382,78397,5985
84383,78398,5985
84385,78400,5985
84386,78401,5985
84387,78402,5985
84388,78403,5985
84389,78404,5985
84390,78405,5985
84391,78406,5985
84392,78407,5985
84393,78408,5985
84395,78410,5985
84396,78411,5985
84397,78412,5985
84398,78413,5985
84399,78414,5985
84400,78415,5985
84402,78417,5985
84404,78419,5985
84405,78420,5985
84406,78421,5985
84408,78423,5985
84410,78425,5985
84411,78426,5985
84412,78427,5985
84414,78429,5985
84415,78430,5985
84416,78431,5985
84417,78432,5985
84419,78434,5985
84420,78435,5985
84421,78436,5985
84422,78437,5985
84424,78439,5985
84426,78441,5985
84427,78442,5985
84428,78443,5985
84430,78445,5985
84432,78447,5985
84433,78448,5985
84434,78449,5985
84436,78451,5985
84438,78453,5985
84439,78454,5985
84441,78456,5985
84443,78458,5985
84444,78459,5985
84446,78461,5985
84448,78463,5985
84450,78465,5985
84451,78466,5985
84452,78467,5985
84454,78469,5985
84456,78471,5985
84457,78472,5985
84459,78474,5985
84461,78476,5985
84462,78477,5985
84463,78478,5985
84465,78480,5985
84466,78481,5985
84468,78483,5985
84469,78484,5985
84470,78485,5985
84472,78487,5985
84474,78489,5985
84475,78490,5985
84477,78492,5985
84478,78493,5985
84480,78495,5985
84481,78496,5985
84483,78498,5985
84485,78500,5985
84487,78502,5985
84488,78503,5985
84490,78505,5985
84491,78506,5985
84493,78508,5985
84494,78509,5985
84496,78511,5985
84497,78512,5985
84498,78513,5985
84499,78514,5985
84500,78515,5985
84501,78516,5985
84502,78517,5985
84503,78518,5985
84504,78519,5985
84505,78520,5985
84506,78521,5985
84507,78522,5985
84508,78523,5985
84509,78524,5985
84510,78525,5985
84512,78527,5985
84513,78528,5985
84514,78529,5985
84515,78530,5985
84517,78532,5985
84518,78533,5985
84519,78534,5985
84521,78536,5985
84523,78538,5985
84524,78539,5985
84526,78541,5985
84528,78543,5985
84530,78545,5985
84531,78546,5985
84532,78547,5985
84533,78548,5985
84534,78549,5985
84535,78550,5985
84537,78552,5985
84538,78553,5985
84540,78555,5985
84542,78557,5985
84544,78559,5985
84545,78560,5985
84547,78562,5985
84548,78563,5985
84550,78565,5985
84551,78566,5985
84552,78567,5985
84553,78568,5985
84555,78570,5985
84557,78572,5985
84558,78573,5985
84559,78574,5985
84560,78575,5985
84562,78577,5985
84564,78579,5985
84565,78580,5985
84567,78582,5985
84568,78583,5985
84569,78584,5985
84570,78585,5985
84572,78587,5985
84573,78588,5985
84574,78589,5985
84575,78590,5985
84576,78591,5985
84578,78593,5985
84579,78594,5985
84580,78595,5985
84581,78596,5985
84583,78598,5985
84584,78599,5985
84585,78600,5985
84586,78601,5985
84587,78602,5985
84589,78604,5985
84591,78606,5985
84592,78607,5985
84594,78609,5985
84595,78610,5985
84596,78611,5985
84597,78612,5985
84598,78613,5985
84600,78615,5985
84602,78617,5985
84603,78618,5985
84604,78619,5985
84605,78620,5985
84606,78621,5985
84608,78623,5985
84610,78625,5985
84611,78626,5985
84612,78627,5985
84613,78628,5985
84615,78630,5985
84617,78632,5985
84618,78633,5985
84619,78634,5985
84620,78635,5985
84622,78637,5985
84623,78638,5985
84625,78640,5985
84627,78642,5985
84629,78644,5985
84630,78645,5985
84631,78646,5985
84632,78647,5985
84634,78649,5985
84635,78650,5985
84636,78651,5985
84637,78652,5985
84638,78653,5985
84639,78654,5985
84641,78656,5985
84642,78657,5985
84644,78659,5985
84646,78661,5985
84647,78662,5985
84648,78663,5985
84649,78664,5985
84651,78666,5985
84653,78668,5985
84654,78669,5985
84655,78670,5985
84656,78671,5985
84657,78672,5985
84658,78673,5985
84659,78674,5985
84660,78675,5985
84661,78676,5985
84662,78677,5985
84663,78678,5985
84665,78680,5985
84666,78681,5985
84668,78683,5985
84669,78684,5985
84670,78685,5985
84671,78686,5985
84672,78687,5985
84674,78689,5985
84675,78690,5985
84676,78691,5985
84677,78692,5985
84679,78694,5985
84681,78696,5985
84682,78697,5985
84683,78698,5985
84684,78699,5985
84685,78700,5985
84687,78702,5985
84688,78703,5985
84690,78705,5985
84691,78706,5985
84692,78707,5985
84693,78708,5985
84694,78709,5985
84696,78711,5985
84698,78713,5985
84700,78715,5985
84701,78716,5985
84702,78717,5985
84703,78718,5985
84705,78720,5985
84707,78722,5985
84709,78724,5985
84710,78725,5985
84711,78726,5985
84713,78728,5985
84715,78730,5985
84716,78731,5985
84717,78732,5985
84718,78733,5985
84720,78735,5985
84721,78736,5985
84722,78737,5985
84724,78739,5985
84725,78740,5985
84726,78741,5985
84727,78742,5985
84728,78743,5985
84730,78745,5985
84731,78746,5985
84732,78747,5985
84733,78748,5985
84734,78749,5985
84735,78750,5985
84737,78752,5985
84738,78753,5985
84740,78755,5985
84742,78757,5985
84743,78758,5985
84744,78759,5985
84745,78760,5985
84747,78762,5985
84749,78764,5985
84750,78765,5985
84751,78766,5985
84752,78767,5985
84753,78768,5985
84754,78769,5985
84755,78770,5985
84756,78771,5985
84757,78772,5985
84759,78774,5985
84760,78775,5985
84762,78777,5985
84763,78778,5985
84765,78780,5985
84766,78781,5985
84767,78782,5985
84768,78783,5985
84769,78784,5985
84771,78786,5985
84772,78787,5985
84773,78788,5985
84774,78789,5985
84776,78791,5985
84778,78793,5985
84779,78794,5985
84780,78795,5985
84781,78796,5985
84782,78797,5985
84784,78799,5985
84785,78800,5985
84787,78802,5985
84788,78803,5985
84789,78804,5985
84791,78806,5985
84792,78807,5985
84794,78809,5985
84796,78811,5985
84798,78813,5985
84799,78814,5985
84801,78816,5985
84802,78817,5985
84804,78819,5985
84806,78821,5985
84808,78823,5985
84809,78824,5985
84810,78825,5985
84812,78827,5985
84814,78829,5985
84815,78830,5985
84816,78831,5985
84817,78832,5985
84819,78834,5985
84820,78835,5985
84822,78836,5986
84824,78838,5986
84825,78839,5986
84826,78840,5986
84827,78841,5986
84828,78842,5986
84830,78844,5986
84831,78845,5986
84832,78846,5986
84833,78847,5986
84834,78848,5986
84835,78849,5986
84837,78851,5986
84838,78852,5986
84840,78854,5986
84841,78855,5986
84843,78857,5986
84844,78858,5986
84845,78859,5986
84846,78860,5986
84847,78861,5986
84848,78862,5986
84850,78864,5986
84851,78865,5986
84852,78866,5986
84854,78868,5986
84856,78870,5986
84857,78871,5986
84858,78872,5986
84859,78873,5986
84860,78874,5986
84862,78876,5986
84864,78878,5986
84865,78879,5986
84867,78881,5986
84868,78882,5986
84869,78883,5986
84871,78885,5986
84872,78886,5986
84874,78888,5986
84875,78889,5986
84877,78891,5986
84879,78893,5986
84881,78895,5986
84882,78896,5986
84883,78897,5986
84885,78899,5986
84887,78900,5987
84888,78901,5987
84889,78902,5987
84890,78903,5987
84891,78904,5987
84892,78905,5987
84893,78906,5987
84894,78907,5987
84896,78909,5987
84897,78910,5987
84898,78911,5987
84899,78912,5987
84900,78913,5987
84901,78914,5987
84902,78915,5987
84904,78917,5987
84906,78919,5987
84907,78920,5987
84908,78921,5987
84909,78922,5987
84911,78924,5987
84913,78926,5987
84915,78928,5987
84917,78930,5987
84918,78931,5987
84920,78933,5987
84921,78934,5987
84923,78936,5987
84924,78937,5987
84925,78938,5987
84926,78939,5987
84928,78941,5987
84930,78943,5987
84931,78944,5987
84932,78945,5987
84933,78946,5987
84934,78947,5987
84936,78949,5987
84938,78951,5987
84939,78952,5987
84941,78954,5987
84942,78955,5987
84943,78956,5987
84945,78958,5987
84947,78960,5987
84948,78961,5987
84949,78962,5987
84950,78963,5987
84951,78964,5987
84952,78965,5987
84953,78966,5987
84954,78967,5987
84955,78968,5987
84956,78969,5987
84957,78970,5987
84958,78971,5987
84959,78972,5987
84960,78973,5987
84962,78975,5987
84964,78977,5987
84965,78978,5987
84966,78979,5987
84967,78979,5988
84968,78980,5988
84969,78981,5988
84970,78982,5988
84972,78984,5988
84974,78986,5988
84975,78987,5988
84976,78988,5988
84978,78990,5988
84979,78991,5988
84980,78992,5988
84981,78993,5988
84982,78994,5988
84983,78995,5988
84985,78997,5988
84986,78998,5988
84987,78999,5988
84988,79000,5988
84989,79001,5988
84991,79003,5988
84992,79004,5988
84994,79006,5988
84995,79007,5988
84996,79008,5988
84997,79009,5988
84998,79010,5988
85000,79012,5988
85001,79013,5988
85002,79014,5988
85003,79015,5988
85004,79016,5988
85005,79017,5988
85007,79019,5988
85008,79020,5988
85009,79021,5988
85010,79022,5988
85012,79024,5988
85013,79025,5988
85014,79026,5988
85015,79027,5988
85016,79028,5988
85017,79029,5988
85018,79030,5988
85019,79031,5988
85020,79032,5988
85022,79034,5988
85023,79035,5988
85024,79036,5988
85025,79037,5988
85026,79038,5988
85027,79039,5988
85028,79040,5988
85030,79042,5988
85031,79043,5988
85032,79044,5988
85033,79045,5988
85035,79047,5988
85036,79048,5988
85038,79050,5988
85040,79052,5988
85041,79053,5988
85042,79054,5988
85043,79055,5988
85044,79056,5988
85046,79058,5988
85047,79059,5988
85048,79060,5988
85049,79061,5988
85051,79063,5988
85052,79064,5988
85053,79065,5988
85054,79066,5988
85055,79067,5988
85056,79068,5988
85057,79069,5988
85058,79070,5988
85059,79071,5988
85060,79072,5988
85061,79073,5988
85062,79074,5988
85064,79076,5988
85065,79077,5988
85067,79079,5988
85068,79080,5988
85069,79081,5988
85070,79082,5988
85071,79083,5988
85072,79084,5988
85073,79085,5988
85074,79086,5988
85075,79087,5988
85076,79088,5988
85077,79089,5988
85078,79090,5988
85080,79092,5988
85081,79093,5988
85083,79095,5988
85084,79096,5988
85085,79097,5988
85086,79098,5988
85087,79099,5988
85089,79101,5988
85090,79102,5988
85091,79103,5988
85093,79105,5988
85095,79107,5988
85097,79109,5988
85098,79110,5988
85099,79111,5988
85100,79112,5988
85102,79114,5988
85104,79116,5988
85105,79117,5988
85106,79118,5988
85107,79119,5988
85108,79120,5988
85110,79122,5988
85111,79123,5988
85112,79124,5988
85113,79125,5988
85114,79126,5988
85115,79127,5988
85117,79129,5988
85119,79131,5988
85120,79132,5988
85121,79133,5988
85122,79134,5988
85123,79135,5988
85124,79136,5988
85126,79138,5988
85128,79140,5988
85129,79141,5988
85130,79142,5988
85131,79143,5988
85132,79144,5988
85133,79145,5988
85134,79146,5988
85135,79147,5988
85136,79148,5988
85137,79149,5988
85138,79150,5988
85140,79152,5988
85141,79153,5988
85142,79154,5988
85143,79155,5988
85145,79157,5988
85146,79158,5988
85147,79159,5988
85149,79161,5988
85150,79162,5988
85151,79163,5988
85152,79164,5988
85153,79165,5988
85154,79166,5988
85155,79167,5988
85157,79169,5988
85158,79170,5988
85159,79171,5988
85160,79172,5988
85161,79173,5988
85163,79175,5988
85164,79176,5988
85165,79177,5988
85166,79178,5988
85167,79179,5988
85168,79180,5988
85170,79182,5988
85171,79183,5988
85172,79184,5988
85173,79185,5988
85175,79187,5988
85177,79189,5988
85178,79190,5988
85179,79191,5988
85180,79192,5988
85182,79194,5988
85183,79195,5988
85185,79197,5988
85186,79198,5988
85187,79199,5988
85188,79200,5988
85189,79201,5988
85190,79202,5988
85191,79203,5988
85192,79204,5988
85194,79206,5988
85195,79207,5988
85197,79209,5988
85198,79210,5988
85200,79212,5988
85202,79214,5988
85204,79216,5988
85205,79217,5988
85207,79219,5988
85208,79220,5988
85210,79222,5988
85212,79224,5988
85213,79225,5988
85214,79226,5988
85216,79228,5988
85217,79229,5988
85219,79231,5988
85220,79232,5988
85221,79233,5988
85222,79234,5988
85224,79236,5988
85225,79237,5988
85226,79238,5988
85228,79240,5988
85229,79241,5988
85231,79243,5988
85232,79244,5988
85233,79245,5988
85234,79246,5988
85235,79247,5988
85236,79248,5988
85238,79250,5988
85239,79251,5988
85240,79252,5988
85241,79253,5988
85242,79254,5988
85243,79255,5988
85245,79257,5988
85246,79258,5988
85247,79259,5988
85249,79261,5988
85250,79262,5988
85251,79263,5988
85252,79264,5988
85253,79265,5988
85254,79266,5988
85255,79267,5988
85256,79268,5988
85258,79269,5989
85260,79271,5989
85261,79272,5989
85262,79273,5989
85263,79274,5989
85265,79276,5989
85266,79277,5989
85267,79277,5990
85268,79278,5990
85269,79279,5990
85271,79281,5990
85272,79282,5990
85273,79283,5990
85274,79284,5990
85275,79285,5990
85277,79287,5990
85278,79288,5990
85280,79290,5990
85281,79291,5990
85283,79293,5990
85284,79294,5990
85285,79295,5990
85286,79295,5991
85287,79296,5991
85288,79297,5991
85290,79299,5991
85291,79300,5991
85292,79301,5991
85293,79302,5991
85294,79303,5991
85296,79305,5991
85297,79306,5991
85298,79307,5991
85300,79309,5991
85301,79310,5991
85302,79310,5992
85303,79311,5992
85304,79312,5992
85306,79314,5992
85307,79315,5992
85309,79317,5992
85310,79318,5992
85312,79320,5992
85313,79321,5992
85314,79322,5992
85316,79324,5992
85317,79325,5992
85318,79326,5992
85319,79327,5992
85321,79329,5992
85322,79330,5992
85323,79331,5992
85324,79332,5992
85326,79334,5992
85327,79335,5992
85328,79336,5992
85329,79337,5992
85331,79339,5992
85332,79340,5992
85333,79341,5992
85334,79342,5992
85336,79344,5992
85338,79346,5992
85339,79347,5992
85341,79349,5992
85342,79350,5992
85343,79351,5992
85344,79352,5992
85345,79353,5992
85347,79355,5992
85348,79356,5992
85349,79357,5992
85350,79358,5992
85351,79359,5992
85352,79360,5992
85353,79361,5992
85355,79363,5992
85356,79364,5992
85357,79365,5992
85358,79366,5992
85359,79367,5992
85361,79369,5992
85363,79371,5992
85364,79372,5992
85366,79374,5992
85367,79375,5992
85369,79377,5992
85371,79379,5992
85372,79380,5992
85373,79381,5992
85374,79382,5992
85375,79383,5992
85377,79385,5992
85378,79386,5992
85380,79388,5992
85381,79389,5992
85382,79390,5992
85384,79392,5992
85385,79393,5992
85387,79395,5992
85388,79396,5992
85390,79398,5992
85391,79399,5992
85393,79401,5992
85394,79402,5992
85396,79404,5992
85397,79405,5992
85398,79406,5992
85399,79407,5992
85400,79408,5992
85402,79410,5992
85403,79410,5993
85404,79411,5993
85406,79413,5993
85407,79414,5993
85409,79416,5993
85411,79418,5993
85413,79420,5993
85414,79421,5993
85416,79423,5993
85417,79424,5993
85419,79426,5993
85420,79427,5993
85421,79428,5993
85423,79430,5993
85424,79431,5993
85425,79432,5993
85426,79433,5993
85427,79434,5993
85429,79436,5993
85430,79437,5993
85431,79438,5993
85432,79439,5993
85433,79440,5993
85434,79441,5993
85435,79442,5993
85436,79443,5993
85437,79444,5993
85439,79446,5993
85440,79447,5993
85441,79448,5993
85442,79449,5993
85443,79450,5993
85444,79451,5993
85445,79452,5993
85446,79453,5993
85447,79454,5993
85449,79456,5993
85450,79457,5993
85451,79458,5993
85452,79459,5993
85453,79460,5993
85454,79461,5993
85455,79462,5993
85456,79463,5993
85457,79464,5993
85459,79466,5993
85460,79467,5993
85462,79468,5994
85463,79469,5994
85464,79470,5994
85465,79471,5994
85466,79472,5994
85467,79473,5994
85468,79474,5994
85470,79476,5994
85471,79477,5994
85472,79478,5994
85473,79479,5994
85474,79480,5994
85475,79481,5994
85476,79482,5994
85477,79483,5994
85478,79484,5994
85480,79486,5994
85481,79487,5994
85482,79488,5994
85483,79489,5994
85484,79490,5994
85485,79491,5994
85486,79492,5994
85487,79493,5994
85488,79494,5994
85490,79496,5994
85491,79497,5994
85492,79498,5994
85493,79499,5994
85494,79500,5994
85495,79501,5994
85496,79502,5994
85497,79503,5994
85498,79504,5994
85500,79506,5994
85501,79507,5994
85502,79508,5994
85503,79509,5994
85504,79510,5994
85505,79511,5994
85506,79512,5994
85507,79513,5994
85508,79514,5994
85510,79516,5994
85511,79517,5994
85512,79518,5994
85513,79519,5994
85514,79520,5994
85515,79521,5994
85516,79522,5994
85517,79523,5994
85518,79524,5994
85520,79526,5994
85521,79527,5994
85522,79528,5994
85523,79529,5994
85524,79530,5994
85525,79531,5994
85526,79532,5994
85527,79533,5994
85528,79534,5994
85530,79536,5994
85531,79537,5994
85532,79538,5994
85533,79539,5994
85534,79540,5994
85535,79541,5994
85537,79543,5994
85539,79545,5994
85540,79546,5994
85541,79547,5994
85543,79549,5994
85545,79551,5994
85546,79552,5994
85547,79553,5994
85549,79555,5994
85550,79556,5994
85551,79557,5994
85552,79558,5994
85554,79560,5994
85555,79561,5994
85556,79562,5994
85557,79563,5994
85559,79565,5994
85561,79567,5994
85562,79568,5994
85563,79569,5994
85565,79571,5994
85567,79573,5994
85568,79574,5994
85569,79575,5994
85571,79577,5994
85573,79579,5994
85574,79580,5994
85576,79582,5994
85578,79584,5994
85579,79585,5994
85581,79587,5994
85583,79589,5994
85585,79591,5994
85586,79592,5994
85587,79593,5994
85589,79595,5994
85591,79597,5994
85592,79598,5994
85594,79600,5994
85596,79602,5994
85597,79603,5994
85598,79604,5994
85600,79606,5994
85601,79607,5994
85603,79609,5994
85604,79610,5994
85605,79611,5994
85607,79613,5994
85609,79615,5994
85610,79616,5994
85612,79618,5994
85613,79619,5994
85615,79621,5994
85616,79622,5994
85618,79624,5994
85620,79626,5994
85622,79628,5994
85623,79629,5994
85625,79631,5994
85626,79632,5994
85628,79634,5994
85629,79635,5994
85631,79637,5994
85632,79638,5994
85633,79639,5994
85634,79640,5994
85635,79641,5994
85636,79642,5994
85637,79643,5994
85638,79644,5994
85639,79645,5994
85640,79646,5994
85641,79647,5994
85642,79648,5994
85643,79649,5994
85644,79650,5994
85645,79651,5994
85647,79653,5994
85648,79654,5994
85649,79655,5994
85650,79656,5994
85652,79658,5994
85653,79659,5994
85654,79660,5994
85656,79662,5994
85658,79664,5994
85659,79665,5994
85661,79667,5994
85663,79669,5994
85665,79671,5994
85666,79672,5994
85667,79673,5994
85668,79674,5994
85669,79675,5994
85670,79676,5994
85672,79678,5994
85673,79679,5994
85675,79681,5994
85677,79683,5994
85679,79685,5994
85680,79686,5994
85682,79688,5994
85683,79689,5994
85685,79691,5994
85686,79692,5994
85687,79693,5994
85688,79694,5994
85690,79696,5994
85692,79698,5994
85693,79699,5994
85694,79700,5994
85695,79701,5994
85697,79703,5994
85699,79705,5994
85700,79706,5994
85702,79708,5994
85703,79709,5994
85704,79710,5994
85705,79711,5994
85707,79713,5994
85708,79714,5994
85709,79715,5994
85710,79716,5994
85711,79717,5994
85713,79719,5994
85714,79720,5994
85715,79721,5994
85716,79722,5994
85718,79724,5994
85719,79725,5994
85720,79726,5994
85721,79727,5994
85722,79728,5994
85724,79730,5994
85726,79732,5994
85727,79733,5994
85729,79735,5994
85730,79736,5994
85731,79737,5994
85732,79738,5994
85733,79739,5994
85735,79741,5994
85737,79743,5994
85738,79744,5994
85739,79745,5994
85740,79746,5994
85741,79747,5994
85743,79749,5994
85745,79751,5994
85746,79752,5994
85747,79753,5994
85748,79754,5994
85750,79756,5994
85752,79758,5994
85753,79759,5994
85754,79760,5994
85755,79761,5994
85757,79763,5994
85758,79764,5994
85760,79766,5994
85762,79768,5994
85764,79770,5994
85765,79771,5994
85766,79772,5994
85767,79773,5994
85769,79775,5994
85770,79776,5994
85771,79777,5994
85772,79778,5994
85773,79779,5994
85774,79780,5994
85776,79782,5994
85777,79783,5994
85779,79785,5994
85781,79787,5994
85782,79788,5994
85783,79789,5994
85784,79790,5994
85786,79792,5994
85788,79794,5994
85789,79795,5994
85790,79796,5994
85791,79797,5994
85792,79798,5994
85793,79799,5994
85794,79800,5994
85795,79801,5994
85796,79802,5994
85797,79803,5994
85798,79804,5994
85800,79806,5994
85801,79807,5994
85803,79809,5994
85804,79810,5994
85805,79811,5994
85806,79812,5994
85807,79813,5994
85809,79815,5994
85810,79816,5994
85811,79817,5994
85812,79818,5994
85814,79820,5994
85816,79822,5994
85817,79823,5994
85818,79824,5994
85819,79825,5994
85820,79826,5994
85822,79828,5994
85823,79829,5994
85825,79831,5994
85826,79832,5994
85827,79833,5994
85828,79834,5994
85829,79835,5994
85831,79837,5994
85833,79839,5994
85835,79841,5994
85836,79842,5994
85837,79843,5994
85838,79844,5994
85840,79846,5994
85842,79848,5994
85844,79850,5994
85845,79851,5994
85846,79852,5994
85848,79854,5994
85850,79856,5994
85851,79857,5994
85852,79858,5994
85853,79859,5994
85855,79861,5994
85856,79862,5994
85857,79863,5994
85859,79865,5994
85860,79866,5994
85861,79867,5994
85862,79868,5994
85863,79869,5994
85865,79871,5994
85866,79872,5994
85867,79873,5994
85868,79874,5994
85869,79875,5994
85870,79876,5994
85872,79878,5994
85873,79879,5994
85875,79881,5994
85877,79883,5994
85878,79884,5994
85879,79885,5994
85880,79886,5994
85882,79888,5994
85884,79890,5994
85885,79891,5994
85886,79892,5994
85887,79893,5994
85888,79894,5994
85889,79895,5994
85890,79896,5994
85891,79897,5994
85892,79898,5994
85894,79900,5994
85895,79901,5994
85897,79903,5994
85898,79904,5994
85900,79906,5994
85901,79907,5994
85902,79908,5994
85903,79909,5994
85904,79910,5994
85906,79912,5994
85907,79913,5994
85908,79914,5994
85909,79915,5994
85911,79917,5994
85913,79919,5994
85914,79920,5994
85915,79921,5994
85916,79922,5994
85917,79923,5994
85919,79925,5994
85920,79926,5994
85922,79928,5994
85923,79929,5994
85924,79930,5994
85926,79932,5994
85927,79933,5994
85929,79935,5994
85931,79937,5994
85933,79939,5994
85934,79940,5994
85936,79942,5994
85937,79943,5994
85939,79945,5994
85941,79947,5994
85943,79949,5994
85944,79950,5994
85945,79951,5994
85947,79953,5994
85949,79955,5994
85950,79956,5994
85951,79957,5994
85952,79958,5994
85954,79960,5994
85955,79961,5994
85957,79961,5996
85959,79963,5996
85960,79964,5996
85961,79965,5996
85962,79966,5996
85963,79967,5996
85965,79969,5996
85966,79970,5996
85967,79971,5996
85968,79972,5996
85969,79973,5996
85970,79974,5996
85972,79976,5996
85973,79977,5996
85975,79979,5996
85976,79980,5996
85978,79982,5996
85979,79983,5996
85980,79984,5996
85981,79985,5996
85982,79986,5996
85983,79986,5997
85985,79988,5997
85986,79989,5997
85987,79990,5997
85989,79992,5997
85991,79994,5997
85992,79995,5997
85993,79996,5997
85994,79997,5997
85995,79998,5997
85997,80000,5997
85999,80002,5997
86000,80003,5997
86002,80005,5997
86003,80006,5997
86004,80007,5997
86006,80009,5997
86007,80010,5997
86009,80012,5997
86010,80013,5997
86012,80015,5997
86014,80017,5997
86016,80019,5997
86017,80020,5997
86018,80021,5997
86020,80023,5997
86021,80023,5998
86022,80024,5998
86023,80025,5998
86024,80026,5998
86025,80027,5998
86026,80028,5998
86028,80030,5998
86030,80032,5998
86031,80033,5998
86032,80034,5998
86033,80035,5998
86035,80037,5998
86037,80039,5998
86039,80041,5998
86041,80043,5998
86042,80044,5998
86044,80046,5998
86045,80047,5998
86047,80049,5998
86048,80050,5998
86049,80051,5998
86050,80052,5998
86052,80054,5998
86054,80056,5998
86055,80057,5998
86056,80058,5998
86057,80059,5998
86058,80060,5998
86060,80062,5998
86062,80064,5998
86063,80065,5998
86065,80067,5998
86066,80068,5998
86067,80069,5998
86069,80071,5998
86071,80073,5998
86072,80074,5998
86073,80075,5998
86074,80076,5998
86075,80077,5998
86076,80078,5998
86077,80079,5998
86078,80080,5998
86079,80081,5998
86080,80082,5998
86081,80083,5998
86082,80084,5998
86083,80085,5998
86084,80086,5998
86086,80088,5998
86088,80090,5998
86089,80091,5998
86090,80092,5998
86092,80093,5999
86093,80094,5999
86094,80095,5999
86095,80096,5999
86096,80097,5999
86098,80099,5999
86099,80100,5999
86100,80101,5999
86102,80103,5999
86103,80104,5999
86104,80105,5999
86105,80106,5999
86106,80107,5999
86107,80108,5999
86109,80110,5999
86110,80111,5999
86111,80112,5999
86112,80113,5999
86113,80114,5999
86115,80116,5999
86116,80117,5999
86118,80119,5999
86119,80120,5999
86120,80121,5999
86121,80122,5999
86122,80123,5999
86124,80125,5999
86125,80126,5999
86126,80127,5999
86127,80128,5999
86128,80129,5999
86129,80130,5999
86131,80132,5999
86132,80133,5999
86133,80134,5999
86134,80135,5999
86136,80137,5999
86137,80138,5999
86138,80139,5999
86139,80140,5999
86140,80141,5999
86141,80142,5999
86142,80143,5999
86143,80144,5999
86144,80145,5999
86146,80147,5999
86147,80148,5999
86148,80149,5999
86149,80150,5999
86150,80151,5999
86151,80152,5999
86152,80153,5999
86154,80155,5999
86155,80156,5999
86156,80157,5999
86157,80158,5999
86159,80160,5999
86160,80161,5999
86162,80163,5999
86164,80165,5999
86165,80166,5999
86166,80167,5999
86167,80168,5999
86168,80169,5999
86170,80171,5999
86171,80172,5999
86172,80173,5999
86173,80174,5999
86175,80176,5999
86176,80177,5999
86177,80178,5999
86178,80179,5999
86179,80180,5999
86180,80181,5999
86181,80182,5999
86182,80183,5999
86183,80184,5999
86184,80185,5999
86185,80186,5999
86186,80187,5999
86188,80189,5999
86189,80190,5999
86191,80192,5999
86192,80193,5999
86193,80194,5999
86194,80195,5999
86195,80196,5999
86196,80197,5999
86197,80198,5999
86198,80199,5999
86199,80200,5999
86200,80201,5999
86201,80202,5999
86202,80203,5999
86204,80205,5999
86205,80206,5999
86207,80208,5999
86208,80209,5999
86209,80210,5999
86210,80211,5999
86211,80212,5999
86213,80214,5999
86214,80215,5999
86215,80216,5999
86217,80218,5999
86219,80220,5999
86221,80222,5999
86222,80223,5999
86223,80224,5999
86224,80225,5999
86226,80227,5999
86228,80229,5999
86229,80230,5999
86230,80231,5999
86231,80232,5999
86232,80233,5999
86234,80235,5999
86235,80236,5999
86236,80237,5999
86237,80238,5999
86238,80239,5999
86239,80240,5999
86241,80242,5999
86243,80244,5999
86244,80245,5999
86245,80246,5999
86246,80247,5999
86247,80248,5999
86248,80249,5999
86250,80251,5999
86252,80253,5999
86253,80254,5999
86254,80255,5999
86255,80256,5999
86256,80257,5999
86257,80258,5999
86258,80259,5999
86259,80260,5999
86260,80261,5999
86261,80262,5999
86262,80263,5999
86264,80265,5999
86265,80266,5999
86266,80267,5999
86267,80268,5999
86269,80270,5999
86270,80271,5999
86271,80272,5999
86273,80274,5999
86274,80275,5999
86275,80276,5999
86276,80277,5999
86277,80278,5999
86278,80279,5999
86279,80280,5999
86281,80282,5999
86282,80283,5999
86283,80284,5999
86284,80285,5999
86285,80286,5999
86287,80288,5999
86288,80289,5999
86289,80290,5999
86290,80291,5999
86291,80292,5999
86292,80293,5999
86294,80295,5999
86295,80296,5999
86296,80297,5999
86297,80298,5999
86299,80300,5999
86301,80302,5999
86302,80303,5999
86303,80304,5999
86304,80305,5999
86306,80307,5999
86307,80308,5999
86309,80310,5999
86310,80311,5999
86311,80312,5999
86312,80313,5999
86313,80314,5999
86314,80315,5999
86315,80316,5999
86316,80317,5999
86318,80319,5999
86319,80320,5999
86321,80322,5999
86322,80323,5999
86324,80325,5999
86326,80327,5999
86328,80329,5999
86329,80330,5999
86331,80332,5999
86332,80333,5999
86334,80335,5999
86336,80337,5999
86337,80338,5999
86338,80339,5999
86340,80341,5999
86341,80342,5999
86343,80344,5999
86344,80345,5999
86345,80346,5999
86346,80347,5999
86348,80349,5999
86349,80350,5999
86350,80351,5999
86352,80353,5999
86353,80354,5999
86355,80356,5999
86356,80357,5999
86357,80358,5999
86358,80359,5999
86359,80360,5999
86360,80361,5999
86362,80363,5999
86364,80365,5999
86365,80366,5999
86366,80367,5999
86367,80368,5999
86368,80369,5999
86370,80371,5999
86371,80372,5999
86372,80373,5999
86374,80375,5999
86375,80376,5999
86376,80377,5999
86377,80378,5999
86378,80379,5999
86379,80380,5999
86381,80381,6000
86382,80382,6000
86383,80383,6000
86385,80385,6000
86386,80386,6000
86387,80387,6000
86388,80388,6000
86390,80390,6000
86391,80391,6000
86393,80392,6001
86394,80393,6001
86395,80394,6001
86397,80396,6001
86398,80397,6001
86399,80398,6001
86400,80399,6001
86401,80400,6001
86403,80402,6001
86404,80403,6001
86405,80404,6001
86406,80405,6001
86408,80407,6001
86409,80408,6001
86410,80409,6001
86411,80410,6001
86412,80411,6001
86413,80412,6001
86415,80414,6001
86416,80415,6001
86417,80416,6001
86418,80417,6001
86419,80418,6001
86421,80420,6001
86422,80421,6001
86423,80422,6001
86425,80424,6001
86426,80425,6001
86427,80425,6002
86428,80426,6002
86429,80427,6002
86431,80429,6002
86432,80430,6002
86434,80432,6002
86435,80433,6002
86437,80435,6002
86438,80436,6002
86439,80437,6002
86441,80439,6002
86442,80440,6002
86443,80441,6002
86444,80442,6002
86446,80444,6002
86447,80445,6002
86448,80446,6002
86449,80447,6002
86451,80449,6002
86452,80450,6002
86453,80451,6002
86454,80452,6002
86456,80454,6002
86457,80455,6002
86458,80456,6002
86459,80457,6002
86461,80459,6002
86463,80461,6002
86464,80462,6002
86466,80464,6002
86467,80465,6002
86468,80466,6002
86469,80467,6002
86470,80468,6002
86472,80470,6002
86473,80471,6002
86474,80472,6002
86475,80473,6002
86476,80474,6002
86477,80475,6002
86478,80476,6002
86480,80478,6002
86481,80479,6002
86482,80480,6002
86483,80481,6002
86484,80482,6002
86486,80484,6002
86488,80486,6002
86489,80487,6002
86491,80489,6002
86492,80490,6002
86494,80492,6002
86496,80494,6002
86497,80495,6002
86498,80496,6002
86499,80497,6002
86500,80498,6002
86502,80500,6002
86503,80501,6002
86505,80503,6002
86506,80504,6002
86507,80505,6002
86509,80507,6002
86510,80508,6002
86512,80510,6002
86513,80511,6002
86515,80513,6002
86516,80514,6002
86518,80516,6002
86519,80517,6002
86521,80519,6002
86522,80520,6002
86523,80521,6002
86524,80522,6002
86525,80523,6002
86527,80525,6002
86528,80525,6003
86529,80526,6003
86531,80528,6003
86532,80529,6003
86534,80531,6003
86536,80533,6003
86538,80535,6003
86539,80536,6003
86541,80538,6003
86542,80539,6003
86544,80541,6003
86545,80542,6003
86546,80543,6003
86548,80545,6003
86549,80546,6003
86550,80547,6003
86551,80548,6003
86552,80549,6003
86554,80551,6003
86555,80552,6003
86556,80553,6003
86557,80554,6003
86558,80555,6003
86559,80556,6003
86560,80557,6003
86561,80558,6003
86562,80559,6003
86564,80561,6003
86565,80562,6003
86566,80563,6003
86567,80564,6003
86568,80565,6003
86569,80566,6003
86570,80567,6003
86571,80568,6003
86572,80569,6003
86574,80571,6003
86575,80572,6003
86576,80573,6003
86577,80574,6003
86578,80575,6003
86579,80576,6003
86580,80577,6003
86581,80578,6003
86582,80579,6003
86584,80581,6003
86585,80582,6003
86587,80583,6004
86588,80584,6004
86589,80585,6004
86590,80586,6004
86591,80587,6004
86592,80588,6004
86593,80589,6004
86595,80591,6004
86596,80592,6004
86597,80593,6004
86598,80594,6004
86599,80595,6004
86600,80596,6004
86601,80597,6004
86602,80598,6004
86603,80599,6004
86605,80601,6004
86606,80602,6004
86607,80603,6004
86608,80604,6004
86609,80605,6004
86610,80606,6004
86611,80607,6004
86612,80608,6004
86613,80609,6004
86615,80611,6004
86616,80612,6004
86617,80613,6004
86618,80614,6004
86619,80615,6004
86620,80616,6004
86621,80617,6004
86622,80618,6004
86623,80619,6004
86625,80621,6004
86626,80622,6004
86627,80623,6004
86628,80624,6004
86629,80625,6004
86630,80626,6004
86632,80628,6004
86634,80630,6004
86635,80631,6004
86636,80632,6004
86638,80634,6004
86640,80636,6004
86641,80637,6004
86642,80638,6004
86644,80640,6004
86645,80641,6004
86646,80642,6004
86647,80643,6004
86649,80645,6004
86650,80646,6004
86651,80647,6004
86652,80648,6004
86654,80650,6004
86656,80652,6004
86657,80653,6004
86658,80654,6004
86660,80656,6004
86662,80658,6004
86663,80659,6004
86664,80660,6004
86666,80662,6004
86668,80664,6004
86669,80665,6004
86671,80667,6004
86673,80669,6004
86674,80670,6004
86676,80672,6004
86678,80674,6004
86680,80676,6004
86681,80677,6004
86682,80678,6004
86684,80680,6004
86686,80682,6004
86687,80683,6004
86689,80685,6004
86691,80687,6004
86692,80688,6004
86693,80689,6004
86695,80691,6004
86696,80692,6004
86698,80694,6004
86699,80695,6004
86700,80696,6004
86702,80698,6004
86704,80700,6004
86705,80701,6004
86707,80703,6004
86708,80704,6004
86710,80706,6004
86711,80707,6004
86713,80709,6004
86715,80711,6004
86717,80713,6004
86718,80714,6004
86720,80716,6004
86721,80717,6004
86723,80719,6004
86724,80720,6004
86726,80722,6004
86727,80723,6004
86728,80724,6004
86729,80725,6004
86730,80726,6004
86731,80727,6004
86732,80728,6004
86733,80729,6004
86734,80730,6004
86735,80731,6004
86736,80732,6004
86737,80733,6004
86738,80734,6004
86739,80735,6004
86740,80736,6004
86742,80738,6004
86743,80739,6004
86744,80740,6004
86745,80741,6004
86747,80743,6004
86748,80744,6004
86749,80745,6004
86751,80747,6004
86753,80749,6004
86754,80750,6004
86756,80752,6004
86758,80754,6004
86760,80756,6004
86761,80757,6004
86762,80758,6004
86763,80759,6004
86764,80760,6004
86765,80761,6004
86767,80763,6004
86768,80764,6004
86770,80766,6004
86772,80768,6004
86774,80770,6004
86775,80771,6004
86777,80773,6004
86778,80774,6004
86780,80776,6004
86781,80777,6004
86782,80778,6004
86783,80779,6004
86785,80781,6004
86787,80783,6004
86788,80784,6004
86789,80785,6004
86790,80786,6004
86792,80788,6004
86794,80790,6004
86795,80791,6004
86797,80793,6004
86798,80794,6004
86799,80795,6004
86800,80796,6004
86802,80798,6004
86803,80799,6004
86804,80800,6004
86805,80801,6004
86806,80802,6004
86808,80804,6004
86809,80805,6004
86810,80806,6004
86811,80807,6004
86813,80809,6004
86814,80810,6004
86815,80811,6004
86816,80812,6004
86817,80813,6004
86819,80815,6004
86821,80817,6004
86822,80818,6004
86824,80820,6004
86825,80821,6004
86826,80822,6004
86827,80823,6004
86828,80824,6004
86830,80826,6004
86832,80828,6004
86833,80829,6004
86834,80830,6004
86835,80831,6004
86836,80832,6004
86838,80834,6004
86840,80836,6004
86841,80837,6004
86842,80838,6004
86843,80839,6004
86845,80841,6004
86847,80843,6004
86848,80844,6004
86849,80845,6004
86850,80846,6004
86852,80848,6004
86853,80849,6004
86855,80851,6004
86857,80853,6004
86859,80855,6004
86860,80856,6004
86861,80857,6004
86862,80858,6004
86864,80860,6004
86865,80861,6004
86866,80862,6004
86867,80863,6004
86868,80864,6004
86869,80865,6004
86871,80867,6004
86872,80868,6004
86874,80870,6004
86876,80872,6004
86877,80873,6004
86878,80874,6004
86879,80875,6004
86881,80877,6004
86883,80879,6004
86884,80880,6004
86885,80881,6004
86886,80882,6004
86887,80883,6004
86888,80884,6004
86889,80885,6004
86890,80886,6004
86891,80887,6004
86892,80888,6004
86893,80889,6004
86895,80891,6004
86896,80892,6004
86898,80894,6004
86899,80895,6004
86900,80896,6004
86901,80897,6004
86902,80898,6004
86904,80900,6004
86905,80901,6004
86906,80902,6004
86907,80903,6004
86909,80905,6004
86911,80907,6004
86912,80908,6004
86913,80909,6004
86914,80910,6004
86915,80911,6004
86917,80913,6004
86918,80914,6004
86920,80916,6004
86921,80917,6004
86922,80918,6004
86923,80919,6004
86924,80920,6004
86926,80922,6004
86928,80924,6004
86930,80926,6004
86931,80927,6004
86932,80928,6004
86933,80929,6004
86935,80931,6004
86937,80933,6004
86939,80935,6004
86940,80936,6004
86941,80937,6004
86943,80939,6004
86945,80941,6004
86946,80942,6004
86947,80943,6004
86948,80944,6004
86950,80946,6004
86951,80947,6004
86952,80948,6004
86954,80950,6004
86955,80951,6004
86956,80952,6004
86957,80953,6004
86958,80954,6004
86960,80956,6004
86961,80957,6004
86962,80958,6004
86963,80959,6004
86964,80960,6004
86965,80961,6004
86967,80963,6004
86968,80964,6004
86970,80966,6004
86972,80968,6004
86973,80969,6004
86974,80970,6004
86975,80971,6004
86977,80973,6004
86979,80975,6004
86980,80976,6004
86981,80977,6004
86982,80978,6004
86983,80979,6004
86984,80980,6004
86985,80981,6004
86986,80982,6004
86987,80983,6004
86989,80985,6004
86990,80986,6004
86992,80988,6004
86993,80989,6004
86995,80991,6004
86996,80992,6004
86997,80993,6004
86998,80994,6004
86999,80995,6004
87001,80997,6004
87002,80998,6004
87003,80999,6004
87004,81000,6004
87006,81002,6004
87008,81004,6004
87009,81005,6004
87010,81006,6004
87011,81007,6004
87012,81008,6004
87014,81010,6004
87015,81011,6004
87017,81013,6004
87018,81014,6004
87019,81015,6004
87021,81017,6004
87022,81018,6004
87024,81020,6004
87026,81022,6004
87028,81024,6004
87029,81025,6004
87031,81027,6004
87032,81028,6004
87034,81030,6004
87036,81032,6004
87038,81034,6004
87039,81035,6004
87040,81036,6004
87042,81038,6004
87044,81040,6004
87045,81041,6004
87046,81042,6004
87047,81043,6004
87049,81045,6004
87050,81046,6004
87051,81046,6005
87053,81048,6005
87054,81049,6005
87055,81050,6005
87056,81051,6005
87057,81052,6005
87059,81054,6005
87060,81055,6005
87061,81056,6005
87062,81057,6005
87063,81058,6005
87064,81059,6005
87066,81061,6005
87067,81062,6005
87069,81064,6005
87070,81065,6005
87072,81067,6005
87073,81068,6005
87074,81069,6005
87075,81070,6005
87076,81071,6005
87077,81072,6005
87079,81074,6005
87080,81075,6005
87081,81076,6005
87083,81078,6005
87085,81080,6005
87086,81081,6005
87087,81082,6005
87088,81083,6005
87089,81084,6005
87091,81086,6005
87093,81088,6005
87094,81089,6005
87096,81091,6005
87097,81092,6005
87098,81093,6005
87100,81095,6005
87101,81096,6005
87103,81098,6005
87104,81099,6005
87106,81101,6005
87108,81103,6005
87110,81105,6005
87111,81106,6005
87112,81107,6005
87114,81109,6005
87116,81109,6007
87117,81110,6007
87118,81111,6007
87119,81112,6007
87120,81113,6007
87121,81114,6007
87122,81115,6007
87123,81116,6007
87125,81118,6007
87126,81119,6007
87127,81120,6007
87128,81121,6007
87129,81122,6007
87130,81123,6007
87131,81124,6007
87133,81126,6007
87135,81128,6007
87136,81129,6007
87137,81130,6007
87138,81131,6007
87140,81133,6007
87142,81135,6007
87144,81137,6007
87146,81139,6007
87147,81140,6007
87149,81142,6007
87150,81143,6007
87152,81145,6007
87153,81146,6007
87154,81147,6007
87155,81148,6007
87157,81150,6007
87159,81152,6007
87160,81153,6007
87161,81154,6007
87162,81155,6007
87163,81156,6007
87165,81158,6007
87167,81160,6007
87168,81161,6007
87170,81163,6007
87171,81164,6007
87172,81165,6007
87174,81167,6007
87176,81169,6007
87177,81170,6007
87178,81171,6007
87179,81172,6007
87180,81173,6007
87181,81174,6007
87182,81175,6007
87183,81176,6007
87184,81177,6007
87185,81178,6007
87186,81179,6007
87187,81180,6007
87188,81181,6007
87189,81182,6007
87191,81184,6007
87193,81186,6007
87194,81187,6007
87195,81188,6007
87196,81188,6008
87197,81189,6008
87198,81190,6008
87199,81191,6008
87201,81193,6008
87203,81195,6008
87204,81196,6008
87205,81197,6008
87207,81199,6008
87208,81200,6008
87209,81201,6008
87210,81202,6008
87211,81203,6008
87212,81204,6008
87214,81206,6008
87215,81207,6008
87216,81208,6008
87217,81209,6008
87218,81210,6008
87220,81212,6008
87221,81213,6008
87223,81215,6008
87224,81216,6008
87225,81217,6008
87226,81218,6008
87227,81219,6008
87229,81221,6008
87230,81222,6008
87231,81223,6008
87232,81224,6008
87233,81225,6008
87234,81226,6008
87236,81228,6008
87237,81229,6008
87238,81230,6008
87239,81231,6008
87241,81233,6008
87242,81234,6008
87243,81235,6008
87244,81236,6008
87245,81237,6008
87246,81238,6008
87247,81239,6008
87248,81240,6008
87249,81241,6008
87251,81243,6008
87252,81244,6008
87253,81245,6008
87254,81246,6008
87255,81247,6008
87256,81248,6008
87257,81249,6008
87259,81251,6008
87260,81252,6008
87261,81253,6008
87262,81254,6008
87264,81256,6008
87265,81257,6008
87267,81259,6008
87269,81261,6008
87270,81262,6008
87271,81263,6008
87272,81264,6008
87273,81265,6008
87275,81267,6008
87276,81268,6008
87277,81269,6008
87278,81270,6008
87280,81272,6008
87281,81273,6008
87282,81274,6008
87283,81275,6008
87284,81276,6008
87285,81277,6008
87286,81278,6008
87287,81279,6008
87288,81280,6008
87289,81281,6008
87290,81282,6008
87291,81283,6008
87293,81285,6008
87294,81286,6008
87296,81288,6008
87297,81289,6008
87298,81290,6008
87299,81291,6008
87300,81292,6008
87301,81293,6008
87302,81294,6008
87303,81295,6008
87304,81296,6008
87305,81297,6008
87306,81298,6008
87307,81299,6008
87309,81301,6008
87310,81302,6008
87312,81304,6008
87313,81305,6008
87314,81306,6008
87315,81307,6008
87316,81308,6008
87318,81310,6008
87319,81311,6008
87320,81312,6008
87322,81314,6008
87324,81316,6008
87326,81318,6008
87327,81319,6008
87328,81320,6008
87329,81321,6008
87331,81323,6008
87333,81325,6008
87334,81326,6008
87335,81327,6008
87336,81328,6008
87337,81329,6008
87339,81331,6008
87340,81332,6008
87341,81333,6008
87342,81334,6008
87343,81335,6008
87344,81336,6008
87346,81338,6008
87348,81340,6008
87349,81341,6008
87350,81342,6008
87351,81343,6008
87352,81344,6008
87353,81345,6008
87355,81347,6008
87357,81349,6008
87358,81350,6008
87359,81351,6008
87360,81352,6008
87361,81353,6008
87362,81354,6008
87363,81355,6008
87364,81356,6008
87365,81357,6008
87366,81358,6008
87367,81359,6008
87369,81361,6008
87370,81362,6008
87371,81363,6008
87372,81364,6008
87374,81366,6008
87375,81367,6008
87376,81368,6008
87378,81370,6008
87379,81371,6008
87380,81372,6008
87381,81373,6008
87382,81374,6008
87383,81375,6008
87384,81376,6008
87386,81378,6008
87387,81379,6008
87388,81380,6008
87389,81381,6008
87390,81382,6008
87392,81384,6008
87393,81385,6008
87394,81386,6008
87395,81387,6008
87396,81388,6008
87397,81389,6008
87399,81391,6008
87400,81392,6008
87401,81393,6008
87402,81394,6008
87404,81396,6008
87406,81398,6008
87407,81399,6008
87408,81400,6008
87409,81401,6008
87411,81403,6008
87412,81404,6008
87414,81406,6008
87415,81407,6008
87416,81408,6008
87417,81409,6008
87418,81410,6008
87419,81411,6008
87420,81412,6008
87421,81413,6008
87423,81415,6008
87424,81416,6008
87426,81418,6008
87427,81419,6008
87429,81421,6008
87431,81423,6008
87433,81425,6008
87434,81426,6008
87436,81428,6008
87437,81429,6008
87439,81431,6008
87441,81433,6008
87442,81434,6008
87443,81435,6008
87445,81437,6008
87446,81438,6008
87448,81440,6008
87449,81441,6008
87450,81442,6008
87451,81443,6008
87453,81445,6008
87454,81446,6008
87455,81447,6008
87457,81449,6008
87458,81450,6008
87460,81452,6008
87461,81453,6008
87462,81454,6008
87463,81455,6008
87464,81456,6008
87465,81457,6008
87467,81459,6008
87468,81460,6008
87469,81461,6008
87470,81462,6008
87471,81463,6008
87472,81464,6008
87474,81466,6008
87475,81467,6008
87476,81468,6008
87478,81470,6008
87479,81471,6008
87480,81472,6008
87481,81473,6008
87482,81474,6008
87483,81475,6008
87484,81476,6008
87485,81477,6008
87487,81479,6008
87489,81481,6008
87490,81482,6008
87491,81483,6008
87492,81484,6008
87494,81486,6008
87495,81487,6008
87496,81487,6009
87497,81488,6009
87498,81489,6009
87500,81491,6009
87501,81492,6009
87502,81493,6009
87503,81494,6009
87504,81495,6009
87506,81497,6009
87507,81498,6009
87509,81500,6009
87510,81501,6009
87512,81503,6009
87513,81504,6009
87514,81505,6009
87515,81505,6010
87516,81506,6010
87517,81507,6010
87519,81509,6010
87520,81510,6010
87521,81511,6010
87522,81512,6010
87523,81513,6010
87525,81515,6010
87526,81516,6010
87527,81517,6010
87529,81519,6010
87530,81520,6010
87531,81520,6011
87532,81521,6011
87533,81522,6011
87535,81524,6011
87536,81525,6011
87538,81527,6011
87539,81528,6011
87541,81530,6011
87542,81531,6011
87543,81532,6011
87545,81534,6011
87546,81535,6011
87547,81536,6011
87548,81537,6011
87550,81539,6011
87551,81540,6011
87552,81541,6011
87553,81542,6011
87555,81544,6011
87556,81545,6011
87557,81546,6011
87558,81547,6011
87560,81549,6011
87561,81550,6011
87562,81551,6011
87563,81552,6011
87565,81554,6011
87567,81556,6011
87568,81557,6011
87570,81559,6011
87571,81560,6011
87572,81561,6011
87573,81562,6011
87574,81563,6011
87576,81565,6011
87577,81566,6011
87578,81567,6011
87579,81568,6011
87580,81569,6011
87581,81570,6011
87582,81571,6011
87584,81573,6011
87585,81574,6011
87586,81575,6011
87587,81576,6011
87588,81577,6011
87590,81579,6011
87592,81581,6011
87593,81582,6011
87595,81584,6011
87596,81585,6011
87598,81587,6011
87600,81589,6011
87601,81590,6011
87602,81591,6011
87603,81592,6011
87604,81593,6011
87606,81595,6011
87607,81596,6011
87609,81598,6011
87610,81599,6011
87611,81600,6011
87613,81602,6011
87614,81603,6011
87616,81605,6011
87617,81606,6011
87619,81608,6011
87620,81609,6011
87622,81611,6011
87623,81612,6011
87625,81614,6011
87626,81615,6011
87627,81616,6011
87628,81617,6011
87629,81618,6011
87631,81620,6011
87632,81620,6012
87633,81621,6012
87635,81623,6012
87636,81624,6012
87638,81626,6012
87640,81628,6012
87642,81630,6012
87643,81631,6012
87645,81633,6012
87646,81634,6012
87648,81636,6012
87649,81637,6012
87650,81638,6012
87652,81640,6012
87653,81641,6012
87654,81642,6012
87655,81643,6012
87656,81644,6012
87658,81646,6012
87659,81647,6012
87660,81648,6012
87661,81649,6012
87662,81650,6012
87663,81651,6012
87664,81652,6012
87665,81653,6012
87666,81654,6012
87668,81656,6012
87669,81657,6012
87670,81658,6012
87671,81659,6012
87672,81660,6012
87673,81661,6012
87674,81662,6012
87675,81663,6012
87676,81664,6012
87678,81666,6012
87679,81667,6012
87680,81668,6012
87681,81669,6012
87682,81670,6012
87683,81671,6012
87684,81672,6012
87685,81673,6012
87686,81674,6012
87688,81676,6012
87689,81677,6012
87690,81678,6012
87691,81679,6012
87692,81680,6012
87693,81681,6012
87694,81682,6012
87695,81683,6012
87696,81684,6012
87698,81686,6012
87699,81687,6012
87700,81688,6012
87701,81689,6012
87702,81690,6012
87703,81691,6012
87704,81692,6012
87705,81693,6012
87706,81694,6012
87708,81696,6012
87709,81697,6012
87710,81698,6012
87711,81699,6012
87712,81700,6012
87713,81701,6012
87714,81702,6012
87715,81703,6012
87716,81704,6012
87718,81706,6012
87719,81707,6012
87721,81708,6013
87722,81709,6013
87723,81710,6013
87724,81711,6013
87725,81712,6013
87726,81713,6013
87727,81714,6013
87729,81716,6013
87730,81717,6013
87731,81718,6013
87732,81719,6013
87733,81720,6013
87734,81721,6013
87735,81722,6013
87736,81723,6013
87737,81724,6013
87739,81726,6013
87740,81727,6013
87741,81728,6013
87742,81729,6013
87743,81730,6013
87744,81731,6013
87745,81732,6013
87746,81733,6013
87747,81734,6013
87749,81736,6013
87750,81737,6013
87751,81738,6013
87752,81739,6013
87753,81740,6013
87754,81741,6013
87756,81743,6013
87758,81745,6013
87759,81746,6013
87760,81747,6013
87762,81749,6013
87764,81751,6013
87765,81752,6013
87766,81753,6013
87768,81755,6013
87769,81756,6013
87770,81757,6013
87771,81758,6013
87773,81760,6013
87774,81761,6013
87775,81762,6013
87776,81763,6013
87778,81765,6013
87780,81767,6013
87781,81768,6013
87782,81769,6013
87784,81771,6013
87786,81773,6013
87787,81774,6013
87788,81775,6013
87790,81777,6013
87792,81779,6013
87793,81780,6013
87795,81782,6013
87797,81784,6013
87798,81785,6013
87800,81787,6013
87802,81789,6013
87804,81791,6013
87805,81792,6013
87806,81793,6013
87808,81795,6013
87810,81797,6013
87811,81798,6013
87813,81800,6013
87815,81802,6013
87816,81803,6013
87817,81804,6013
87819,81806,6013
87820,81807,6013
87822,81809,6013
87823,81810,6013
87824,81811,6013
87826,81813,6013
87828,81815,6013
87829,81816,6013
87831,81818,6013
87832,81819,6013
87834,81821,6013
87835,81822,6013
87837,81824,6013
87839,81826,6013
87841,81828,6013
87842,81829,6013
87844,81831,6013
87845,81832,6013
87847,81834,6013
87848,81835,6013
87850,81837,6013
87851,81838,6013
87852,81839,6013
87853,81840,6013
87854,81841,6013
87855,81842,6013
87856,81843,6013
87857,81844,6013
87858,81845,6013
87859,81846,6013
87860,81847,6013
87861,81848,6013
87862,81849,6013
87863,81850,6013
87864,81851,6013
87866,81853,6013
87867,81854,6013
87868,81855,6013
87869,81856,6013
87871,81858,6013
87872,81859,6013
87873,81860,6013
87875,81862,6013
87877,81864,6013
87878,81865,6013
87880,81867,6013
87882,81869,6013
87884,81871,6013
87885,81872,6013
87886,81873,6013
87887,81874,6013
87888,81875,6013
87889,81876,6013
87891,81878,6013
87892,81879,6013
87894,81881,6013
87896,81883,6013
87898,81885,6013
87899,81886,6013
87901,81888,6013
87902,81889,6013
87904,81891,6013
87905,81892,6013
87906,81893,6013
87907,81894,6013
87909,81896,6013
87911,81898,6013
87912,81899,6013
87913,81900,6013
87914,81901,6013
87916,81903,6013
87918,81905,6013
87919,81906,6013
87921,81908,6013
87922,81909,6013
87923,81910,6013
87924,81911,6013
87926,81913,6013
87927,81914,6013
87928,81915,6013
87929,81916,6013
87930,81917,6013
87932,81919,6013
87933,81920,6013
87934,81921,6013
87935,81922,6013
87937,81924,6013
87938,81925,6013
87939,81926,6013
87940,81927,6013
87941,81928,6013
87943,81930,6013
87945,81932,6013
87946,81933,6013
87948,81935,6013
87949,81936,6013
87950,81937,6013
87951,81938,6013
87952,81939,6013
87954,81941,6013
87956,81943,6013
87957,81944,6013
87958,81945,6013
87959,81946,6013
87960,81947,6013
87962,81949,6013
87964,81951,6013
87965,81952,6013
87966,81953,6013
87967,81954,6013
87969,81956,6013
87971,81958,6013
87972,81959,6013
87973,81960,6013
87974,81961,6013
87976,81963,6013
87977,81964,6013
87979,81966,6013
87981,81968,6013
87983,81970,6013
87984,81971,6013
87985,81972,6013
87986,81973,6013
87988,81975,6013
87989,81976,6013
87990,81977,6013
87991,81978,6013
87992,81979,6013
87993,81980,6013
87995,81982,6013
87996,81983,6013
87998,81985,6013
88000,81987,6013
88001,81988,6013
88002,81989,6013
88003,81990,6013
88005,81992,6013
88007,81994,6013
88008,81995,6013
88009,81996,6013
88010,81997,6013
88011,81998,6013
88012,81999,6013
88013,82000,6013
88014,82001,6013
88015,82002,6013
88016,82003,6013
88017,82004,6013
88019,82006,6013
88020,82007,6013
88022,82009,6013
88023,82010,6013
88024,82011,6013
88025,82012,6013
88026,82013,6013
88028,82015,6013
88029,82016,6013
88030,82017,6013
88031,82018,6013
88033,82020,6013
88035,82022,6013
88036,82023,6013
88037,82024,6013
88038,82025,6013
88039,82026,6013
88041,82028,6013
88042,82029,6013
88044,82031,6013
88045,82032,6013
88046,82033,6013
88047,82034,6013
88048,82035,6013
88050,82037,6013
88052,82039,6013
88054,82041,6013
88055,82042,6013
88056,82043,6013
88057,82044,6013
88059,82046,6013
88061,82048,6013
88063,82050,6013
88064,82051,6013
88065,82052,6013
88067,82054,6013
88069,82056,6013
88070,82057,6013
88071,82058,6013
88072,82059,6013
88074,82061,6013
88075,82062,6013
88076,82063,6013
88078,82065,6013
88079,82066,6013
88080,82067,6013
88081,82068,6013
88082,82069,6013
88084,82071,6013
88085,82072,6013
88086,82073,6013
88087,82074,6013
88088,82075,6013
88089,82076,6013
88091,82078,6013
88092,82079,6013
88094,82081,6013
88096,82083,6013
88097,82084,6013
88098,82085,6013
88099,82086,6013
88101,82088,6013
88103,82090,6013
88104,82091,6013
88105,82092,6013
88106,82093,6013
88107,82094,6013
88108,82095,6013
88109,82096,6013
88110,82097,6013
88111,82098,6013
88113,82100,6013
88114,82101,6013
88116,82103,6013
88117,82104,6013
88119,82106,6013
88120,82107,6013
88121,82108,6013
88122,82109,6013
88123,82110,6013
88125,82112,6013
88126,82113,6013
88127,82114,6013
88128,82115,6013
88130,82117,6013
88132,82119,6013
88133,82120,6013
88134,82121,6013
88135,82122,6013
88136,82123,6013
88138,82125,6013
88139,82126,6013
88141,82128,6013
88142,82129,6013
88143,82130,6013
88145,82132,6013
88146,82133,6013
88148,82135,6013
88150,82137,6013
88152,82139,6013
88153,82140,6013
88155,82142,6013
88156,82143,6013
88158,82145,6013
88160,82147,6013
88162,82149,6013
88163,82150,6013
88164,82151,6013
88166,82153,6013
88168,82155,6013
88169,82156,6013
88170,82157,6013
88171,82158,6013
88173,82160,6013
88174,82161,6013
88175,82161,6014
88177,82163,6014
88178,82164,6014
88179,82165,6014
88180,82166,6014
88181,82167,6014
88183,82169,6014
88184,82170,6014
88185,82171,6014
88186,82172,6014
88187,82173,6014
88188,82174,6014
88190,82176,6014
88191,82177,6014
88193,82179,6014
88194,82180,6014
88196,82182,6014
88197,82183,6014
88198,82184,6014
88199,82185,6014
88200,82186,6014
88201,82186,6015
88203,82188,6015
88204,82189,6015
88205,82190,6015
88207,82192,6015
88209,82194,6015
88210,82195,6015
88211,82196,6015
88212,82197,6015
88213,82198,6015
88215,82200,6015
88217,82202,6015
88218,82203,6015
88220,82205,6015
88221,82206,6015
88222,82207,6015
88224,82209,6015
88225,82210,6015
88227,82212,6015
88228,82213,6015
88230,82215,6015
88232,82217,6015
88234,82219,6015
88235,82220,6015
88236,82221,6015
88238,82223,6015
88239,82223,6016
88240,82224,6016
88241,82225,6016
88242,82226,6016
88243,82227,6016
88244,82228,6016
88246,82230,6016
88248,82232,6016
88249,82233,6016
88250,82234,6016
88251,82235,6016
88253,82237,6016
88255,82239,6016
88257,82241,6016
88259,82243,6016
88260,82244,6016
88262,82246,6016
88263,82247,6016
88265,82249,6016
88266,82250,6016
88267,82251,6016
88268,82252,6016
88270,82254,6016
88272,82256,6016
88273,82257,6016
88274,82258,6016
88275,82259,6016
88276,82260,6016
88278,82262,6016
88280,82264,6016
88281,82265,6016
88283,82267,6016
88284,82268,6016
88285,82269,6016
88287,82271,6016
88289,82273,6016
88290,82274,6016
88291,82275,6016
88292,82276,6016
88293,82277,6016
88294,82278,6016
88295,82279,6016
88296,82280,6016
88297,82281,6016
88298,82282,6016
88299,82283,6016
88300,82284,6016
88301,82285,6016
88302,82286,6016
88304,82288,6016
88306,82290,6016
88307,82291,6016
88308,82292,6016
88310,82293,6017
88311,82294,6017
88312,82295,6017
88313,82296,6017
88314,82297,6017
88316,82299,6017
88317,82300,6017
88318,82301,6017
88320,82303,6017
88321,82304,6017
88322,82305,6017
88323,82306,6017
88324,82307,6017
88325,82308,6017
88327,82310,6017
88328,82311,6017
88329,82312,6017
88330,82313,6017
88331,82314,6017
88333,82316,6017
88334,82317,6017
88336,82319,6017
88337,82320,6017
88338,82321,6017
88339,82322,6017
88340,82323,6017
88342,82325,6017
88343,82326,6017
88344,82327,6017
88345,82328,6017
88346,82329,6017
88347,82330,6017
88349,82332,6017
88350,82333,6017
88351,82334,6017
88352,82335,6017
88354,82337,6017
88355,82338,6017
88356,82339,6017
88357,82340,6017
88358,82341,6017
88359,82342,6017
88360,82343,6017
88361,82344,6017
88362,82345,6017
88364,82347,6017
88365,82348,6017
88366,82349,6017
88367,82350,6017
88368,82351,6017
88369,82352,6017
88370,82353,6017
88372,82355,6017
88373,82356,6017
88374,82357,6017
88375,82358,6017
88377,82360,6017
88378,82361,6017
88380,82363,6017
88382,82365,6017
88383,82366,6017
88384,82367,6017
88385,82368,6017
88386,82369,6017
88388,82371,6017
88389,82372,6017
88390,82373,6017
88391,82374,6017
88393,82376,6017
88394,82377,6017
88395,82378,6017
88396,82379,6017
88397,82380,6017
88398,82381,6017
88399,82382,6017
88400,82383,6017
88401,82384,6017
88402,82385,6017
88403,82386,6017
88404,82387,6017
88406,82389,6017
88407,82390,6017
88409,82392,6017
88410,82393,6017
88411,82394,6017
88412,82395,6017
88413,82396,6017
88414,82397,6017
88415,82398,6017
88416,82399,6017
88417,82400,6017
88418,82401,6017
88419,82402,6017
88420,82403,6017
88422,82405,6017
88423,82406,6017
88425,82408,6017
88426,82409,6017
88427,82410,6017
88428,82411,6017
88429,82412,6017
88431,82414,6017
88432,82415,6017
88433,82416,6017
88435,82418,6017
88437,82420,6017
88439,82422,6017
88440,82423,6017
88441,82424,6017
88442,82425,6017
88444,82427,6017
88446,82429,6017
88447,82430,6017
88448,82431,6017
88449,82432,6017
88450,82433,6017
88452,82435,6017
88453,82436,6017
88454,82437,6017
88455,82438,6017
88456,82439,6017
88457,82440,6017
88459,82442,6017
88461,82444,6017
88462,82445,6017
88463,82446,6017
88464,82447,6017
88465,82448,6017
88466,82449,6017
88468,82451,6017
88470,82453,6017
88471,82454,6017
88472,82455,6017
88473,82456,6017
88474,82457,6017
88475,82458,6017
88476,82459,6017
88477,82460,6017
88478,82461,6017
88479,82462,6017
88480,82463,6017
88482,82465,6017
88483,82466,6017
88484,82467,6017
88485,82468,6017
88487,82470,6017
88488,82471,6017
88489,82472,6017
88491,82474,6017
88492,82475,6017
88493,82476,6017
88494,82477,6017
88495,82478,6017
88496,82479,6017
88497,82480,6017
88499,82482,6017
88500,82483,6017
88501,82484,6017
88502,82485,6017
88503,82486,6017
88505,82488,6017
88506,82489,6017
88507,82490,6017
88508,82491,6017
88509,82492,6017
88510,82493,6017
88512,82495,6017
88513,82496,6017
88514,82497,6017
88515,82498,6017
88517,82500,6017
88519,82502,6017
88520,82503,6017
88521,82504,6017
88522,82505,6017
88524,82507,6017
88525,82508,6017
88527,82510,6017
88528,82511,6017
88529,82512,6017
88530,82513,6017
88531,82514,6017
88532,82515,6017
88533,82516,6017
88534,82517,6017
88536,82519,6017
88537,82520,6017
88539,82522,6017
88540,82523,6017
88542,82525,6017
88544,82527,6017
88546,82529,6017
88547,82530,6017
88549,82532,6017
88550,82533,6017
88552,82535,6017
88554,82537,6017
88555,82538,6017
88556,82539,6017
88558,82541,6017
88559,82542,6017
88561,82544,6017
88562,82545,6017
88563,82546,6017
88564,82547,6017
88566,82549,6017
88567,82550,6017
88568,82551,6017
88570,82553,6017
88571,82554,6017
88573,82556,6017
88574,82557,6017
88575,82558,6017
88576,82559,6017
88577,82560,6017
88578,82561,6017
88580,82563,6017
88582,82565,6017
88583,82566,6017
88584,82567,6017
88585,82568,6017
88586,82569,6017
88588,82571,6017
88589,82572,6017
88590,82573,6017
88592,82575,6017
88593,82576,6017
88594,82577,6017
88595,82578,6017
88596,82579,6017
88597,82580,6017
88599,82581,6018
88600,82582,6018
88601,82583,6018
88603,82585,6018
88604,82586,6018
88605,82587,6018
88606,82588,6018
88608,82590,6018
88609,82591,6018
88611,82592,6019
88612,82593,6019
88613,82594,6019
88615,82596,6019
88616,82597,6019
88617,82598,6019
88618,82599,6019
88619,82600,6019
88621,82602,6019
88622,82603,6019
88623,82604,6019
88624,82605,6019
88626,82607,6019
88627,82608,6019
88628,82609,6019
88629,82610,6019
88630,82611,6019
88631,82612,6019
88633,82614,6019
88634,82615,6019
88635,82616,6019
88636,82617,6019
88637,82618,6019
88639,82620,6019
88640,82621,6019
88641,82622,6019
88643,82624,6019
88644,82625,6019
88645,82625,6020
88646,82626,6020
88647,82627,6020
88649,82629,6020
88650,82630,6020
88652,82632,6020
88653,82633,6020
88655,82635,6020
88656,82636,6020
88657,82637,6020
88659,82639,6020
88660,82640,6020
88661,82641,6020
88662,82642,6020
88664,82644,6020
88665,82645,6020
88666,82646,6020
88667,82647,6020
88669,82649,6020
88670,82650,6020
88671,82651,6020
88672,82652,6020
88674,82654,6020
88675,82655,6020
88676,82656,6020
88677,82657,6020
88679,82659,6020
88681,82661,6020
88682,82662,6020
88684,82664,6020
88685,82665,6020
88686,82666,6020
88687,82667,6020
88688,82668,6020
88690,82670,6020
88691,82671,6020
88692,82672,6020
88693,82673,6020
88694,82674,6020
88695,82675,6020
88696,82676,6020
88698,82678,6020
88699,82679,6020
88700,82680,6020
88701,82681,6020
88702,82682,6020
88704,82684,6020
88706,82686,6020
88707,82687,6020
88709,82689,6020
88710,82690,6020
88712,82692,6020
88714,82694,6020
88715,82695,6020
88716,82696,6020
88717,82697,6020
88718,82698,6020
88720,82700,6020
88721,82701,6020
88723,82703,6020
88724,82704,6020
88725,82705,6020
88727,82707,6020
88728,82708,6020
88730,82710,6020
88731,82711,6020
88733,82713,6020
88734,82714,6020
88736,82716,6020
88737,82717,6020
88739,82719,6020
88740,82720,6020
88741,82721,6020
88742,82722,6020
88743,82723,6020
88745,82725,6020
88746,82725,6021
88747,82726,6021
88749,82728,6021
88750,82729,6021
88752,82731,6021
88754,82733,6021
88756,82735,6021
88757,82736,6021
88759,82738,6021
88760,82739,6021
88762,82741,6021
88763,82742,6021
88764,82743,6021
88766,82745,6021
88767,82746,6021
88768,82747,6021
88769,82748,6021
88770,82749,6021
88772,82751,6021
88773,82752,6021
88775,82753,6022
88776,82754,6022
88777,82755,6022
88778,82756,6022
88779,82757,6022
88780,82758,6022
88781,82759,6022
88783,82761,6022
88784,82762,6022
88785,82763,6022
88786,82764,6022
88787,82765,6022
88788,82766,6022
88789,82767,6022
88790,82768,6022
88791,82769,6022
88793,82771,6022
88794,82772,6022
88795,82773,6022
88796,82774,6022
88797,82775,6022
88798,82776,6022
88799,82777,6022
88800,82778,6022
88801,82779,6022
88803,82781,6022
88804,82782,6022
88805,82783,6022
88806,82784,6022
88807,82785,6022
88808,82786,6022
88809,82787,6022
88810,82788,6022
88811,82789,6022
88813,82791,6022
88814,82792,6022
88815,82793,6022
88816,82794,6022
88817,82795,6022
88818,82796,6022
88819,82797,6022
88820,82798,6022
88821,82799,6022
88823,82801,6022
88824,82802,6022
88825,82803,6022
88826,82804,6022
88827,82805,6022
88828,82806,6022
88829,82807,6022
88830,82808,6022
88831,82809,6022
88833,82811,6022
88834,82812,6022
88835,82813,6022
88836,82814,6022
88837,82815,6022
88838,82816,6022
88839,82817,6022
88840,82818,6022
88841,82819,6022
88843,82821,6022
88844,82822,6022
88845,82823,6022
88846,82824,6022
88847,82825,6022
88848,82826,6022
88849,82827,6022
88850,82828,6022
88851,82829,6022
88853,82831,6022
88854,82832,6022
88855,82833,6022
88856,82834,6022
88857,82835,6022
88858,82836,6022
88859,82837,6022
88860,82838,6022
88861,82839,6022
88863,82841,6022
88864,82842,6022
88865,82843,6022
88866,82844,6022
88867,82845,6022
88868,82846,6022
88869,82847,6022
88870,82848,6022
88871,82849,6022
88873,82851,6022
88874,82852,6022
88875,82853,6022
88876,82854,6022
88877,82855,6022
88878,82856,6022
88879,82857,6022
88880,82858,6022
88881,82859,6022
88883,82861,6022
88884,82862,6022
88885,82863,6022
88886,82864,6022
88887,82865,6022
88888,82866,6022
88889,82867,6022
88890,82868,6022
88891,82869,6022
88893,82871,6022
88894,82872,6022
88895,82873,6022
88896,82874,6022
88897,82875,6022
88898,82876,6022
88899,82877,6022
88900,82878,6022
88901,82879,6022
88903,82881,6022
88904,82882,6022
88905,82883,6022
88906,82884,6022
88907,82885,6022
88908,82886,6022
88909,82887,6022
88910,82888,6022
88911,82889,6022
88913,82891,6022
88914,82892,6022
88915,82893,6022
88916,82894,6022
88917,82895,6022
88918,82896,6022
88920,82898,6022
88922,82900,6022
88923,82901,6022
88924,82902,6022
88926,82904,6022
88928,82906,6022
88929,82907,6022
88930,82908,6022
88932,82910,6022
88933,82911,6022
88934,82912,6022
88935,82913,6022
88937,82915,6022
88938,82916,6022
88939,82917,6022
88940,82918,6022
88942,82920,6022
88944,82922,6022
88945,82923,6022
88946,82924,6022
88948,82926,6022
88950,82928,6022
88951,82929,6022
88952,82930,6022
88954,82932,6022
88956,82934,6022
88957,82935,6022
88959,82937,6022
88961,82939,6022
88962,82940,6022
88964,82942,6022
88966,82944,6022
88968,82946,6022
88969,82947,6022
88970,82948,6022
88972,82950,6022
88974,82952,6022
88975,82953,6022
88977,82955,6022
88979,82957,6022
88980,82958,6022
88981,82959,6022
88983,82961,6022
88984,82962,6022
88986,82964,6022
88987,82965,6022
88988,82966,6022
88990,82968,6022
88992,82970,6022
88993,82971,6022
88995,82973,6022
88996,82974,6022
88998,82976,6022
88999,82977,6022
89001,82979,6022
89003,82981,6022
89005,82983,6022
89006,82984,6022
89008,82986,6022
89009,82987,6022
89011,82989,6022
89012,82990,6022
89014,82992,6022
89015,82993,6022
89016,82994,6022
89017,82995,6022
89018,82996,6022
89019,82997,6022
89020,82998,6022
89021,82999,6022
89022,83000,6022
89023,83001,6022
89024,83002,6022
89025,83003,6022
89026,83004,6022
89027,83005,6022
89028,83006,6022
89030,83008,6022
89031,83009,6022
89032,83010,6022
89033,83011,6022
89035,83013,6022
89036,83014,6022
89037,83015,6022
89039,83017,6022
89041,83019,6022
89042,83020,6022
89044,83022,6022
89046,83024,6022
89048,83026,6022
89049,83027,6022
89050,83028,6022
89051,83029,6022
89052,83030,6022
89053,83031,6022
89055,83033,6022
89056,83034,6022
89058,83036,6022
89060,83038,6022
89062,83040,6022
89063,83041,6022
89065,83043,6022
89066,83044,6022
89068,83046,6022
89069,83047,6022
89070,83048,6022
89071,83049,6022
89073,83051,6022
89075,83053,6022
89076,83054,6022
89077,83055,6022
89078,83056,6022
89080,83058,6022
89082,83060,6022
89083,83061,6022
89085,83063,6022
89086,83064,6022
89087,83065,6022
89088,83066,6022
89090,83068,6022
89091,83069,6022
89092,83070,6022
89093,83071,6022
89094,83072,6022
89096,83074,6022
89097,83075,6022
89098,83076,6022
89099,83077,6022
89101,83079,6022
89102,83080,6022
89103,83081,6022
89104,83082,6022
89105,83083,6022
89107,83085,6022
89109,83087,6022
89110,83088,6022
89112,83090,6022
89113,83091,6022
89114,83092,6022
89115,83093,6022
89116,83094,6022
89118,83096,6022
89120,83098,6022
89121,83099,6022
89122,83100,6022
89123,83101,6022
89124,83102,6022
89126,83104,6022
89128,83106,6022
89129,83107,6022
89130,83108,6022
89131,83109,6022
89133,83111,6022
89135,83113,6022
89136,83114,6022
89137,83115,6022
89138,83116,6022
89140,83118,6022
89141,83119,6022
89143,83121,6022
89145,83123,6022
89147,83125,6022
89148,83126,6022
89149,83127,6022
89150,83128,6022
89152,83130,6022
89153,83131,6022
89154,83132,6022
89155,83133,6022
89156,83134,6022
89157,83135,6022
89159,83137,6022
89160,83138,6022
89162,83140,6022
89164,83142,6022
89165,83143,6022
89166,83144,6022
89167,83145,6022
89169,83147,6022
89171,83149,6022
89172,83150,6022
89173,83151,6022
89174,83152,6022
89175,83153,6022
89176,83154,6022
89178,83156,6022
89180,83158,6022
89181,83159,6022
89183,83161,6022
89184,83162,6022
89186,83164,6022
89187,83165,6022
89188,83166,6022
89189,83167,6022
89191,83169,6022
89192,83170,6022
89193,83171,6022
89195,83173,6022
89196,83174,6022
89197,83175,6022
89198,83176,6022
89199,83177,6022
89200,83178,6022
89202,83180,6022
89203,83181,6022
89204,83182,6022
89205,83183,6022
89207,83185,6022
89208,83186,6022
89209,83187,6022
89210,83188,6022
89211,83189,6022
89212,83190,6022
89213,83191,6022
89215,83193,6022
89216,83194,6022
89217,83195,6022
89218,83196,6022
89220,83198,6022
89221,83199,6022
89222,83200,6022
89223,83201,6022
89224,83202,6022
89225,83203,6022
89226,83204,6022
89228,83206,6022
89229,83207,6022
89231,83209,6022
89233,83211,6022
89234,83212,6022
89235,83213,6022
89236,83214,6022
89238,83216,6022
89239,83217,6022
89240,83218,6022
89241,83219,6022
89243,83221,6022
89244,83222,6022
89245,83223,6022
89247,83225,6022
89248,83226,6022
89249,83227,6022
89250,83228,6022
89252,83230,6022
89253,83231,6022
89254,83232,6022
89255,83233,6022
89256,83234,6022
89258,83236,6022
89259,83237,6022
89260,83238,6022
89262,83240,6022
89263,83241,6022
89264,83242,6022
89265,83243,6022
89267,83245,6022
89268,83246,6022
89269,83247,6022
89270,83248,6022
89271,83249,6022
89272,83250,6022
89273,83251,6022
89275,83253,6022
89277,83255,6022
89278,83256,6022
89279,83257,6022
89280,83258,6022
89281,83259,6022
89282,83260,6022
89284,83262,6022
89285,83263,6022
89286,83264,6022
89287,83265,6022
89289,83267,6022
89290,83268,6022
89291,83269,6022
89292,83270,6022
89293,83271,6022
89294,83272,6022
89295,83273,6022
89297,83275,6022
89298,83276,6022
89299,83277,6022
89300,83278,6022
89302,83280,6022
89303,83281,6022
89304,83282,6022
89305,83283,6022
89306,83284,6022
89307,83285,6022
89308,83286,6022
89310,83288,6022
89311,83289,6022
89313,83291,6022
89315,83293,6022
89316,83294,6022
89317,83295,6022
89318,83296,6022
89320,83298,6022
89321,83299,6022
89322,83300,6022
89323,83301,6022
89325,83303,6022
89326,83304,6022
89327,83305,6022
89329,83307,6022
89330,83308,6022
89331,83309,6022
89332,83310,6022
89334,83312,6022
89335,83313,6022
89336,83314,6022
89337,83315,6022
89338,83316,6022
89340,83318,6022
89341,83319,6022
89342,83320,6022
89344,83322,6022
89345,83323,6022
89346,83324,6022
89347,83325,6022
89349,83327,6022
89350,83328,6022
89351,83329,6022
89352,83330,6022
89353,83331,6022
89354,83332,6022
89355,83333,6022
89357,83335,6022
89358,83336,6022
89360,83338,6022
89361,83339,6022
89363,83341,6022
89364,83342,6022
89365,83343,6022
89367,83345,6022
89368,83346,6022
89369,83347,6022
89370,83348,6022
89371,83349,6022
89372,83350,6022
89373,83351,6022
89375,83353,6022
89376,83354,6022
89378,83356,6022
89379,83357,6022
89380,83358,6022
89381,83359,6022
89382,83360,6022
89384,83362,6022
89385,83363,6022
89386,83364,6022
89387,83365,6022
89389,83367,6022
89391,83369,6022
89392,83370,6022
89393,83371,6022
89394,83372,6022
89395,83373,6022
89397,83375,6022
89398,83376,6022
89400,83378,6022
89401,83379,6022
89402,83380,6022
89403,83381,6022
89404,83382,6022
89406,83384,6022
89408,83386,6022
89410,83388,6022
89411,83389,6022
89412,83390,6022
89413,83391,6022
89415,83393,6022
89417,83395,6022
89419,83397,6022
89420,83398,6022
89421,83399,6022
89423,83401,6022
89425,83403,6022
89426,83404,6022
89427,83405,6022
89428,83406,6022
89430,83408,6022
89431,83409,6022
89432,83410,6022
89434,83412,6022
89435,83413,6022
89436,83414,6022
89437,83415,6022
89438,83416,6022
89440,83418,6022
89441,83419,6022
89442,83420,6022
89443,83421,6022
89444,83422,6022
89445,83423,6022
89447,83425,6022
89448,83426,6022
89450,83428,6022
89452,83430,6022
89453,83431,6022
89454,83432,6022
89455,83433,6022
89457,83435,6022
89459,83437,6022
89460,83438,6022
89461,83439,6022
89462,83440,6022
89463,83441,6022
89464,83442,6022
89466,83444,6022
89468,83446,6022
89469,83447,6022
89471,83449,6022
89472,83450,6022
89474,83452,6022
89475,83453,6022
89476,83454,6022
89477,83455,6022
89479,83457,6022
89481,83459,6022
89482,83460,6022
89484,83462,6022
89485,83463,6022
89486,83464,6022
89487,83465,6022
89488,83466,6022
89489,83467,6022
89491,83469,6022
89492,83470,6022
89493,83471,6022
89494,83472,6022
89496,83474,6022
89497,83475,6022
89498,83476,6022
89500,83478,6022
89501,83479,6022
89502,83480,6022
89504,83482,6022
89505,83483,6022
89507,83485,6022
89508,83486,6022
89509,83487,6022
89510,83488,6022
89512,83490,6022
89513,83491,6022
89514,83492,6022
89515,83493,6022
89516,83494,6022
89517,83495,6022
89519,83497,6022
89520,83498,6022
89521,83499,6022
89523,83501,6022
89524,83502,6022
89525,83503,6022
89526,83504,6022
89528,83506,6022
89530,83508,6022
89531,83509,6022
89532,83510,6022
89533,83511,6022
89535,83513,6022
89536,83514,6022
89538,83516,6022
89540,83518,6022
89541,83519,6022
89542,83520,6022
89543,83521,6022
89544,83522,6022
89545,83523,6022
89547,83525,6022
89548,83526,6022
89549,83527,6022
89550,83528,6022
89552,83530,6022
89553,83531,6022
89554,83532,6022
89556,83534,6022
89557,83535,6022
89558,83536,6022
89560,83538,6022
89561,83539,6022
89563,83541,6022
89564,83542,6022
89565,83543,6022
89566,83544,6022
89568,83546,6022
89569,83547,6022
89570,83548,6022
89571,83549,6022
89572,83550,6022
89573,83551,6022
89575,83553,6022
89576,83554,6022
89577,83555,6022
89579,83557,6022
89580,83558,6022
89581,83559,6022
89582,83560,6022
89583,83561,6022
89584,83562,6022
89585,83563,6022
89586,83564,6022
89587,83565,6022
89588,83566,6022
89589,83567,6022
89591,83569,6022
89592,83570,6022
89594,83572,6022
89595,83573,6022
89597,83575,6022
89598,83576,6022
89599,83577,6022
89601,83579,6022
89602,83580,6022
89603,83581,6022
89604,83582,6022
89605,83583,6022
89607,83585,6022
89608,83586,6022
89610,83588,6022
89611,83589,6022
89613,83591,6022
89614,83592,6022
89615,83593,6022
89616,83594,6022
89617,83595,6022
89619,83597,6022
89620,83598,6022
89621,83599,6022
89622,83600,6022
89624,83602,6022
89626,83604,6022
89627,83605,6022
89628,83606,6022
89629,83607,6022
89630,83608,6022
89632,83610,6022
89633,83611,6022
89635,83613,6022
89636,83614,6022
89637,83615,6022
89639,83617,6022
89640,83618,6022
89642,83620,6022
89644,83622,6022
89646,83624,6022
89647,83625,6022
89649,83627,6022
89650,83628,6022
89652,83630,6022
89654,83632,6022
89656,83634,6022
89657,83635,6022
89658,83636,6022
89660,83638,6022
89662,83640,6022
89663,83641,6022
89664,83642,6022
89665,83643,6022
89667,83645,6022
89668,83646,6022
89669,83646,6023
89671,83648,6023
89672,83649,6023
89673,83650,6023
89674,83651,6023
89675,83652,6023
89677,83654,6023
89678,83655,6023
89679,83656,6023
89680,83657,6023
89681,83658,6023
89682,83659,6023
89684,83661,6023
89685,83662,6023
89687,83664,6023
89689,83666,6023
89690,83667,6023
89691,83668,6023
89692,83669,6023
89694,83671,6023
89696,83673,6023
89697,83674,6023
89698,83675,6023
89699,83676,6023
89700,83677,6023
89701,83678,6023
89703,83680,6023
89705,83682,6023
89706,83683,6023
89708,83685,6023
89709,83686,6023
89711,83688,6023
89712,83689,6023
89713,83690,6023
89714,83691,6023
89716,83693,6023
89718,83695,6023
89719,83696,6023
89721,83698,6023
89722,83699,6023
89723,83700,6023
89724,83701,6023
89725,83702,6023
89726,83703,6023
89728,83705,6023
89729,83706,6023
89730,83707,6023
89731,83708,6023
89733,83710,6023
89734,83711,6023
89735,83712,6023
89737,83714,6023
89738,83715,6023
89739,83716,6023
89741,83718,6023
89742,83719,6023
89744,83721,6023
89745,83722,6023
89746,83723,6023
89747,83724,6023
89749,83726,6023
89750,83727,6023
89751,83728,6023
89752,83729,6023
89753,83730,6023
89754,83731,6023
89756,83733,6023
89757,83734,6023
89758,83735,6023
89760,83737,6023
89761,83738,6023
89762,83739,6023
89763,83740,6023
89765,83742,6023
89767,83744,6023
89768,83745,6023
89769,83746,6023
89770,83747,6023
89772,83749,6023
89773,83750,6023
89775,83752,6023
89777,83754,6023
89778,83755,6023
89779,83756,6023
89780,83757,6023
89781,83758,6023
89782,83759,6023
89784,83761,6023
89785,83762,6023
89786,83763,6023
89787,83764,6023
89789,83766,6023
89790,83767,6023
89791,83768,6023
89793,83770,6023
89794,83771,6023
89795,83772,6023
89797,83774,6023
89798,83775,6023
89800,83777,6023
89801,83778,6023
89802,83779,6023
89803,83780,6023
89805,83782,6023
89806,83783,6023
89807,83784,6023
89808,83785,6023
89809,83786,6023
89810,83787,6023
89811,83788,6023
89812,83789,6023
89813,83790,6023
89815,83792,6023
89816,83793,6023
89817,83794,6023
89818,83795,6023
89819,83796,6023
89820,83797,6023
89821,83798,6023
89822,83799,6023
89823,83800,6023
89824,83801,6023
89825,83802,6023
89827,83804,6023
89828,83805,6023
89830,83807,6023
89831,83808,6023
89833,83810,6023
89834,83811,6023
89835,83812,6023
89837,83814,6023
89838,83815,6023
89839,83816,6023
89840,83817,6023
89841,83818,6023
89842,83819,6023
89843,83820,6023
89844,83821,6023
89845,83822,6023
89847,83824,6023
89848,83825,6023
89849,83826,6023
89850,83827,6023
89851,83828,6023
89853,83830,6023
89854,83831,6023
89855,83832,6023
89856,83833,6023
89858,83835,6023
89859,83836,6023
89860,83837,6023
89861,83838,6023
89862,83839,6023
89864,83841,6023
89866,83843,6023
89867,83844,6023
89869,83846,6023
89870,83847,6023
89871,83848,6023
89873,83850,6023
89874,83851,6023
89876,83853,6023
89878,83855,6023
89879,83856,6023
89880,83857,6023
89882,83859,6023
89883,83860,6023
89885,83862,6023
89887,83864,6023
89888,83865,6023
89889,83866,6023
89890,83867,6023
89892,83869,6023
89894,83871,6023
89895,83872,6023
89896,83873,6023
89897,83874,6023
89899,83876,6023
89900,83877,6023
89902,83879,6023
89904,83881,6023
89906,83883,6023
89907,83884,6023
89908,83885,6023
89909,83886,6023
89911,83888,6023
89912,83889,6023
89913,83890,6023
89914,83891,6023
89915,83892,6023
89916,83893,6023
89918,83895,6023
89919,83896,6023
89921,83898,6023
89922,83899,6023
89924,83901,6023
89925,83902,6023
89926,83903,6023
89928,83905,6023
89929,83906,6023
89931,83908,6023
89933,83910,6023
89934,83911,6023
89935,83912,6023
89936,83913,6023
89938,83915,6023
89939,83916,6023
89940,83917,6023
89941,83918,6023
89942,83919,6023
89944,83921,6023
89946,83923,6023
89947,83924,6023
89949,83926,6023
89950,83927,6023
89951,83928,6023
89953,83930,6023
89954,83931,6023
89956,83933,6023
89957,83934,6023
89959,83936,6023
89961,83938,6023
89963,83940,6023
89964,83941,6023
89965,83942,6023
89967,83944,6023
89968,83945,6023
89969,83946,6023
89970,83947,6023
89971,83948,6023
89972,83949,6023
89973,83950,6023
89974,83951,6023
89975,83952,6023
89977,83954,6023
89979,83956,6023
89980,83957,6023
89981,83958,6023
89982,83959,6023
89983,83960,6023
89984,83961,6023
89985,83962,6023
89986,83963,6023
89988,83965,6023
89989,83966,6023
89990,83967,6023
89991,83968,6023
89992,83969,6023
89993,83970,6023
89994,83971,6023
89995,83972,6023
89996,83973,6023
89998,83975,6023
89999,83976,6023
90000,83977,6023
90001,83978,6023
90002,83979,6023
90003,83980,6023
90004,83981,6023
90006,83983,6023
90007,83984,6023
90008,83985,6023
90009,83986,6023
90010,83987,6023
90012,83989,6023
90014,83991,6023
90016,83993,6023
90018,83995,6023
90019,83996,6023
90021,83998,6023
90022,83999,6023
90024,84001,6023
90025,84002,6023
90026,84003,6023
90027,84004,6023
90029,84006,6023
90031,84008,6023
90032,84009,6023
90033,84010,6023
90034,84011,6023
90035,84012,6023
90037,84014,6023
90039,84016,6023
90040,84017,6023
90042,84019,6023
90043,84020,6023
90044,84021,6023
90046,84023,6023
90048,84025,6023
90049,84026,6023
90050,84027,6023
90051,84028,6023
90052,84029,6023
90053,84030,6023
90054,84031,6023
90055,84032,6023
90056,84033,6023
90057,84034,6023
90058,84035,6023
90059,84036,6023
90060,84037,6023
90061,84037,6024
90063,84039,6024
90065,84041,6024
90066,84042,6024
90067,84043,6024
90069,84045,6024
90070,84046,6024
90071,84047,6024
90072,84048,6024
90073,84049,6024
90075,84051,6024
90076,84052,6024
90077,84053,6024
90079,84055,6024
90080,84056,6024
90081,84057,6024
90082,84058,6024
90083,84059,6024
90084,84060,6024
90086,84062,6024
90087,84063,6024
90088,84064,6024
90089,84065,6024
90090,84066,6024
90092,84068,6024
90093,84069,6024
90094,84070,6024
90095,84071,6024
90097,84073,6024
90098,84074,6024
90100,84076,6024
90101,84077,6024
90102,84078,6024
90103,84079,6024
90104,84080,6024
90105,84081,6024
90106,84082,6024
90108,84084,6024
90109,84085,6024
90110,84086,6024
90111,84087,6024
90113,84087,6026
90114,84088,6026
90116,84090,6026
90118,84092,6026
90119,84093,6026
90120,84094,6026
90121,84095,6026
90122,84096,6026
90124,84098,6026
90125,84099,6026
90126,84100,6026
90127,84101,6026
90129,84103,6026
90130,84104,6026
90131,84105,6026
90132,84106,6026
90133,84107,6026
90134,84108,6026
90135,84109,6026
90136,84110,6026
90137,84111,6026
90138,84112,6026
90139,84113,6026
90140,84114,6026
90141,84115,6026
90143,84117,6026
90145,84119,6026
90146,84120,6026
90147,84121,6026
90148,84122,6026
90150,84124,6026
90151,84125,6026
90152,84126,6026
90153,84127,6026
90154,84128,6026
90155,84129,6026
90157,84131,6026
90158,84132,6026
90160,84134,6026
90161,84135,6026
90163,84137,6026
90164,84138,6026
90165,84139,6026
90166,84140,6026
90167,84141,6026
90168,84142,6026
90169,84143,6026
90170,84144,6026
90172,84146,6026
90174,84148,6026
90175,84149,6026
90176,84150,6026
90177,84151,6026
90178,84152,6026
90179,84153,6026
90180,84154,6026
90182,84156,6026
90183,84157,6026
90184,84158,6026
90185,84159,6026
90186,84160,6026
90187,84161,6026
90189,84163,6026
90191,84165,6026
90193,84167,6026
90194,84168,6026
90195,84169,6026
90196,84170,6026
90198,84172,6026
90199,84173,6026
90200,84174,6026
90201,84175,6026
90203,84177,6026
90204,84178,6026
90205,84179,6026
90206,84180,6026
90207,84181,6026
90208,84182,6026
90209,84183,6026
90210,84184,6026
90211,84185,6026
90212,84186,6026
90213,84187,6026
90214,84188,6026
90216,84190,6026
90217,84191,6026
90219,84193,6026
90220,84194,6026
90221,84195,6026
90222,84196,6026
90223,84197,6026
90224,84198,6026
90225,84199,6026
90226,84200,6026
90227,84201,6026
90228,84202,6026
90229,84203,6026
90230,84204,6026
90232,84206,6026
90233,84207,6026
90235,84209,6026
90236,84210,6026
90237,84211,6026
90238,84212,6026
90239,84213,6026
90241,84215,6026
90242,84216,6026
90243,84217,6026
90245,84219,6026
90247,84221,6026
90249,84223,6026
90250,84224,6026
90251,84225,6026
90252,84226,6026
90254,84228,6026
90256,84230,6026
90257,84231,6026
90258,84232,6026
90259,84233,6026
90260,84234,6026
90262,84236,6026
90263,84237,6026
90264,84238,6026
90265,84239,6026
90266,84240,6026
90267,84241,6026
90269,84243,6026
90271,84245,6026
90272,84246,6026
90273,84247,6026
90274,84248,6026
90275,84249,6026
90276,84250,6026
90278,84252,6026
90280,84254,6026
90281,84255,6026
90282,84256,6026
90283,84257,6026
90284,84258,6026
90285,84259,6026
90286,84260,6026
90287,84261,6026
90288,84262,6026
90289,84263,6026
90290,84264,6026
90292,84266,6026
90293,84267,6026
90294,84268,6026
90295,84269,6026
90297,84271,6026
90298,84272,6026
90299,84273,6026
90301,84275,6026
90302,84276,6026
90303,84277,6026
90304,84278,6026
90305,84279,6026
90306,84280,6026
90307,84281,6026
90309,84283,6026
90310,84284,6026
90311,84285,6026
90312,84286,6026
90313,84287,6026
90315,84289,6026
90316,84290,6026
90317,84291,6026
90318,84292,6026
90319,84293,6026
90320,84294,6026
90322,84296,6026
90323,84297,6026
90324,84298,6026
90325,84299,6026
90326,84300,6026
90328,84302,6026
90329,84303,6026
90330,84304,6026
90331,84305,6026
90333,84307,6026
90334,84308,6026
90336,84310,6026
90337,84311,6026
90338,84312,6026
90339,84313,6026
90340,84314,6026
90341,84315,6026
90342,84316,6026
90343,84317,6026
90345,84319,6026
90346,84320,6026
90348,84322,6026
90349,84323,6026
90351,84325,6026
90353,84327,6026
90355,84329,6026
90356,84330,6026
90358,84332,6026
90359,84333,6026
90361,84335,6026
90363,84337,6026
90364,84338,6026
90365,84339,6026
90367,84341,6026
90368,84342,6026
90370,84344,6026
90371,84345,6026
90372,84346,6026
90373,84347,6026
90375,84349,6026
90376,84350,6026
90377,84351,6026
90379,84353,6026
90380,84354,6026
90382,84356,6026
90383,84357,6026
90384,84358,6026
90385,84359,6026
90386,84360,6026
90387,84361,6026
90389,84363,6026
90391,84365,6026
90392,84366,6026
90394,84368,6026
90395,84369,6026
90396,84370,6026
90398,84372,6026
90399,84373,6026
90400,84374,6026
90402,84376,6026
90403,84377,6026
90404,84378,6026
90405,84379,6026
90406,84380,6026
90407,84381,6026
90408,84382,6026
90409,84383,6026
90410,84384,6026
90412,84386,6026
90413,84387,6026
90414,84388,6026
90415,84389,6026
90417,84391,6026
90418,84392,6026
90419,84392,6027
90420,84393,6027
90421,84394,6027
90423,84396,6027
90424,84397,6027
90425,84398,6027
90426,84399,6027
90427,84400,6027
90429,84402,6027
90430,84403,6027
90432,84405,6027
90433,84406,6027
90435,84408,6027
90436,84409,6027
90437,84410,6027
90438,84411,6027
90439,84412,6027
90440,84413,6027
90442,84415,6027
90443,84416,6027
90444,84417,6027
90445,84418,6027
90446,84419,6027
90448,84421,6027
90449,84422,6027
90450,84423,6027
90452,84425,6027
90453,84426,6027
90454,84426,6028
90455,84427,6028
90456,84428,6028
90458,84430,6028
90459,84431,6028
90461,84433,6028
90462,84434,6028
90464,84436,6028
90465,84437,6028
90466,84438,6028
90468,84440,6028
90469,84441,6028
90470,84442,6028
90471,84443,6028
90473,84445,6028
90474,84446,6028
90475,84447,6028
90476,84448,6028
90478,84450,6028
90479,84451,6028
90480,84452,6028
90481,84453,6028
90483,84455,6028
90484,84456,6028
90485,84457,6028
90486,84458,6028
90488,84460,6028
90490,84462,6028
90491,84463,6028
90493,84465,6028
90494,84466,6028
90495,84467,6028
90496,84468,6028
90497,84469,6028
90499,84471,6028
90500,84472,6028
90501,84473,6028
90502,84474,6028
90503,84475,6028
90504,84476,6028
90505,84477,6028
90507,84479,6028
90508,84480,6028
90509,84481,6028
90510,84482,6028
90511,84483,6028
90513,84485,6028
90515,84487,6028
90516,84488,6028
90518,84490,6028
90519,84491,6028
90521,84493,6028
90523,84495,6028
90524,84496,6028
90525,84497,6028
90526,84498,6028
90527,84499,6028
90529,84501,6028
90530,84502,6028
90532,84504,6028
90533,84505,6028
90534,84506,6028
90536,84508,6028
90537,84509,6028
90539,84511,6028
90540,84512,6028
90542,84514,6028
90543,84515,6028
90545,84517,6028
90546,84518,6028
90548,84520,6028
90549,84521,6028
90550,84522,6028
90551,84523,6028
90552,84524,6028
90554,84526,6028
90555,84526,6029
90556,84527,6029
90558,84529,6029
90559,84530,6029
90561,84532,6029
90563,84534,6029
90565,84536,6029
90566,84537,6029
90568,84539,6029
90569,84540,6029
90571,84542,6029
90572,84543,6029
90573,84544,6029
90575,84546,6029
90576,84547,6029
90577,84548,6029
90578,84549,6029
90579,84550,6029
90581,84552,6029
90582,84553,6029
90583,84554,6029
90584,84555,6029
90585,84556,6029
90586,84557,6029
90587,84558,6029
90588,84559,6029
90589,84560,6029
90591,84562,6029
90592,84563,6029
90593,84564,6029
90594,84565,6029
90595,84566,6029
90596,84567,6029
90597,84568,6029
90598,84569,6029
90599,84570,6029
90601,84572,6029
90602,84573,6029
90603,84574,6029
90604,84575,6029
90605,84576,6029
90606,84577,6029
90607,84578,6029
90608,84579,6029
90609,84580,6029
90611,84582,6029
90612,84583,6029
90613,84584,6029
90614,84585,6029
90615,84586,6029
90616,84587,6029
90617,84588,6029
90618,84589,6029
90619,84590,6029
90621,84592,6029
90622,84593,6029
90623,84594,6029
90624,84595,6029
90625,84596,6029
90626,84597,6029
90627,84598,6029
90628,84599,6029
90629,84600,6029
90631,84602,6029
90632,84603,6029
90633,84604,6029
90634,84605,6029
90635,84606,6029
90636,84607,6029
90638,84609,6029
90640,84611,6029
90641,84612,6029
90642,84613,6029
90644,84615,6029
90646,84617,6029
90647,84618,6029
90648,84619,6029
90650,84621,6029
90651,84622,6029
90652,84623,6029
90653,84624,6029
90655,84626,6029
90656,84627,6029
90657,84628,6029
90658,84629,6029
90660,84631,6029
90662,84633,6029
90663,84634,6029
90664,84635,6029
90666,84637,6029
90668,84639,6029
90669,84640,6029
90670,84641,6029
90672,84643,6029
90674,84645,6029
90675,84646,6029
90677,84648,6029
90679,84650,6029
90680,84651,6029
90682,84653,6029
90684,84655,6029
90686,84657,6029
90687,84658,6029
90688,84659,6029
90690,84661,6029
90692,84663,6029
90693,84664,6029
90695,84666,6029
90697,84668,6029
90698,84669,6029
90699,84670,6029
90701,84672,6029
90702,84673,6029
90704,84675,6029
90705,84676,6029
90706,84677,6029
90708,84679,6029
90710,84681,6029
90711,84682,6029
90713,84684,6029
90714,84685,6029
90716,84687,6029
90717,84688,6029
90719,84690,6029
90721,84692,6029
90723,84694,6029
90724,84695,6029
90726,84697,6029
90727,84698,6029
90729,84700,6029
90730,84701,6029
90732,84703,6029
90733,84704,6029
90734,84705,6029
90735,84706,6029
90736,84707,6029
90737,84708,6029
90738,84709,6029
90739,84710,6029
90740,84711,6029
90741,84712,6029
90742,84713,6029
90743,84714,6029
90744,84715,6029
90745,84716,6029
90746,84717,6029
90748,84719,6029
90749,84720,6029
90750,84721,6029
90751,84722,6029
90753,84724,6029
90754,84725,6029
90755,84726,6029
90757,84728,6029
90759,84730,6029
90760,84731,6029
90762,84733,6029
90764,84735,6029
90766,84737,6029
90767,84738,6029
90768,84739,6029
90769,84740,6029
90770,84741,6029
90771,84742,6029
90773,84744,6029
90774,84745,6029
90776,84747,6029
90778,84749,6029
90780,84751,6029
90781,84752,6029
90783,84754,6029
90784,84755,6029
90786,84757,6029
90787,84758,6029
90788,84759,6029
90789,84760,6029
90791,84762,6029
90793,84764,6029
90794,84765,6029
90795,84766,6029
90796,84767,6029
90798,84769,6029
90800,84771,6029
90801,84772,6029
90803,84774,6029
90804,84775,6029
90805,84776,6029
90806,84777,6029
90808,84779,6029
90809,84780,6029
90810,84781,6029
90811,84782,6029
90812,84783,6029
90814,84785,6029
90815,84786,6029
90816,84787,6029
90817,84788,6029
90819,84790,6029
90820,84791,6029
90821,84792,6029
90822,84793,6029
90823,84794,6029
90825,84796,6029
90827,84798,6029
90828,84799,6029
90830,84801,6029
90831,84802,6029
90832,84803,6029
90833,84804,6029
90834,84805,6029
90836,84807,6029
90838,84809,6029
90839,84810,6029
90840,84811,6029
90841,84812,6029
90842,84813,6029
90844,84815,6029
90846,84817,6029
90847,84818,6029
90848,84819,6029
90849,84820,6029
90851,84822,6029
90853,84824,6029
90854,84825,6029
90855,84826,6029
90856,84827,6029
90858,84829,6029
90859,84830,6029
90861,84832,6029
90863,84834,6029
90865,84836,6029
90866,84837,6029
90867,84838,6029
90868,84839,6029
90870,84841,6029
90871,84842,6029
90872,84843,6029
90873,84844,6029
90874,84845,6029
90875,84846,6029
90877,84848,6029
90878,84849,6029
90880,84851,6029
90882,84853,6029
90883,84854,6029
90884,84855,6029
90885,84856,6029
90887,84858,6029
90889,84860,6029
90890,84861,6029
90891,84862,6029
90892,84863,6029
90893,84864,6029
90894,84865,6029
90895,84866,6029
90896,84867,6029
90897,84868,6029
90898,84869,6029
90899,84870,6029
90901,84872,6029
90902,84873,6029
90904,84875,6029
90905,84876,6029
90906,84877,6029
90907,84878,6029
90908,84879,6029
90910,84881,6029
90911,84882,6029
90912,84883,6029
90913,84884,6029
90915,84886,6029
90917,84888,6029
90918,84889,6029
90919,84890,6029
90920,84891,6029
90921,84892,6029
90923,84894,6029
90924,84895,6029
90926,84897,6029
90927,84898,6029
90928,84899,6029
90929,84900,6029
90930,84901,6029
90932,84903,6029
90934,84905,6029
90936,84907,6029
90937,84908,6029
90938,84909,6029
90939,84910,6029
90941,84912,6029
90943,84914,6029
90945,84916,6029
90946,84917,6029
90947,84918,6029
90949,84920,6029
90951,84922,6029
90952,84923,6029
90953,84924,6029
90954,84925,6029
90956,84927,6029
90957,84928,6029
90958,84929,6029
90960,84931,6029
90961,84932,6029
90962,84933,6029
90963,84934,6029
90964,84935,6029
90966,84937,6029
90967,84938,6029
90968,84939,6029
90969,84940,6029
90970,84941,6029
90971,84942,6029
90973,84944,6029
90974,84945,6029
90976,84947,6029
90978,84949,6029
90979,84950,6029
90980,84951,6029
90981,84952,6029
90983,84954,6029
90985,84956,6029
90986,84957,6029
90987,84958,6029
90988,84959,6029
90989,84960,6029
90990,84961,6029
90991,84962,6029
90992,84963,6029
90993,84964,6029
90995,84966,6029
90996,84967,6029
90998,84969,6029
90999,84970,6029
91001,84972,6029
91002,84973,6029
91003,84974,6029
91004,84975,6029
91005,84976,6029
91007,84978,6029
91008,84979,6029
91009,84980,6029
91010,84981,6029
91012,84983,6029
91014,84985,6029
91015,84986,6029
91016,84987,6029
91017,84988,6029
91018,84989,6029
91020,84991,6029
91021,84992,6029
91023,84994,6029
91024,84995,6029
91025,84996,6029
91027,84998,6029
91028,84999,6029
91030,85001,6029
91032,85003,6029
91034,85005,6029
91035,85006,6029
91037,85008,6029
91038,85009,6029
91040,85011,6029
91042,85013,6029
91044,85015,6029
91045,85016,6029
91046,85017,6029
91048,85019,6029
91050,85021,6029
91051,85022,6029
91052,85023,6029
91053,85024,6029
91055,85026,6029
91056,85027,6029
91058,85027,6031
91060,85029,6031
91061,85030,6031
91062,85031,6031
91063,85032,6031
91064,85033,6031
91066,85035,6031
91067,85036,6031
91068,85037,6031
91069,85038,6031
91070,85039,6031
91071,85040,6031
91073,85042,6031
91074,85043,6031
91076,85045,6031
91077,85046,6031
91079,85048,6031
91080,85049,6031
91081,85050,6031
91082,85051,6031
91083,85052,6031
91084,85052,6032
91086,85054,6032
91087,85055,6032
91088,85056,6032
91090,85058,6032
91092,85060,6032
91093,85061,6032
91094,85062,6032
91095,85063,6032
91096,85064,6032
91098,85066,6032
91100,85068,6032
91101,85069,6032
91103,85071,6032
91104,85072,6032
91105,85073,6032
91107,85075,6032
91108,85076,6032
91110,85078,6032
91111,85079,6032
91113,85081,6032
91115,85083,6032
91117,85085,6032
91118,85086,6032
91119,85087,6032
91121,85089,6032
91123,85089,6034
91124,85090,6034
91125,85091,6034
91126,85092,6034
91127,85093,6034
91128,85094,6034
91129,85095,6034
91130,85096,6034
91132,85098,6034
91133,85099,6034
91134,85100,6034
91135,85101,6034
91136,85102,6034
91137,85103,6034
91138,85104,6034
91140,85106,6034
91142,85108,6034
91143,85109,6034
91144,85110,6034
91145,85111,6034
91147,85113,6034
91149,85115,6034
91151,85117,6034
91153,85119,6034
91154,85120,6034
91156,85122,6034
91157,85123,6034
91159,85125,6034
91160,85126,6034
91161,85127,6034
91162,85128,6034
91164,85130,6034
91166,85132,6034
91167,85133,6034
91168,85134,6034
91169,85135,6034
91170,85136,6034
91172,85138,6034
91174,85140,6034
91175,85141,6034
91177,85143,6034
91178,85144,6034
91179,85145,6034
91181,85147,6034
91183,85149,6034
91184,85150,6034
91185,85151,6034
91186,85152,6034
91187,85153,6034
91188,85154,6034
91189,85155,6034
91190,85156,6034
91191,85157,6034
91192,85158,6034
91193,85159,6034
91194,85160,6034
91195,85161,6034
91196,85162,6034
91198,85164,6034
91200,85166,6034
91201,85167,6034
91202,85168,6034
91203,85168,6035
91204,85169,6035
91205,85170,6035
91206,85171,6035
91208,85173,6035
91210,85175,6035
91211,85176,6035
91212,85177,6035
91214,85179,6035
91215,85180,6035
91216,85181,6035
91217,85182,6035
91218,85183,6035
91219,85184,6035
91221,85186,6035
91222,85187,6035
91223,85188,6035
91224,85189,6035
91225,85190,6035
91227,85192,6035
91228,85193,6035
91230,85195,6035
91231,85196,6035
91232,85197,6035
91233,85198,6035
91234,85199,6035
91236,85201,6035
91237,85202,6035
91238,85203,6035
91239,85204,6035
91240,85205,6035
91241,85206,6035
91243,85208,6035
91244,85209,6035
91245,85210,6035
91246,85211,6035
91248,85213,6035
91249,85214,6035
91250,85215,6035
91251,85216,6035
91252,85217,6035
91253,85218,6035
91254,85219,6035
91255,85220,6035
91256,85221,6035
91258,85223,6035
91259,85224,6035
91260,85225,6035
91261,85226,6035
91262,85227,6035
91263,85228,6035
91264,85229,6035
91266,85231,6035
91267,85232,6035
91268,85233,6035
91269,85234,6035
91271,85236,6035
91272,85237,6035
91274,85239,6035
91276,85241,6035
91277,85242,6035
91278,85243,6035
91279,85244,6035
91280,85245,6035
91282,85247,6035
91283,85248,6035
91284,85249,6035
91285,85250,6035
91287,85252,6035
91288,85253,6035
91289,85254,6035
91290,85255,6035
91291,85256,6035
91292,85257,6035
91293,85258,6035
91294,85259,6035
91295,85260,6035
91296,85261,6035
91297,85262,6035
91298,85263,6035
91300,85265,6035
91301,85266,6035
91303,85268,6035
91304,85269,6035
91305,85270,6035
91306,85271,6035
91307,85272,6035
91308,85273,6035
91309,85274,6035
91310,85275,6035
91311,85276,6035
91312,85277,6035
91313,85278,6035
91314,85279,6035
91316,85281,6035
91317,85282,6035
91319,85284,6035
91320,85285,6035
91321,85286,6035
91322,85287,6035
91323,85288,6035
91325,85290,6035
91326,85291,6035
91327,85292,6035
91329,85294,6035
91331,85296,6035
91333,85298,6035
91334,85299,6035
91335,85300,6035
91336,85301,6035
91338,85303,6035
91340,85305,6035
91341,85306,6035
91342,85307,6035
91343,85308,6035
91344,85309,6035
91346,85311,6035
91347,85312,6035
91348,85313,6035
91349,85314,6035
91350,85315,6035
91351,85316,6035
91353,85318,6035
91355,85320,6035
91356,85321,6035
91357,85322,6035
91358,85323,6035
91359,85324,6035
91360,85325,6035
91362,85327,6035
91364,85329,6035
91365,85330,6035
91366,85331,6035
91367,85332,6035
91368,85333,6035
91369,85334,6035
91370,85335,6035
91371,85336,6035
91372,85337,6035
91373,85338,6035
91374,85339,6035
91376,85341,6035
91377,85342,6035
91378,85343,6035
91379,85344,6035
91381,85346,6035
91382,85347,6035
91383,85348,6035
91385,85350,6035
91386,85351,6035
91387,85352,6035
91388,85353,6035
91389,85354,6035
91390,85355,6035
91391,85356,6035
91393,85358,6035
91394,85359,6035
91395,85360,6035
91396,85361,6035
91397,85362,6035
91399,85364,6035
91400,85365,6035
91401,85366,6035
91402,85367,6035
91403,85368,6035
91404,85369,6035
91406,85371,6035
91407,85372,6035
91408,85373,6035
91409,85374,6035
91411,85376,6035
91413,85378,6035
91414,85379,6035
91415,85380,6035
91416,85381,6035
91418,85383,6035
91419,85384,6035
91421,85386,6035
91422,85387,6035
91423,85388,6035
91424,85389,6035
91425,85390,6035
91426,85391,6035
91427,85392,6035
91428,85393,6035
91430,85395,6035
91431,85396,6035
91433,85398,6035
91434,85399,6035
91436,85401,6035
91438,85403,6035
91440,85405,6035
91441,85406,6035
91443,85408,6035
91444,85409,6035
91446,85411,6035
91448,85413,6035
91449,85414,6035
91450,85415,6035
91452,85417,6035
91453,85418,6035
91455,85420,6035
91456,85421,6035
91457,85422,6035
91458,85423,6035
91460,85425,6035
91461,85426,6035
91462,85427,6035
91464,85429,6035
91465,85430,6035
91467,85432,6035
91468,85433,6035
91469,85434,6035
91470,85435,6035
91471,85436,6035
91472,85437,6035
91474,85439,6035
91475,85440,6035
91476,85441,6035
91477,85442,6035
91478,85443,6035
91479,85444,6035
91481,85446,6035
91482,85447,6035
91483,85448,6035
91485,85450,6035
91486,85451,6035
91487,85452,6035
91488,85453,6035
91489,85454,6035
91490,85455,6035
91492,85456,6036
91493,85457,6036
91494,85458,6036
91496,85460,6036
91497,85461,6036
91498,85462,6036
91499,85463,6036
91501,85465,6036
91502,85466,6036
91504,85467,6037
91505,85468,6037
91506,85469,6037
91508,85471,6037
91509,85472,6037
91510,85473,6037
91511,85474,6037
91512,85475,6037
91514,85477,6037
91515,85478,6037
91516,85479,6037
91517,85480,6037
91519,85482,6037
91520,85483,6037
91521,85484,6037
91522,85485,6037
91523,85486,6037
91524,85487,6037
91526,85489,6037
91527,85490,6037
91528,85491,6037
91529,85492,6037
91530,85493,6037
91532,85495,6037
91533,85496,6037
91534,85497,6037
91536,85499,6037
91537,85500,6037
91538,85500,6038
91539,85501,6038
91540,85502,6038
91542,85504,6038
91543,85505,6038
91545,85507,6038
91546,85508,6038
91548,85510,6038
91549,85511,6038
91550,85512,6038
91552,85514,6038
91553,85515,6038
91554,85516,6038
91555,85517,6038
91557,85519,6038
91558,85520,6038
91559,85521,6038
91560,85522,6038
91562,85524,6038
91563,85525,6038
91564,85526,6038
91565,85527,6038
91567,85529,6038
91568,85530,6038
91569,85531,6038
91570,85532,6038
91572,85534,6038
91574,85536,6038
91575,85537,6038
91577,85539,6038
91578,85540,6038
91579,85541,6038
91580,85542,6038
91581,85543,6038
91583,85545,6038
91584,85546,6038
91585,85547,6038
91586,85548,6038
91587,85549,6038
91588,85550,6038
91589,85551,6038
91591,85553,6038
91592,85554,6038
91593,85555,6038
91594,85556,6038
91595,85557,6038
91597,85559,6038
91599,85561,6038
91600,85562,6038
91602,85564,6038
91603,85565,6038
91605,85567,6038
91607,85569,6038
91608,85570,6038
91609,85571,6038
91610,85572,6038
91611,85573,6038
91613,85575,6038
91614,85576,6038
91616,85578,6038
91617,85579,6038
91618,85580,6038
91620,85582,6038
91621,85583,6038
91623,85585,6038
91624,85586,6038
91626,85588,6038
91627,85589,6038
91629,85591,6038
91630,85592,6038
91632,85594,6038
91633,85595,6038
91634,85596,6038
91635,85597,6038
91636,85598,6038
91638,85600,6038
91639,85600,6039
91640,85601,6039
91642,85603,6039
91643,85604,6039
91645,85606,6039
91647,85608,6039
91649,85610,6039
91650,85611,6039
91652,85613,6039
91653,85614,6039
91655,85616,6039
91656,85617,6039
91657,85618,6039
91659,85620,6039
91660,85621,6039
91661,85622,6039
91662,85623,6039
91663,85624,6039
91665,85626,6039
91666,85627,6039
91667,85628,6039
91668,85629,6039
91669,85630,6039
91670,85631,6039
91671,85632,6039
91672,85633,6039
91673,85634,6039
91675,85636,6039
91676,85637,6039
91677,85638,6039
91678,85639,6039
91679,85640,6039
91680,85641,6039
91681,85642,6039
91682,85643,6039
91683,85644,6039
91685,85646,6039
91686,85647,6039
91687,85648,6039
91688,85649,6039
91689,85650,6039
91690,85651,6039
91691,85652,6039
91692,85653,6039
91693,85654,6039
91695,85656,6039
91696,85657,6039
91698,85658,6040
91699,85659,6040
91700,85660,6040
91701,85661,6040
91702,85662,6040
91703,85663,6040
91704,85664,6040
91706,85666,6040
91707,85667,6040
91708,85668,6040
91709,85669,6040
91710,85670,6040
91711,85671,6040
91712,85672,6040
91713,85673,6040
91714,85674,6040
91716,85676,6040
91717,85677,6040
91718,85678,6040
91719,85679,6040
91720,85680,6040
91721,85681,6040
91722,85682,6040
91723,85683,6040
91724,85684,6040
91726,85686,6040
91727,85687,6040
91728,85688,6040
91729,85689,6040
91730,85690,6040
91731,85691,6040
91732,85692,6040
91733,85693,6040
91734,85694,6040
91736,85696,6040
91737,85697,6040
91738,85698,6040
91739,85699,6040
91740,85700,6040
91741,85701,6040
91742,85702,6040
91743,85703,6040
91744,85704,6040
91746,85706,6040
91747,85707,6040
91748,85708,6040
91749,85709,6040
91750,85710,6040
91751,85711,6040
91752,85712,6040
91753,85713,6040
91754,85714,6040
91756,85716,6040
91757,85717,6040
91758,85718,6040
91759,85719,6040
91760,85720,6040
91761,85721,6040
91762,85722,6040
91763,85723,6040
91764,85724,6040
91766,85726,6040
91767,85727,6040
91768,85728,6040
91769,85729,6040
91770,85730,6040
91771,85731,6040
91772,85732,6040
91773,85733,6040
91774,85734,6040
91776,85736,6040
91777,85737,6040
91778,85738,6040
91779,85739,6040
91780,85740,6040
91781,85741,6040
91782,85742,6040
91783,85743,6040
91784,85744,6040
91786,85746,6040
91787,85747,6040
91788,85748,6040
91789,85749,6040
91790,85750,6040
91791,85751,6040
91792,85752,6040
91793,85753,6040
91794,85754,6040
91796,85756,6040
91797,85757,6040
91798,85758,6040
91799,85759,6040
91800,85760,6040
91801,85761,6040
91802,85762,6040
91803,85763,6040
91804,85764,6040
91806,85766,6040
91807,85767,6040
91808,85768,6040
91809,85769,6040
91810,85770,6040
91811,85771,6040
91813,85773,6040
91815,85775,6040
91816,85776,6040
91817,85777,6040
91819,85779,6040
91821,85781,6040
91822,85782,6040
91823,85783,6040
91825,85785,6040
91826,85786,6040
91827,85787,6040
91828,85788,6040
91830,85790,6040
91831,85791,6040
91832,85792,6040
91833,85793,6040
91835,85795,6040
91837,85797,6040
91838,85798,6040
91839,85799,6040
91841,85801,6040
91843,85803,6040
91844,85804,6040
91845,85805,6040
91847,85807,6040
91849,85809,6040
91850,85810,6040
91852,85812,6040
91854,85814,6040
91855,85815,6040
91857,85817,6040
91859,85819,6040
91861,85821,6040
91862,85822,6040
91863,85823,6040
91865,85825,6040
91867,85827,6040
91868,85828,6040
91870,85830,6040
91872,85832,6040
91873,85833,6040
91874,85834,6040
91876,85836,6040
91877,85837,6040
91879,85839,6040
91880,85840,6040
91881,85841,6040
91883,85843,6040
91885,85845,6040
91886,85846,6040
91888,85848,6040
91889,85849,6040
91891,85851,6040
91892,85852,6040
91894,85854,6040
91896,85856,6040
91898,85858,6040
91899,85859,6040
91901,85861,6040
91902,85862,6040
91904,85864,6040
91905,85865,6040
91907,85867,6040
91908,85868,6040
91909,85869,6040
91910,85870,6040
91911,85871,6040
91912,85872,6040
91913,85873,6040
91914,85874,6040
91915,85875,6040
91916,85876,6040
91917,85877,6040
91918,85878,6040
91919,85879,6040
91920,85880,6040
91921,85881,6040
91923,85883,6040
91924,85884,6040
91925,85885,6040
91926,85886,6040
91928,85888,6040
91929,85889,6040
91930,85890,6040
91932,85892,6040
91934,85894,6040
91935,85895,6040
91937,85897,6040
91939,85899,6040
91941,85901,6040
91942,85902,6040
91943,85903,6040
91944,85904,6040
91945,85905,6040
91946,85906,6040
91948,85908,6040
91949,85909,6040
91951,85911,6040
91953,85913,6040
91955,85915,6040
91956,85916,6040
91958,85918,6040
91959,85919,6040
91961,85921,6040
91962,85922,6040
91963,85923,6040
91964,85924,6040
91966,85926,6040
91968,85928,6040
91969,85929,6040
91970,85930,6040
91971,85931,6040
91973,85933,6040
91975,85935,6040
91976,85936,6040
91978,85938,6040
91979,85939,6040
91980,85940,6040
91981,85941,6040
91983,85943,6040
91984,85944,6040
91985,85945,6040
91986,85946,6040
91987,85947,6040
91989,85949,6040
91990,85950,6040
91991,85951,6040
91992,85952,6040
91994,85954,6040
91995,85955,6040
91996,85956,6040
91997,85957,6040
91998,85958,6040
92000,85960,6040
92002,85962,6040
92003,85963,6040
92005,85965,6040
92006,85966,6040
92007,85967,6040
92008,85968,6040
92009,85969,6040
92011,85971,6040
92013,85973,6040
92014,85974,6040
92015,85975,6040
92016,85976,6040
92017,85977,6040
92019,85979,6040
92021,85981,6040
92022,85982,6040
92023,85983,6040
92024,85984,6040
92026,85986,6040
92028,85988,6040
92029,85989,6040
92030,85990,6040
92031,85991,6040
92033,85993,6040
92034,85994,6040
92036,85996,6040
92038,85998,6040
92040,86000,6040
92041,86001,6040
92042,86002,6040
92043,86003,6040
92045,86005,6040
92046,86006,6040
92047,86007,6040
92048,86008,6040
92049,86009,6040
92050,86010,6040
92052,86012,6040
92053,86013,6040
92055,86015,6040
92057,86017,6040
92058,86018,6040
92059,86019,6040
92060,86020,6040
92062,86022,6040
92064,86024,6040
92065,86025,6040
92066,86026,6040
92067,86027,6040
92068,86028,6040
92069,86029,6040
92070,86030,6040
92071,86031,6040
92072,86032,6040
92073,86033,6040
92074,86034,6040
92076,86036,6040
92077,86037,6040
92079,86039,6040
92080,86040,6040
92081,86041,6040
92082,86042,6040
92083,86043,6040
92085,86045,6040
92086,86046,6040
92087,86047,6040
92088,86048,6040
92090,86050,6040
92092,86052,6040
92093,86053,6040
92094,86054,6040
92095,86055,6040
92096,86056,6040
92098,86058,6040
92099,86059,6040
92101,86061,6040
92102,86062,6040
92103,86063,6040
92104,86064,6040
92105,86065,6040
92107,86067,6040
92109,86069,6040
92111,86071,6040
92112,86072,6040
92113,86073,6040
92114,86074,6040
92116,86076,6040
92118,86078,6040
92120,86080,6040
92121,86081,6040
92122,86082,6040
92124,86084,6040
92126,86086,6040
92127,86087,6040
92128,86088,6040
92129,86089,6040
92131,86091,6040
92132,86092,6040
92133,86093,6040
92135,86095,6040
92136,86096,6040
92137,86097,6040
92138,86098,6040
92139,86099,6040
92141,86101,6040
92142,86102,6040
92143,86103,6040
92144,86104,6040
92145,86105,6040
92146,86106,6040
92148,86108,6040
92149,86109,6040
92151,86111,6040
92153,86113,6040
92154,86114,6040
92155,86115,6040
92156,86116,6040
92158,86118,6040
92160,86120,6040
92161,86121,6040
92162,86122,6040
92163,86123,6040
92164,86124,6040
92165,86125,6040
92166,86126,6040
92167,86127,6040
92168,86128,6040
92170,86130,6040
92171,86131,6040
92173,86133,6040
92174,86134,6040
92176,86136,6040
92177,86137,6040
92178,86138,6040
92179,86139,6040
92180,86140,6040
92182,86142,6040
92183,86143,6040
92184,86144,6040
92185,86145,6040
92187,86147,6040
92189,86149,6040
92190,86150,6040
92191,86151,6040
92192,86152,6040
92193,86153,6040
92195,86155,6040
92196,86156,6040
92198,86158,6040
92199,86159,6040
92200,86160,6040
92202,86162,6040
92203,86163,6040
92205,86165,6040
92207,86167,6040
92209,86169,6040
92210,86170,6040
92212,86172,6040
92213,86173,6040
92215,86175,6040
92217,86177,6040
92219,86179,6040
92220,86180,6040
92221,86181,6040
92223,86183,6040
92225,86185,6040
92226,86186,6040
92227,86187,6040
92228,86188,6040
92230,86190,6040
92231,86191,6040
92233,86192,6041
92235,86194,6041
92236,86195,6041
92237,86196,6041
92238,86197,6041
92239,86198,6041
92241,86200,6041
92242,86201,6041
92243,86202,6041
92244,86203,6041
92245,86204,6041
92246,86205,6041
92248,86207,6041
92249,86208,6041
92251,86210,6041
92252,86211,6041
92254,86213,6041
92255,86214,6041
92256,86215,6041
92257,86216,6041
92258,86217,6041
92259,86217,6042
92261,86219,6042
92262,86220,6042
92263,86221,6042
92265,86223,6042
92267,86225,6042
92268,86226,6042
92269,86227,6042
92270,86228,6042
92271,86229,6042
92273,86231,6042
92275,86233,6042
92276,86234,6042
92278,86236,6042
92279,86237,6042
92280,86238,6042
92282,86240,6042
92283,86241,6042
92285,86243,6042
92286,86244,6042
92288,86246,6042
92290,86248,6042
92292,86250,6042
92293,86251,6042
92294,86252,6042
92296,86254,6042
92297,86254,6043
92298,86255,6043
92299,86256,6043
92300,86257,6043
92301,86258,6043
92302,86259,6043
92304,86261,6043
92306,86263,6043
92307,86264,6043
92308,86265,6043
92309,86266,6043
92311,86268,6043
92313,86270,6043
92315,86272,6043
92317,86274,6043
92318,86275,6043
92320,86277,6043
92321,86278,6043
92323,86280,6043
92324,86281,6043
92325,86282,6043
92326,86283,6043
92328,86285,6043
92330,86287,6043
92331,86288,6043
92332,86289,6043
92333,86290,6043
92334,86291,6043
92336,86293,6043
92338,86295,6043
92339,86296,6043
92341,86298,6043
92342,86299,6043
92343,86300,6043
92345,86302,6043
92347,86304,6043
92348,86305,6043
92349,86306,6043
92350,86307,6043
92351,86308,6043
92352,86309,6043
92353,86310,6043
92354,86311,6043
92355,86312,6043
92356,86313,6043
92357,86314,6043
92358,86315,6043
92359,86316,6043
92360,86317,6043
92362,86319,6043
92364,86321,6043
92365,86322,6043
92366,86323,6043
92368,86324,6044
92369,86325,6044
92370,86326,6044
92371,86327,6044
92372,86328,6044
92374,86330,6044
92375,86331,6044
92376,86332,6044
92378,86334,6044
92379,86335,6044
92380,86336,6044
92381,86337,6044
92382,86338,6044
92383,86339,6044
92385,86341,6044
92386,86342,6044
92387,86343,6044
92388,86344,6044
92389,86345,6044
92391,86347,6044
92392,86348,6044
92394,86350,6044
92395,86351,6044
92396,86352,6044
92397,86353,6044
92398,86354,6044
92400,86356,6044
92401,86357,6044
92402,86358,6044
92403,86359,6044
92404,86360,6044
92405,86361,6044
92407,86363,6044
92408,86364,6044
92409,86365,6044
92410,86366,6044
92412,86368,6044
92413,86369,6044
92414,86370,6044
92415,86371,6044
92416,86372,6044
92417,86373,6044
92418,86374,6044
92419,86375,6044
92420,86376,6044
92422,86378,6044
92423,86379,6044
92424,86380,6044
92425,86381,6044
92426,86382,6044
92427,86383,6044
92428,86384,6044
92430,86386,6044
92431,86387,6044
92432,86388,6044
92433,86389,6044
92435,86391,6044
92436,86392,6044
92438,86394,6044
92440,86396,6044
92441,86397,6044
92442,86398,6044
92443,86399,6044
92444,86400,6044
92446,86402,6044
92447,86403,6044
92448,86404,6044
92449,86405,6044
92451,86407,6044
92452,86408,6044
92453,86409,6044
92454,86410,6044
92455,86411,6044
92456,86412,6044
92457,86413,6044
92458,86414,6044
92459,86415,6044
92460,86416,6044
92461,86417,6044
92462,86418,6044
92464,86420,6044
92465,86421,6044
92467,86423,6044
92468,86424,6044
92469,86425,6044
92470,86426,6044
92471,86427,6044
92472,86428,6044
92473,86429,6044
92474,86430,6044
92475,86431,6044
92476,86432,6044
92477,86433,6044
92478,86434,6044
92480,86436,6044
92481,86437,6044
92483,86439,6044
92484,86440,6044
92485,86441,6044
92486,86442,6044
92487,86443,6044
92489,86445,6044
92490,86446,6044
92491,86447,6044
92493,86449,6044
92495,86451,6044
92497,86453,6044
92498,86454,6044
92499,86455,6044
92500,86456,6044
92502,86458,6044
92504,86460,6044
92505,86461,6044
92506,86462,6044
92507,86463,6044
92508,86464,6044
92510,86466,6044
92511,86467,6044
92512,86468,6044
92513,86469,6044
92514,86470,6044
92515,86471,6044
92517,86473,6044
92519,86475,6044
92520,86476,6044
92521,86477,6044
92522,86478,6044
92523,86479,6044
92524,86480,6044
92526,86482,6044
92528,86484,6044
92529,86485,6044
92530,86486,6044
92531,86487,6044
92532,86488,6044
92533,86489,6044
92534,86490,6044
92535,86491,6044
92536,86492,6044
92537,86493,6044
92538,86494,6044
92540,86496,6044
92541,86497,6044
92542,86498,6044
92543,86499,6044
92545,86501,6044
92546,86502,6044
92547,86503,6044
92549,86505,6044
92550,86506,6044
92551,86507,6044
92552,86508,6044
92553,86509,6044
92554,86510,6044
92555,86511,6044
92557,86513,6044
92558,86514,6044
92559,86515,6044
92560,86516,6044
92561,86517,6044
92563,86519,6044
92564,86520,6044
92565,86521,6044
92566,86522,6044
92567,86523,6044
92568,86524,6044
92570,86526,6044
92571,86527,6044
92572,86528,6044
92573,86529,6044
92575,86531,6044
92577,86533,6044
92578,86534,6044
92579,86535,6044
92580,86536,6044
92582,86538,6044
92583,86539,6044
92585,86541,6044
92586,86542,6044
92587,86543,6044
92588,86544,6044
92589,86545,6044
92590,86546,6044
92591,86547,6044
92592,86548,6044
92594,86550,6044
92595,86551,6044
92597,86553,6044
92598,86554,6044
92600,86556,6044
92602,86558,6044
92604,86560,6044
92605,86561,6044
92607,86563,6044
92608,86564,6044
92610,86566,6044
92612,86568,6044
92613,86569,6044
92614,86570,6044
92616,86572,6044
92617,86573,6044
92619,86575,6044
92620,86576,6044
92621,86577,6044
92622,86578,6044
92624,86580,6044
92625,86581,6044
92626,86582,6044
92628,86584,6044
92629,86585,6044
92631,86587,6044
92632,86588,6044
92633,86589,6044
92634,86590,6044
92635,86591,6044
92636,86592,6044
92638,86594,6044
92640,86596,6044
92641,86597,6044
92642,86598,6044
92643,86599,6044
92644,86600,6044
92646,86602,6044
92647,86603,6044
92648,86604,6044
92650,86606,6044
92651,86607,6044
92652,86608,6044
92653,86609,6044
92654,86610,6044
92655,86611,6044
92656,86612,6044
92657,86613,6044
92659,86614,6045
92661,86616,6045
92662,86617,6045
92663,86618,6045
92664,86619,6045
92666,86621,6045
92667,86622,6045
92668,86622,6046
92669,86623,6046
92670,86624,6046
92672,86626,6046
92673,86627,6046
92674,86628,6046
92675,86629,6046
92676,86630,6046
92678,86632,6046
92679,86633,6046
92681,86635,6046
92682,86636,6046
92684,86638,6046
92685,86639,6046
92686,86640,6046
92687,86640,6047
92688,86641,6047
92689,86642,6047
92691,86644,6047
92692,86645,6047
92693,86646,6047
92694,86647,6047
92695,86648,6047
92697,86650,6047
92698,86651,6047
92699,86652,6047
92701,86654,6047
92702,86655,6047
92703,86655,6048
92704,86656,6048
92705,86657,6048
92707,86659,6048
92708,86660,6048
92710,86662,6048
92711,86663,6048
92713,86665,6048
92714,86666,6048
92715,86667,6048
92717,86669,6048
92718,86670,6048
92719,86671,6048
92720,86672,6048
92722,86674,6048
92723,86675,6048
92724,86676,6048
92725,86677,6048
92727,86679,6048
92728,86680,6048
92729,86681,6048
92730,86682,6048
92732,86684,6048
92733,86685,6048
92734,86686,6048
92735,86687,6048
92737,86689,6048
92739,86691,6048
92740,86692,6048
92742,86694,6048
92743,86695,6048
92744,86696,6048
92745,86697,6048
92746,86698,6048
92748,86700,6048
92749,86701,6048
92750,86702,6048
92751,86703,6048
92752,86704,6048
92753,86705,6048
92754,86706,6048
92756,86708,6048
92757,86709,6048
92758,86710,6048
92759,86711,6048
92760,86712,6048
92762,86714,6048
92764,86716,6048
92765,86717,6048
92767,86719,6048
92768,86720,6048
92770,86722,6048
92772,86724,6048
92773,86725,6048
92774,86726,6048
92775,86727,6048
92776,86728,6048
92778,86730,6048
92779,86731,6048
92781,86733,6048
92782,86734,6048
92783,86735,6048
92785,86737,6048
92786,86738,6048
92788,86740,6048
92789,86741,6048
92791,86743,6048
92792,86744,6048
92794,86746,6048
92795,86747,6048
92797,86749,6048
92798,86750,6048
92799,86751,6048
92800,86752,6048
92801,86753,6048
92803,86755,6048
92804,86755,6049
92805,86756,6049
92807,86758,6049
92808,86759,6049
92810,86761,6049
92812,86763,6049
92814,86765,6049
92815,86766,6049
92817,86768,6049
92818,86769,6049
92820,86771,6049
92821,86772,6049
92822,86773,6049
92824,86775,6049
92825,86776,6049
92826,86777,6049
92827,86778,6049
92828,86779,6049
92830,86781,6049
92831,86782,6049
92832,86783,6049
92833,86784,6049
92834,86785,6049
92835,86786,6049
92836,86787,6049
92837,86788,6049
92838,86789,6049
92840,86791,6049
92841,86792,6049
92842,86793,6049
92843,86794,6049
92844,86795,6049
92845,86796,6049
92846,86797,6049
92847,86798,6049
92848,86799,6049
92850,86801,6049
92851,86802,6049
92852,86803,6049
92853,86804,6049
92854,86805,6049
92855,86806,6049
92856,86807,6049
92857,86808,6049
92858,86809,6049
92860,86811,6049
92861,86812,6049
92862,86813,6049
92863,86814,6049
92864,86815,6049
92865,86816,6049
92866,86817,6049
92867,86818,6049
92868,86819,6049
92870,86821,6049
92871,86822,6049
92872,86823,6049
92873,86824,6049
92874,86825,6049
92875,86826,6049
92876,86827,6049
92877,86828,6049
92878,86829,6049
92880,86831,6049
92881,86832,6049
92882,86833,6049
92883,86834,6049
92884,86835,6049
92885,86836,6049
92886,86837,6049
92887,86838,6049
92888,86839,6049
92890,86841,6049
92891,86842,6049
92893,86843,6050
92894,86844,6050
92895,86845,6050
92896,86846,6050
92897,86847,6050
92898,86848,6050
92899,86849,6050
92901,86851,6050
92902,86852,6050
92903,86853,6050
92904,86854,6050
92905,86855,6050
92906,86856,6050
92907,86857,6050
92908,86858,6050
92909,86859,6050
92911,86861,6050
92912,86862,6050
92913,86863,6050
92914,86864,6050
92915,86865,6050
92916,86866,6050
92917,86867,6050
92918,86868,6050
92919,86869,6050
92921,86871,6050
92922,86872,6050
92923,86873,6050
92924,86874,6050
92925,86875,6050
92926,86876,6050
92927,86877,6050
92928,86878,6050
92929,86879,6050
92931,86881,6050
92932,86882,6050
92933,86883,6050
92934,86884,6050
92935,86885,6050
92936,86886,6050
92937,86887,6050
92938,86888,6050
92939,86889,6050
92941,86891,6050
92942,86892,6050
92943,86893,6050
92944,86894,6050
92945,86895,6050
92946,86896,6050
92947,86897,6050
92948,86898,6050
92949,86899,6050
92951,86901,6050
92952,86902,6050
92953,86903,6050
92954,86904,6050
92955,86905,6050
92956,86906,6050
92957,86907,6050
92958,86908,6050
92959,86909,6050
92961,86911,6050
92962,86912,6050
92963,86913,6050
92964,86914,6050
92965,86915,6050
92966,86916,6050
92967,86917,6050
92968,86918,6050
92969,86919,6050
92971,86921,6050
92972,86922,6050
92973,86923,6050
92974,86924,6050
92975,86925,6050
92976,86926,6050
92978,86928,6050
92980,86930,6050
92981,86931,6050
92982,86932,6050
92984,86934,6050
92986,86936,6050
92987,86937,6050
92988,86938,6050
92990,86940,6050
92991,86941,6050
92992,86942,6050
92993,86943,6050
92995,86945,6050
92996,86946,6050
92997,86947,6050
92998,86948,6050
93000,86950,6050
93002,86952,6050
93003,86953,6050
93004,86954,6050
93006,86956,6050
93008,86958,6050
93009,86959,6050
93010,86960,6050
93012,86962,6050
93014,86964,6050
93015,86965,6050
93017,86967,6050
93019,86969,6050
93020,86970,6050
93022,86972,6050
93024,86974,6050
93026,86976,6050
93027,86977,6050
93028,86978,6050
93030,86980,6050
93032,86982,6050
93033,86983,6050
93035,86985,6050
93037,86987,6050
93038,86988,6050
93039,86989,6050
93041,86991,6050
93042,86992,6050
93044,86994,6050
93045,86995,6050
93046,86996,6050
93048,86998,6050
93050,87000,6050
93051,87001,6050
93053,87003,6050
93054,87004,6050
93056,87006,6050
93057,87007,6050
93059,87009,6050
93061,87011,6050
93063,87013,6050
93064,87014,6050
93066,87016,6050
93067,87017,6050
93069,87019,6050
93070,87020,6050
93072,87022,6050
93073,87023,6050
93074,87024,6050
93075,87025,6050
93076,87026,6050
93077,87027,6050
93078,87028,6050
93079,87029,6050
93080,87030,6050
93081,87031,6050
93082,87032,6050
93083,87033,6050
93084,87034,6050
93085,87035,6050
93086,87036,6050
93088,87038,6050
93089,87039,6050
93090,87040,6050
93091,87041,6050
93093,87043,6050
93094,87044,6050
93095,87045,6050
93097,87047,6050
93099,87049,6050
93100,87050,6050
93102,87052,6050
93104,87054,6050
93106,87056,6050
93107,87057,6050
93108,87058,6050
93109,87059,6050
93110,87060,6050
93111,87061,6050
93113,87063,6050
93114,87064,6050
93116,87066,6050
93118,87068,6050
93120,87070,6050
93121,87071,6050
93123,87073,6050
93124,87074,6050
93126,87076,6050
93127,87077,6050
93128,87078,6050
93129,87079,6050
93131,87081,6050
93133,87083,6050
93134,87084,6050
93135,87085,6050
93136,87086,6050
93138,87088,6050
93140,87090,6050
93141,87091,6050
93143,87093,6050
93144,87094,6050
93145,87095,6050
93146,87096,6050
93148,87098,6050
93149,87099,6050
93150,87100,6050
93151,87101,6050
93152,87102,6050
93154,87104,6050
93155,87105,6050
93156,87106,6050
93157,87107,6050
93159,87109,6050
93160,87110,6050
93161,87111,6050
93162,87112,6050
93163,87113,6050
93165,87115,6050
93167,87117,6050
93168,87118,6050
93170,87120,6050
93171,87121,6050
93172,87122,6050
93173,87123,6050
93174,87124,6050
93176,87126,6050
93178,87128,6050
93179,87129,6050
93180,87130,6050
93181,87131,6050
93182,87132,6050
93184,87134,6050
93186,87136,6050
93187,87137,6050
93188,87138,6050
93189,87139,6050
93191,87141,6050
93193,87143,6050
93194,87144,6050
93195,87145,6050
93196,87146,6050
93198,87148,6050
93199,87149,6050
93201,87151,6050
93203,87153,6050
93205,87155,6050
93206,87156,6050
93207,87157,6050
93208,87158,6050
93210,87160,6050
93211,87161,6050
93212,87162,6050
93213,87163,6050
93214,87164,6050
93215,87165,6050
93217,87167,6050
93218,87168,6050
93220,87170,6050
93222,87172,6050
93223,87173,6050
93224,87174,6050
93225,87175,6050
93227,87177,6050
93229,87179,6050
93230,87180,6050
93231,87181,6050
93232,87182,6050
93233,87183,6050
93234,87184,6050
93235,87185,6050
93236,87186,6050
93237,87187,6050
93238,87188,6050
93239,87189,6050
93241,87191,6050
93242,87192,6050
93244,87194,6050
93245,87195,6050
93246,87196,6050
93247,87197,6050
93248,87198,6050
93250,87200,6050
93251,87201,6050
93252,87202,6050
93253,87203,6050
93255,87205,6050
93257,87207,6050
93258,87208,6050
93259,87209,6050
93260,87210,6050
93261,87211,6050
93263,87213,6050
93264,87214,6050
93266,87216,6050
93267,87217,6050
93268,87218,6050
93269,87219,6050
93270,87220,6050
93272,87222,6050
93274,87224,6050
93276,87226,6050
93277,87227,6050
93278,87228,6050
93279,87229,6050
93281,87231,6050
93283,87233,6050
93285,87235,6050
93286,87236,6050
93287,87237,6050
93289,87239,6050
93291,87241,6050
93292,87242,6050
93293,87243,6050
93294,87244,6050
93296,87246,6050
93297,87247,6050
93298,87248,6050
93300,87250,6050
93301,87251,6050
93302,87252,6050
93303,87253,6050
93304,87254,6050
93306,87256,6050
93307,87257,6050
93308,87258,6050
93309,87259,6050
93310,87260,6050
93311,87261,6050
93313,87263,6050
93314,87264,6050
93316,87266,6050
93318,87268,6050
93319,87269,6050
93320,87270,6050
93321,87271,6050
93323,87273,6050
93325,87275,6050
93326,87276,6050
93327,87277,6050
93328,87278,6050
93329,87279,6050
93330,87280,6050
93331,87281,6050
93332,87282,6050
93333,87283,6050
93335,87285,6050
93336,87286,6050
93338,87288,6050
93339,87289,6050
93341,87291,6050
93342,87292,6050
93343,87293,6050
93344,87294,6050
93345,87295,6050
93347,87297,6050
93348,87298,6050
93349,87299,6050
93350,87300,6050
93352,87302,6050
93354,87304,6050
93355,87305,6050
93356,87306,6050
93357,87307,6050
93358,87308,6050
93360,87310,6050
93361,87311,6050
93363,87313,6050
93364,87314,6050
93365,87315,6050
93367,87317,6050
93368,87318,6050
93370,87320,6050
93372,87322,6050
93374,87324,6050
93375,87325,6050
93377,87327,6050
93378,87328,6050
93380,87330,6050
93382,87332,6050
93384,87334,6050
93385,87335,6050
93386,87336,6050
93388,87338,6050
93390,87340,6050
93391,87341,6050
93392,87342,6050
93393,87343,6050
93395,87345,6050
93396,87346,6050
93398,87346,6052
93400,87348,6052
93401,87349,6052
93402,87350,6052
93403,87351,6052
93404,87352,6052
93406,87354,6052
93407,87355,6052
93408,87356,6052
93409,87357,6052
93410,87358,6052
93411,87359,6052
93413,87361,6052
93414,87362,6052
93416,87364,6052
93417,87365,6052
93419,87367,6052
93420,87368,6052
93421,87369,6052
93422,87370,6052
93423,87371,6052
93424,87371,6053
93426,87373,6053
93427,87374,6053
93428,87375,6053
93430,87377,6053
93432,87379,6053
93433,87380,6053
93434,87381,6053
93435,87382,6053
93436,87383,6053
93438,87385,6053
93440,87387,6053
93441,87388,6053
93443,87390,6053
93444,87391,6053
93445,87392,6053
93447,87394,6053
93448,87395,6053
93450,87397,6053
93451,87398,6053
93453,87400,6053
93455,87402,6053
93457,87404,6053
93458,87405,6053
93459,87406,6053
93461,87408,6053
93462,87408,6054
93463,87409,6054
93464,87410,6054
93465,87411,6054
93466,87412,6054
93467,87413,6054
93468,87414,6054
93469,87415,6054
93471,87417,6054
93473,87418,6055
93474,87419,6055
93475,87420,6055
93476,87421,6055
93477,87422,6055
93478,87423,6055
93480,87425,6055
93482,87427,6055
93483,87428,6055
93484,87429,6055
93485,87430,6055
93487,87432,6055
93489,87434,6055
93491,87436,6055
93493,87438,6055
93494,87439,6055
93496,87441,6055
93497,87442,6055
93499,87444,6055
93500,87445,6055
93501,87446,6055
93502,87447,6055
93504,87449,6055
93506,87451,6055
93507,87452,6055
93508,87453,6055
93509,87454,6055
93510,87455,6055
93512,87457,6055
93514,87459,6055
93515,87460,6055
93517,87462,6055
93518,87463,6055
93519,87464,6055
93521,87466,6055
93523,87468,6055
93524,87469,6055
93525,87470,6055
93526,87471,6055
93527,87472,6055
93528,87473,6055
93529,87474,6055
93530,87475,6055
93531,87476,6055
93532,87477,6055
93533,87478,6055
93534,87479,6055
93535,87480,6055
93536,87481,6055
93538,87483,6055
93540,87485,6055
93541,87486,6055
93542,87487,6055
93544,87488,6056
93545,87489,6056
93546,87490,6056
93547,87491,6056
93548,87492,6056
93550,87494,6056
93551,87495,6056
93552,87496,6056
93554,87498,6056
93555,87499,6056
93556,87500,6056
93557,87501,6056
93558,87502,6056
93559,87503,6056
93561,87505,6056
93562,87506,6056
93563,87507,6056
93564,87508,6056
93565,87509,6056
93567,87511,6056
93568,87512,6056
93570,87514,6056
93571,87515,6056
93572,87516,6056
93573,87517,6056
93574,87518,6056
93576,87520,6056
93577,87521,6056
93578,87522,6056
93579,87523,6056
93580,87524,6056
93581,87525,6056
93583,87527,6056
93584,87528,6056
93585,87529,6056
93586,87530,6056
93588,87532,6056
93589,87533,6056
93590,87534,6056
93591,87535,6056
93592,87536,6056
93593,87537,6056
93594,87538,6056
93595,87539,6056
93596,87540,6056
93598,87542,6056
93599,87543,6056
93600,87544,6056
93601,87545,6056
93602,87546,6056
93603,87547,6056
93604,87548,6056
93606,87550,6056
93607,87551,6056
93608,87552,6056
93609,87553,6056
93611,87555,6056
93612,87556,6056
93614,87558,6056
93616,87560,6056
93617,87561,6056
93618,87562,6056
93619,87563,6056
93620,87564,6056
93622,87566,6056
93623,87567,6056
93624,87568,6056
93625,87569,6056
93627,87571,6056
93628,87572,6056
93629,87573,6056
93630,87574,6056
93631,87575,6056
93632,87576,6056
93633,87577,6056
93634,87578,6056
93635,87579,6056
93636,87580,6056
93637,87581,6056
93638,87582,6056
93640,87584,6056
93641,87585,6056
93643,87587,6056
93644,87588,6056
93645,87589,6056
93646,87590,6056
93647,87591,6056
93648,87592,6056
93649,87593,6056
93650,87594,6056
93651,87595,6056
93652,87596,6056
93653,87597,6056
93654,87598,6056
93656,87600,6056
93657,87601,6056
93659,87603,6056
93660,87604,6056
93661,87605,6056
93662,87606,6056
93663,87607,6056
93665,87609,6056
93666,87610,6056
93667,87611,6056
93669,87613,6056
93671,87615,6056
93673,87617,6056
93674,87618,6056
93675,87619,6056
93676,87620,6056
93678,87622,6056
93680,87624,6056
93681,87625,6056
93682,87626,6056
93683,87627,6056
93684,87628,6056
93686,87630,6056
93687,87631,6056
93688,87632,6056
93689,87633,6056
93690,87634,6056
93691,87635,6056
93693,87637,6056
93695,87639,6056
93696,87640,6056
93697,87641,6056
93698,87642,6056
93699,87643,6056
93700,87644,6056
93702,87646,6056
93704,87648,6056
93705,87649,6056
93706,87650,6056
93707,87651,6056
93708,87652,6056
93709,87653,6056
93710,87654,6056
93711,87655,6056
93712,87656,6056
93713,87657,6056
93714,87658,6056
93716,87660,6056
93717,87661,6056
93718,87662,6056
93719,87663,6056
93721,87665,6056
93722,87666,6056
93723,87667,6056
93725,87669,6056
93726,87670,6056
93727,87671,6056
93728,87672,6056
93729,87673,6056
93730,87674,6056
93731,87675,6056
93733,87677,6056
93734,87678,6056
93735,87679,6056
93736,87680,6056
93737,87681,6056
93739,87683,6056
93740,87684,6056
93741,87685,6056
93742,87686,6056
93743,87687,6056
93744,87688,6056
93746,87690,6056
93747,87691,6056
93748,87692,6056
93749,87693,6056
93751,87695,6056
93753,87697,6056
93754,87698,6056
93755,87699,6056
93756,87700,6056
93758,87702,6056
93759,87703,6056
93761,87705,6056
93762,87706,6056
93763,87707,6056
93764,87708,6056
93765,87709,6056
93766,87710,6056
93767,87711,6056
93768,87712,6056
93770,87714,6056
93771,87715,6056
93773,87717,6056
93774,87718,6056
93776,87720,6056
93778,87722,6056
93780,87724,6056
93781,87725,6056
93783,87727,6056
93784,87728,6056
93786,87730,6056
93788,87732,6056
93789,87733,6056
93790,87734,6056
93792,87736,6056
93793,87737,6056
93795,87739,6056
93796,87740,6056
93797,87741,6056
93798,87742,6056
93800,87744,6056
93801,87745,6056
93802,87746,6056
93804,87748,6056
93805,87749,6056
93807,87751,6056
93808,87752,6056
93809,87753,6056
93810,87754,6056
93811,87755,6056
93812,87756,6056
93814,87758,6056
93816,87760,6056
93817,87761,6056
93818,87762,6056
93819,87763,6056
93820,87764,6056
93822,87766,6056
93823,87767,6056
93824,87768,6056
93826,87770,6056
93827,87771,6056
93828,87772,6056
93829,87773,6056
93830,87774,6056
93831,87775,6056
93833,87776,6057
93834,87777,6057
93835,87778,6057
93837,87780,6057
93838,87781,6057
93839,87782,6057
93840,87783,6057
93842,87785,6057
93843,87786,6057
93845,87787,6058
93846,87788,6058
93847,87789,6058
93849,87791,6058
93850,87792,6058
93851,87793,6058
93852,87794,6058
93853,87795,6058
93855,87797,6058
93856,87798,6058
93857,87799,6058
93858,87800,6058
93860,87802,6058
93861,87803,6058
93862,87804,6058
93863,87804,6059
93864,87805,6059
93865,87806,6059
93867,87808,6059
93868,87809,6059
93869,87810,6059
93870,87811,6059
93871,87812,6059
93873,87814,6059
93874,87815,6059
93875,87816,6059
93877,87818,6059
93878,87819,6059
93879,87819,6060
93880,87820,6060
93881,87821,6060
93883,87823,6060
93884,87824,6060
93886,87826,6060
93887,87827,6060
93889,87829,6060
93890,87830,6060
93891,87831,6060
93893,87833,6060
93894,87834,6060
93895,87835,6060
93896,87836,6060
93898,87838,6060
93899,87839,6060
93900,87840,6060
93901,87841,6060
93903,87843,6060
93904,87844,6060
93905,87845,6060
93906,87846,6060
93908,87848,6060
93909,87849,6060
93910,87850,6060
93911,87851,6060
93913,87853,6060
93915,87855,6060
93916,87856,6060
93918,87858,6060
93919,87859,6060
93920,87860,6060
93921,87861,6060
93922,87862,6060
93924,87864,6060
93925,87865,6060
93926,87866,6060
93927,87867,6060
93928,87868,6060
93929,87869,6060
93930,87870,6060
93932,87872,6060
93933,87873,6060
93934,87874,6060
93935,87875,6060
93936,87876,6060
93938,87878,6060
93940,87880,6060
93941,87881,6060
93943,87883,6060
93944,87884,6060
93946,87886,6060
93948,87888,6060
93949,87889,6060
93950,87890,6060
93951,87891,6060
93952,87892,6060
93954,87894,6060
93955,87895,6060
93957,87897,6060
93958,87898,6060
93959,87899,6060
93961,87901,6060
93962,87902,6060
93964,87904,6060
93965,87905,6060
93967,87907,6060
93968,87908,6060
93970,87910,6060
93971,87911,6060
93973,87913,6060
93974,87914,6060
93975,87915,6060
93976,87916,6060
93977,87917,6060
93979,87919,6060
93980,87919,6061
93981,87920,6061
93983,87922,6061
93984,87923,6061
93986,87925,6061
93988,87927,6061
93990,87929,6061
93991,87930,6061
93993,87932,6061
93994,87933,6061
93996,87935,6061
93997,87936,6061
93998,87937,6061
94000,87939,6061
94001,87940,6061
94002,87941,6061
94003,87942,6061
94004,87943,6061
94006,87945,6061
94007,87946,6061
94008,87947,6061
94009,87948,6061
94010,87949,6061
94011,87950,6061
94012,87951,6061
94013,87952,6061
94014,87953,6061
94016,87955,6061
94017,87956,6061
94018,87957,6061
94019,87958,6061
94020,87959,6061
94021,87960,6061
94022,87961,6061
94023,87962,6061
94024,87963,6061
94026,87965,6061
94027,87966,6061
94028,87967,6061
94029,87968,6061
94030,87969,6061
94031,87970,6061
94032,87971,6061
94033,87972,6061
94034,87973,6061
94036,87975,6061
94037,87976,6061
94038,87977,6061
94039,87978,6061
94040,87979,6061
94041,87980,6061
94042,87981,6061
94043,87982,6061
94044,87983,6061
94046,87985,6061
94047,87986,6061
94048,87987,6061
94049,87988,6061
94050,87989,6061
94051,87990,6061
94052,87991,6061
94053,87992,6061
94054,87993,6061
94056,87995,6061
94057,87996,6061
94058,87997,6061
94059,87998,6061
94060,87999,6061
94061,88000,6061
94062,88001,6061
94063,88002,6061
94064,88003,6061
94066,88005,6061
94067,88006,6061
94068,88007,6061
94069,88008,6061
94070,88009,6061
94071,88010,6061
94072,88011,6061
94073,88012,6061
94074,88013,6061
94076,88015,6061
94077,88016,6061
94078,88017,6061
94079,88018,6061
94080,88019,6061
94081,88020,6061
94082,88021,6061
94083,88022,6061
94084,88023,6061
94086,88025,6061
94087,88026,6061
94088,88027,6061
94089,88028,6061
94090,88029,6061
94091,88030,6061
94092,88031,6061
94093,88032,6061
94094,88033,6061
94096,88035,6061
94097,88036,6061
94098,88037,6061
94099,88038,6061
94100,88039,6061
94101,88040,6061
94102,88041,6061
94103,88042,6061
94104,88043,6061
94106,88045,6061
94107,88046,6061
94108,88047,6061
94109,88048,6061
94110,88049,6061
94111,88050,6061
94112,88051,6061
94113,88052,6061
94114,88053,6061
94116,88055,6061
94117,88056,6061
94118,88057,6061
94119,88058,6061
94120,88059,6061
94121,88060,6061
94122,88061,6061
94123,88062,6061
94124,88063,6061
94126,88065,6061
94127,88066,6061
94128,88067,6061
94129,88068,6061
94130,88069,6061
94131,88070,6061
94132,88071,6061
94133,88072,6061
94134,88073,6061
94136,88075,6061
94137,88076,6061
94139,88077,6062
94140,88078,6062
94141,88079,6062
94142,88080,6062
94144,88082,6062
94146,88084,6062
94147,88085,6062
94148,88086,6062
94150,88088,6062
94152,88090,6062
94153,88091,6062
94154,88092,6062
94156,88094,6062
94157,88095,6062
94158,88096,6062
94159,88097,6062
94161,88099,6062
94162,88100,6062
94163,88101,6062
94164,88102,6062
94166,88104,6062
94168,88106,6062
94169,88107,6062
94170,88108,6062
94172,88110,6062
94174,88112,6062
94175,88113,6062
94176,88114,6062
94178,88116,6062
94180,88118,6062
94181,88119,6062
94183,88121,6062
94185,88123,6062
94186,88124,6062
94188,88126,6062
94190,88128,6062
94192,88130,6062
94193,88131,6062
94194,88132,6062
94196,88134,6062
94198,88136,6062
94199,88137,6062
94201,88139,6062
94203,88141,6062
94204,88142,6062
94205,88143,6062
94207,88145,6062
94208,88146,6062
94210,88148,6062
94211,88149,6062
94212,88150,6062
94214,88152,6062
94216,88154,6062
94217,88155,6062
94219,88157,6062
94220,88158,6062
94222,88160,6062
94223,88161,6062
94225,88163,6062
94227,88165,6062
94229,88167,6062
94230,88168,6062
94232,88170,6062
94233,88171,6062
94235,88173,6062
94236,88174,6062
94238,88176,6062
94239,88177,6062
94240,88178,6062
94241,88179,6062
94242,88180,6062
94243,88181,6062
94244,88182,6062
94245,88183,6062
94246,88184,6062
94247,88185,6062
94248,88186,6062
94249,88187,6062
94250,88188,6062
94251,88189,6062
94252,88190,6062
94254,88192,6062
94255,88193,6062
94256,88194,6062
94257,88195,6062
94259,88197,6062
94260,88198,6062
94261,88199,6062
94263,88201,6062
94265,88203,6062
94266,88204,6062
94268,88206,6062
94270,88208,6062
94272,88210,6062
94273,88211,6062
94274,88212,6062
94275,88213,6062
94276,88214,6062
94277,88215,6062
94279,88217,6062
94280,88218,6062
94282,88220,6062
94284,88222,6062
94286,88224,6062
94287,88225,6062
94289,88227,6062
94290,88228,6062
94292,88230,6062
94293,88231,6062
94294,88232,6062
94295,88233,6062
94297,88235,6062
94299,88237,6062
94300,88238,6062
94301,88239,6062
94302,88240,6062
94304,88242,6062
94306,88244,6062
94307,88245,6062
94309,88247,6062
94310,88248,6062
94311,88249,6062
94312,88250,6062
94314,88252,6062
94315,88253,6062
94316,88254,6062
94317,88255,6062
94318,88256,6062
94320,88258,6062
94321,88259,6062
94322,88260,6062
94323,88261,6062
94325,88263,6062
94326,88264,6062
94327,88265,6062
94328,88266,6062
94329,88267,6062
94331,88269,6062
94333,88271,6062
94334,88272,6062
94336,88274,6062
94337,88275,6062
94338,88276,6062
94339,88277,6062
94340,88278,6062
94342,88280,6062
94344,88282,6062
94345,88283,6062
94346,88284,6062
94347,88285,6062
94348,88286,6062
94350,88288,6062
94352,88290,6062
94353,88291,6062
94354,88292,6062
94355,88293,6062
94357,88295,6062
94359,88297,6062
94360,88298,6062
94361,88299,6062
94362,88300,6062
94364,88302,6062
94365,88303,6062
94367,88305,6062
94369,88307,6062
94371,88309,6062
94372,88310,6062
94373,88311,6062
94374,88312,6062
94376,88314,6062
94377,88315,6062
94378,88316,6062
94379,88317,6062
94380,88318,6062
94381,88319,6062
94383,88321,6062
94384,88322,6062
94386,88324,6062
94388,88326,6062
94389,88327,6062
94390,88328,6062
94391,88329,6062
94393,88331,6062
94395,88333,6062
94396,88334,6062
94397,88335,6062
94398,88336,6062
94399,88337,6062
94400,88338,6062
94401,88339,6062
94402,88340,6062
94403,88341,6062
94404,88342,6062
94405,88343,6062
94407,88345,6062
94408,88346,6062
94410,88348,6062
94411,88349,6062
94412,88350,6062
94413,88351,6062
94414,88352,6062
94416,88354,6062
94417,88355,6062
94418,88356,6062
94419,88357,6062
94421,88359,6062
94423,88361,6062
94424,88362,6062
94425,88363,6062
94426,88364,6062
94427,88365,6062
94429,88367,6062
94430,88368,6062
94432,88370,6062
94433,88371,6062
94434,88372,6062
94435,88373,6062
94436,88374,6062
94438,88376,6062
94440,88378,6062
94442,88380,6062
94443,88381,6062
94444,88382,6062
94445,88383,6062
94447,88385,6062
94449,88387,6062
94451,88389,6062
94452,88390,6062
94453,88391,6062
94455,88393,6062
94457,88395,6062
94458,88396,6062
94459,88397,6062
94460,88398,6062
94462,88400,6062
94463,88401,6062
94464,88402,6062
94466,88404,6062
94467,88405,6062
94468,88406,6062
94469,88407,6062
94470,88408,6062
94472,88410,6062
94473,88411,6062
94474,88412,6062
94475,88413,6062
94476,88414,6062
94477,88415,6062
94479,88417,6062
94480,88418,6062
94482,88420,6062
94484,88422,6062
94485,88423,6062
94486,88424,6062
94487,88425,6062
94489,88427,6062
94491,88429,6062
94492,88430,6062
94493,88431,6062
94494,88432,6062
94495,88433,6062
94496,88434,6062
94497,88435,6062
94498,88436,6062
94499,88437,6062
94501,88439,6062
94502,88440,6062
94504,88442,6062
94505,88443,6062
94507,88445,6062
94508,88446,6062
94509,88447,6062
94510,88448,6062
94511,88449,6062
94513,88451,6062
94514,88452,6062
94515,88453,6062
94516,88454,6062
94518,88456,6062
94520,88458,6062
94521,88459,6062
94522,88460,6062
94523,88461,6062
94524,88462,6062
94526,88464,6062
94527,88465,6062
94529,88467,6062
94530,88468,6062
94531,88469,6062
94533,88471,6062
94534,88472,6062
94536,88474,6062
94538,88476,6062
94540,88478,6062
94541,88479,6062
94543,88481,6062
94544,88482,6062
94546,88484,6062
94548,88486,6062
94550,88488,6062
94551,88489,6062
94552,88490,6062
94554,88492,6062
94556,88494,6062
94557,88495,6062
94558,88496,6062
94559,88497,6062
94561,88499,6062
94562,88500,6062
94563,88500,6063
94565,88502,6063
94566,88503,6063
94567,88504,6063
94568,88505,6063
94569,88506,6063
94571,88508,6063
94572,88509,6063
94573,88510,6063
94574,88511,6063
94575,88512,6063
94576,88513,6063
94578,88515,6063
94579,88516,6063
94581,88518,6063
94582,88519,6063
94584,88521,6063
94585,88522,6063
94586,88523,6063
94587,88524,6063
94588,88525,6063
94590,88525,6065
94592,88527,6065
94593,88528,6065
94594,88529,6065
94596,88531,6065
94598,88533,6065
94599,88534,6065
94600,88535,6065
94601,88536,6065
94602,88537,6065
94604,88539,6065
94606,88541,6065
94607,88542,6065
94609,88544,6065
94610,88545,6065
94611,88546,6065
94613,88548,6065
94614,88549,6065
94616,88551,6065
94617,88552,6065
94619,88554,6065
94621,88556,6065
94623,88558,6065
94624,88559,6065
94625,88560,6065
94627,88562,6065
94628,88562,6066
94629,88563,6066
94630,88564,6066
94631,88565,6066
94632,88566,6066
94633,88567,6066
94635,88569,6066
94637,88571,6066
94638,88572,6066
94639,88573,6066
94640,88574,6066
94642,88576,6066
94644,88578,6066
94646,88580,6066
94648,88582,6066
94649,88583,6066
94651,88585,6066
94652,88586,6066
94654,88588,6066
94655,88589,6066
94656,88590,6066
94657,88591,6066
94659,88593,6066
94661,88595,6066
94662,88596,6066
94663,88597,6066
94664,88598,6066
94665,88599,6066
94667,88601,6066
94669,88603,6066
94670,88604,6066
94672,88606,6066
94673,88607,6066
94674,88608,6066
94676,88610,6066
94678,88612,6066
94679,88613,6066
94680,88614,6066
94681,88615,6066
94682,88616,6066
94683,88617,6066
94684,88618,6066
94685,88619,6066
94686,88620,6066
94687,88621,6066
94688,88622,6066
94689,88623,6066
94690,88624,6066
94691,88625,6066
94693,88627,6066
94695,88629,6066
94696,88630,6066
94697,88631,6066
94698,88631,6067
94699,88632,6067
94700,88633,6067
94701,88634,6067
94703,88636,6067
94705,88638,6067
94706,88639,6067
94707,88640,6067
94709,88642,6067
94710,88643,6067
94711,88644,6067
94712,88645,6067
94713,88646,6067
94714,88647,6067
94716,88649,6067
94717,88650,6067
94718,88651,6067
94719,88652,6067
94720,88653,6067
94722,88655,6067
94723,88656,6067
94725,88658,6067
94726,88659,6067
94727,88660,6067
94728,88661,6067
94729,88662,6067
94731,88664,6067
94732,88665,6067
94733,88666,6067
94734,88667,6067
94735,88668,6067
94736,88669,6067
94738,88671,6067
94739,88672,6067
94740,88673,6067
94741,88674,6067
94743,88676,6067
94744,88677,6067
94745,88678,6067
94746,88679,6067
94747,88680,6067
94748,88681,6067
94749,88682,6067
94750,88683,6067
94751,88684,6067
94753,88686,6067
94754,88687,6067
94755,88688,6067
94756,88689,6067
94757,88690,6067
94758,88691,6067
94759,88692,6067
94761,88694,6067
94762,88695,6067
94763,88696,6067
94764,88697,6067
94766,88699,6067
94767,88700,6067
94769,88702,6067
94771,88704,6067
94772,88705,6067
94773,88706,6067
94774,88707,6067
94775,88708,6067
94777,88710,6067
94778,88711,6067
94779,88712,6067
94780,88713,6067
94782,88715,6067
94783,88716,6067
94784,88717,6067
94785,88718,6067
94786,88719,6067
94787,88720,6067
94788,88721,6067
94789,88722,6067
94790,88723,6067
94791,88724,6067
94792,88725,6067
94793,88726,6067
94795,88728,6067
94796,88729,6067
94798,88731,6067
94799,88732,6067
94800,88733,6067
94801,88734,6067
94802,88735,6067
94803,88736,6067
94804,88737,6067
94805,88738,6067
94806,88739,6067
94807,88740,6067
94808,88741,6067
94809,88742,6067
94811,88744,6067
94812,88745,6067
94814,88747,6067
94815,88748,6067
94816,88749,6067
94817,88750,6067
94818,88751,6067
94820,88753,6067
94821,88754,6067
94822,88755,6067
94824,88757,6067
94826,88759,6067
94828,88761,6067
94829,88762,6067
94830,88763,6067
94831,88764,6067
94833,88766,6067
94835,88768,6067
94836,88769,6067
94837,88770,6067
94838,88771,6067
94839,88772,6067
94841,88774,6067
94842,88775,6067
94843,88776,6067
94844,88777,6067
94845,88778,6067
94846,88779,6067
94848,88781,6067
94850,88783,6067
94851,88784,6067
94852,88785,6067
94853,88786,6067
94854,88787,6067
94855,88788,6067
94857,88790,6067
94859,88792,6067
94860,88793,6067
94861,88794,6067
94862,88795,6067
94863,88796,6067
94864,88797,6067
94865,88798,6067
94866,88799,6067
94867,88800,6067
94868,88801,6067
94869,88802,6067
94871,88804,6067
94872,88805,6067
94873,88806,6067
94874,88807,6067
94876,88809,6067
94877,88810,6067
94878,88811,6067
94880,88813,6067
94881,88814,6067
94882,88815,6067
94883,88816,6067
94884,88817,6067
94885,88818,6067
94886,88819,6067
94888,88821,6067
94889,88822,6067
94890,88823,6067
94891,88824,6067
94892,88825,6067
94894,88827,6067
94895,88828,6067
94896,88829,6067
94897,88830,6067
94898,88831,6067
94899,88832,6067
94901,88834,6067
94902,88835,6067
94903,88836,6067
94904,88837,6067
94906,88839,6067
94908,88841,6067
94909,88842,6067
94910,88843,6067
94911,88844,6067
94913,88846,6067
94914,88847,6067
94916,88849,6067
94917,88850,6067
94918,88851,6067
94919,88852,6067
94920,88853,6067
94921,88854,6067
94922,88855,6067
94923,88856,6067
94925,88858,6067
94926,88859,6067
94928,88861,6067
94929,88862,6067
94931,88864,6067
94933,88866,6067
94935,88868,6067
94936,88869,6067
94938,88871,6067
94939,88872,6067
94941,88874,6067
94943,88876,6067
94944,88877,6067
94945,88878,6067
94947,88880,6067
94948,88881,6067
94950,88883,6067
94951,88884,6067
94952,88885,6067
94953,88886,6067
94955,88888,6067
94956,88889,6067
94957,88890,6067
94959,88892,6067
94960,88893,6067
94962,88895,6067
94963,88896,6067
94964,88897,6067
94965,88898,6067
94966,88899,6067
94967,88900,6067
94969,88902,6067
94970,88903,6067
94971,88904,6067
94972,88905,6067
94973,88906,6067
94974,88907,6067
94976,88909,6067
94977,88910,6067
94978,88911,6067
94980,88913,6067
94981,88914,6067
94982,88915,6067
94983,88916,6067
94984,88917,6067
94985,88918,6067
94986,88919,6067
94987,88920,6067
94989,88921,6068
94991,88923,6068
94992,88924,6068
94993,88925,6068
94994,88926,6068
94996,88928,6068
94997,88929,6068
94998,88929,6069
94999,88930,6069
95000,88931,6069
95002,88933,6069
95003,88934,6069
95004,88935,6069
95005,88936,6069
95006,88937,6069
95008,88939,6069
95009,88940,6069
95011,88942,6069
95012,88943,6069
95014,88945,6069
95015,88946,6069
95016,88947,6069
95018,88947,6071
95019,88948,6071
95020,88949,6071
95022,88951,6071
95023,88952,6071
95024,88953,6071
95025,88954,6071
95026,88955,6071
95028,88957,6071
95029,88958,6071
95030,88959,6071
95032,88961,6071
95033,88962,6071
95034,88962,6072
95035,88963,6072
95036,88964,6072
95038,88966,6072
95039,88967,6072
95041,88969,6072
95042,88970,6072
95044,88972,6072
95045,88973,6072
95046,88974,6072
95048,88976,6072
95049,88977,6072
95050,88978,6072
95051,88979,6072
95053,88981,6072
95054,88982,6072
95055,88983,6072
95056,88984,6072
95058,88986,6072
95059,88987,6072
95060,88988,6072
95061,88989,6072
95063,88991,6072
95064,88992,6072
95065,88993,6072
95066,88994,6072
95068,88996,6072
95070,88998,6072
95071,88999,6072
95073,89001,6072
95074,89002,6072
95075,89003,6072
95076,89004,6072
95077,89005,6072
95079,89007,6072
95080,89008,6072
95081,89009,6072
95082,89010,6072
95083,89011,6072
95084,89012,6072
95085,89013,6072
95087,89015,6072
95088,89016,6072
95089,89017,6072
95090,89018,6072
95091,89019,6072
95093,89021,6072
95095,89023,6072
95096,89024,6072
95098,89026,6072
95099,89027,6072
95101,89029,6072
95103,89031,6072
95104,89032,6072
95105,89033,6072
95106,89034,6072
95107,89035,6072
95109,89037,6072
95110,89038,6072
95112,89040,6072
95113,89041,6072
95114,89042,6072
95116,89044,6072
95117,89045,6072
95119,89047,6072
95120,89048,6072
95122,89050,6072
95123,89051,6072
95125,89053,6072
95126,89054,6072
95128,89056,6072
95129,89057,6072
95130,89058,6072
95131,89059,6072
95132,89060,6072
95134,89062,6072
95135,89062,6073
95136,89063,6073
95138,89065,6073
95139,89066,6073
95141,89068,6073
95143,89070,6073
95145,89072,6073
95146,89073,6073
95148,89075,6073
95149,89076,6073
95151,89078,6073
95152,89079,6073
95153,89080,6073
95155,89082,6073
95156,89083,6073
95157,89084,6073
95158,89085,6073
95159,89086,6073
95161,89088,6073
95162,89089,6073
95163,89090,6073
95164,89091,6073
95165,89092,6073
95166,89093,6073
95167,89094,6073
95168,89095,6073
95169,89096,6073
95171,89098,6073
95172,89099,6073
95173,89100,6073
95174,89101,6073
95175,89102,6073
95176,89103,6073
95177,89104,6073
95178,89105,6073
95179,89106,6073
95181,89108,6073
95182,89109,6073
95183,89110,6073
95184,89111,6073
95185,89112,6073
95186,89113,6073
95187,89114,6073
95188,89115,6073
95189,89116,6073
95191,89118,6073
95192,89119,6073
95193,89120,6073
95194,89121,6073
95195,89122,6073
95196,89123,6073
95197,89124,6073
95198,89125,6073
95199,89126,6073
95201,89128,6073
95202,89129,6073
95203,89130,6073
95204,89131,6073
95205,89132,6073
95206,89133,6073
95207,89134,6073
95208,89135,6073
95209,89136,6073
95211,89138,6073
95212,89139,6073
95213,89140,6073
95214,89141,6073
95215,89142,6073
95216,89143,6073
95217,89144,6073
95218,89145,6073
95219,89146,6073
95221,89148,6073
95222,89149,6073
95223,89150,6073
95224,89151,6073
95225,89152,6073
95226,89153,6073
95227,89154,6073
95228,89155,6073
95229,89156,6073
95231,89158,6073
95232,89159,6073
95233,89160,6073
95234,89161,6073
95235,89162,6073
95236,89163,6073
95237,89164,6073
95238,89165,6073
95239,89166,6073
95241,89168,6073
95242,89169,6073
95243,89170,6073
95244,89171,6073
95245,89172,6073
95246,89173,6073
95248,89175,6073
95250,89177,6073
95251,89178,6073
95252,89179,6073
95254,89181,6073
95256,89183,6073
95257,89184,6073
95258,89185,6073
95260,89187,6073
95261,89188,6073
95262,89189,6073
95263,89190,6073
95265,89192,6073
95266,89193,6073
95267,89194,6073
95268,89195,6073
95270,89197,6073
95272,89199,6073
95273,89200,6073
95274,89201,6073
95276,89203,6073
95278,89205,6073
95279,89206,6073
95280,89207,6073
95282,89209,6073
95284,89211,6073
95285,89212,6073
95287,89214,6073
95289,89216,6073
95290,89217,6073
95292,89219,6073
95294,89221,6073
95296,89223,6073
95297,89224,6073
95298,89225,6073
95300,89227,6073
95302,89229,6073
95303,89230,6073
95305,89232,6073
95307,89234,6073
95308,89235,6073
95309,89236,6073
95311,89238,6073
95312,89239,6073
95314,89241,6073
95315,89242,6073
95316,89243,6073
95318,89245,6073
95320,89247,6073
95321,89248,6073
95323,89250,6073
95324,89251,6073
95326,89253,6073
95327,89254,6073
95329,89256,6073
95331,89258,6073
95333,89260,6073
95334,89261,6073
95336,89263,6073
95337,89264,6073
95339,89266,6073
95340,89267,6073
95342,89269,6073
95343,89270,6073
95344,89271,6073
95345,89272,6073
95346,89273,6073
95347,89274,6073
95348,89275,6073
95349,89276,6073
95350,89277,6073
95351,89278,6073
95352,89279,6073
95353,89280,6073
95354,89281,6073
95355,89282,6073
95356,89283,6073
95358,89285,6073
95359,89286,6073
95360,89287,6073
95361,89288,6073
95363,89290,6073
95364,89291,6073
95365,89292,6073
95367,89294,6073
95369,89296,6073
95370,89297,6073
95372,89299,6073
95374,89301,6073
95376,89303,6073
95377,89304,6073
95378,89305,6073
95379,89306,6073
95380,89307,6073
95381,89308,6073
95383,89310,6073
95384,89311,6073
95386,89313,6073
95388,89315,6073
95390,89317,6073
95391,89318,6073
95393,89320,6073
95394,89321,6073
95396,89323,6073
95397,89324,6073
95398,89325,6073
95399,89326,6073
95401,89328,6073
95403,89330,6073
95404,89331,6073
95405,89332,6073
95406,89333,6073
95408,89335,6073
95410,89337,6073
95411,89338,6073
95413,89340,6073
95414,89341,6073
95415,89342,6073
95416,89343,6073
95418,89345,6073
95419,89346,6073
95420,89347,6073
95421,89348,6073
95422,89349,6073
95424,89351,6073
95425,89352,6073
95426,89353,6073
95427,89354,6073
95429,89356,6073
95430,89357,6073
95431,89358,6073
95432,89359,6073
95433,89360,6073
95435,89362,6073
95437,89364,6073
95438,89365,6073
95440,89367,6073
95441,89368,6073
95442,89369,6073
95443,89370,6073
95444,89371,6073
95446,89373,6073
95448,89375,6073
95449,89376,6073
95450,89377,6073
95451,89378,6073
95452,89379,6073
95454,89381,6073
95456,89383,6073
95457,89384,6073
95458,89385,6073
95459,89386,6073
95461,89388,6073
95463,89390,6073
95464,89391,6073
95465,89392,6073
95466,89393,6073
95468,89395,6073
95469,89396,6073
95471,89398,6073
95473,89400,6073
95475,89402,6073
95476,89403,6073
95477,89404,6073
95478,89405,6073
95480,89407,6073
95481,89408,6073
95482,89409,6073
95483,89410,6073
95484,89411,6073
95485,89412,6073
95487,89414,6073
95488,89415,6073
95490,89417,6073
95492,89419,6073
95493,89420,6073
95494,89421,6073
95495,89422,6073
95497,89424,6073
95499,89426,6073
95500,89427,6073
95501,89428,6073
95502,89429,6073
95503,89430,6073
95504,89431,6073
95505,89432,6073
95506,89433,6073
95507,89434,6073
95508,89435,6073
95509,89436,6073
95511,89438,6073
95512,89439,6073
95514,89441,6073
95515,89442,6073
95516,89443,6073
95517,89444,6073
95518,89445,6073
95520,89447,6073
95521,89448,6073
95522,89449,6073
95523,89450,6073
95525,89452,6073
95527,89454,6073
95528,89455,6073
95529,89456,6073
95530,89457,6073
95531,89458,6073
95533,89460,6073
95534,89461,6073
95536,89463,6073
95537,89464,6073
95538,89465,6073
95539,89466,6073
95540,89467,6073
95542,89469,6073
95544,89471,6073
95546,89473,6073
95547,89474,6073
95548,89475,6073
95549,89476,6073
95551,89478,6073
95553,89480,6073
95555,89482,6073
95556,89483,6073
95557,89484,6073
95559,89486,6073
95561,89488,6073
95562,89489,6073
95563,89490,6073
95564,89491,6073
95566,89493,6073
95567,89494,6073
95568,89495,6073
95570,89497,6073
95571,89498,6073
95572,89499,6073
95573,89500,6073
95574,89501,6073
95576,89503,6073
95577,89504,6073
95578,89505,6073
95579,89506,6073
95580,89507,6073
95581,89508,6073
95583,89510,6073
95584,89511,6073
95586,89513,6073
95588,89515,6073
95589,89516,6073
95590,89517,6073
95591,89518,6073
95593,89520,6073
95595,89522,6073
95596,89523,6073
95597,89524,6073
95598,89525,6073
95599,89526,6073
95600,89527,6073
95601,89528,6073
95602,89529,6073
95603,89530,6073
95605,89532,6073
95606,89533,6073
95608,89535,6073
95609,89536,6073
95611,89538,6073
95612,89539,6073
95613,89540,6073
95614,89541,6073
95615,89542,6073
95617,89544,6073
95618,89545,6073
95619,89546,6073
95620,89547,6073
95622,89549,6073
95624,89551,6073
95625,89552,6073
95626,89553,6073
95627,89554,6073
95628,89555,6073
95630,89557,6073
95631,89558,6073
95633,89560,6073
95634,89561,6073
95635,89562,6073
95637,89564,6073
95638,89565,6073
95640,89567,6073
95642,89569,6073
95644,89571,6073
95645,89572,6073
95647,89574,6073
95648,89575,6073
95650,89577,6073
95652,89579,6073
95654,89581,6073
95655,89582,6073
95656,89583,6073
95658,89585,6073
95660,89587,6073
95661,89588,6073
95662,89589,6073
95663,89590,6073
95665,89592,6073
95666,89593,6073
95667,89593,6074
95669,89595,6074
95670,89596,6074
95671,89597,6074
95672,89598,6074
95673,89599,6074
95675,89601,6074
95676,89602,6074
95677,89603,6074
95678,89604,6074
95679,89605,6074
95680,89606,6074
95682,89608,6074
95683,89609,6074
95685,89611,6074
95686,89612,6074
95688,89614,6074
95689,89615,6074
95690,89616,6074
95691,89617,6074
95692,89618,6074
95693,89618,6075
95695,89620,6075
95696,89621,6075
95697,89622,6075
95699,89624,6075
95701,89626,6075
95702,89627,6075
95703,89628,6075
95704,89629,6075
95705,89630,6075
95707,89632,6075
95709,89634,6075
95710,89635,6075
95712,89637,6075
95713,89638,6075
95714,89639,6075
95716,89641,6075
95717,89642,6075
95719,89644,6075
95720,89645,6075
95722,89647,6075
95724,89649,6075
95726,89651,6075
95727,89652,6075
95728,89653,6075
95730,89655,6075
95731,89655,6076
95732,89656,6076
95733,89657,6076
95734,89658,6076
95735,89659,6076
95736,89660,6076
95737,89661,6076
95738,89662,6076
95740,89664,6076
95741,89665,6076
95742,89666,6076
95743,89667,6076
95744,89668,6076
95745,89669,6076
95746,89670,6076
95747,89671,6076
95748,89672,6076
95750,89674,6076
95751,89675,6076
95752,89676,6076
95753,89677,6076
95754,89678,6076
95755,89679,6076
95756,89680,6076
95758,89682,6076
95760,89684,6076
95761,89685,6076
95762,89686,6076
95763,89687,6076
95765,89689,6076
95767,89691,6076
95769,89693,6076
95771,89695,6076
95772,89696,6076
95774,89698,6076
95775,89699,6076
95777,89701,6076
95778,89702,6076
95779,89703,6076
95780,89704,6076
95782,89706,6076
95784,89708,6076
95785,89709,6076
95786,89710,6076
95787,89711,6076
95788,89712,6076
95790,89714,6076
95792,89716,6076
95793,89717,6076
95795,89719,6076
95796,89720,6076
95797,89721,6076
95799,89723,6076
95801,89725,6076
95802,89726,6076
95803,89727,6076
95804,89728,6076
95805,89729,6076
95806,89730,6076
95807,89731,6076
95808,89732,6076
95809,89733,6076
95810,89734,6076
95811,89735,6076
95812,89736,6076
95813,89737,6076
95814,89738,6076
95816,89740,6076
95818,89742,6076
95819,89743,6076
95820,89744,6076
95821,89744,6077
95822,89745,6077
95823,89746,6077
95824,89747,6077
95826,89749,6077
95828,89751,6077
95829,89752,6077
95830,89753,6077
95832,89755,6077
95833,89756,6077
95834,89757,6077
95835,89758,6077
95836,89759,6077
95837,89760,6077
95839,89762,6077
95840,89763,6077
95841,89764,6077
95842,89765,6077
95843,89766,6077
95845,89768,6077
95846,89769,6077
95848,89771,6077
95849,89772,6077
95850,89773,6077
95851,89774,6077
95852,89775,6077
95854,89777,6077
95855,89778,6077
95856,89779,6077
95858,89780,6078
95859,89781,6078
95860,89782,6078
95862,89784,6078
95863,89785,6078
95864,89786,6078
95865,89787,6078
95867,89789,6078
95868,89790,6078
95869,89791,6078
95870,89792,6078
95871,89793,6078
95872,89794,6078
95873,89795,6078
95874,89796,6078
95875,89797,6078
95877,89799,6078
95878,89800,6078
95879,89801,6078
95880,89802,6078
95881,89803,6078
95882,89804,6078
95883,89805,6078
95885,89807,6078
95886,89808,6078
95887,89809,6078
95888,89810,6078
95890,89812,6078
95891,89813,6078
95893,89815,6078
95895,89817,6078
95896,89818,6078
95897,89819,6078
95898,89820,6078
95899,89821,6078
95901,89823,6078
95902,89824,6078
95903,89825,6078
95904,89826,6078
95906,89828,6078
95907,89829,6078
95908,89830,6078
95909,89831,6078
95910,89832,6078
95911,89833,6078
95912,89834,6078
95913,89835,6078
95914,89836,6078
95915,89837,6078
95916,89838,6078
95917,89839,6078
95919,89841,6078
95920,89842,6078
95922,89844,6078
95923,89845,6078
95924,89846,6078
95925,89847,6078
95926,89848,6078
95927,89849,6078
95928,89850,6078
95929,89851,6078
95930,89852,6078
95931,89853,6078
95932,89854,6078
95933,89855,6078
95935,89857,6078
95936,89858,6078
95938,89860,6078
95939,89861,6078
95940,89862,6078
95941,89863,6078
95942,89864,6078
95944,89866,6078
95945,89867,6078
95946,89868,6078
95948,89870,6078
95950,89872,6078
95952,89874,6078
95953,89875,6078
95954,89876,6078
95955,89877,6078
95957,89879,6078
95959,89881,6078
95960,89882,6078
95961,89883,6078
95962,89884,6078
95963,89885,6078
95965,89887,6078
95966,89888,6078
95967,89889,6078
95968,89890,6078
95969,89891,6078
95970,89892,6078
95972,89894,6078
95974,89896,6078
95975,89897,6078
95976,89898,6078
95977,89899,6078
95978,89900,6078
95979,89901,6078
95981,89903,6078
95983,89905,6078
95984,89906,6078
95985,89907,6078
95986,89908,6078
95987,89909,6078
95988,89910,6078
95989,89911,6078
95990,89912,6078
95991,89913,6078
95992,89914,6078
95993,89915,6078
95995,89917,6078
95996,89918,6078
95997,89919,6078
95998,89920,6078
96000,89922,6078
96001,89923,6078
96002,89924,6078
96004,89926,6078
96005,89927,6078
96006,89928,6078
96007,89929,6078
96008,89930,6078
96009,89931,6078
96010,89932,6078
96012,89934,6078
96013,89935,6078
96014,89936,6078
96015,89937,6078
96016,89938,6078
96018,89940,6078
96019,89941,6078
96020,89942,6078
96021,89943,6078
96022,89944,6078
96023,89945,6078
96025,89947,6078
96026,89948,6078
96027,89949,6078
96028,89950,6078
96030,89952,6078
96032,89954,6078
96033,89955,6078
96034,89956,6078
96035,89957,6078
96037,89959,6078
96038,89960,6078
96040,89962,6078
96041,89963,6078
96042,89964,6078
96043,89965,6078
96044,89966,6078
96045,89967,6078
96046,89968,6078
96047,89969,6078
96049,89971,6078
96050,89972,6078
96052,89974,6078
96053,89975,6078
96055,89977,6078
96057,89979,6078
96059,89981,6078
96060,89982,6078
96062,89984,6078
96063,89985,6078
96065,89987,6078
96067,89989,6078
96068,89990,6078
96069,89991,6078
96071,89993,6078
96072,89994,6078
96074,89996,6078
96075,89997,6078
96076,89998,6078
96077,89999,6078
96079,90001,6078
96080,90002,6078
96081,90003,6078
96083,90005,6078
96084,90006,6078
96086,90008,6078
96087,90009,6078
96088,90010,6078
96089,90011,6078
96090,90012,6078
96091,90013,6078
96093,90015,6078
96094,90016,6078
96095,90017,6078
96096,90018,6078
96097,90019,6078
96098,90020,6078
96100,90022,6078
96101,90023,6078
96102,90024,6078
96104,90026,6078
96105,90027,6078
96106,90028,6078
96107,90029,6078
96108,90030,6078
96109,90031,6078
96111,90032,6079
96112,90033,6079
96113,90034,6079
96115,90036,6079
96116,90037,6079
96117,90038,6079
96118,90039,6079
96120,90041,6079
96121,90042,6079
96123,90043,6080
96124,90044,6080
96125,90045,6080
96127,90047,6080
96128,90048,6080
96129,90049,6080
96130,90050,6080
96131,90051,6080
96133,90053,6080
96134,90054,6080
96135,90055,6080
96136,90056,6080
96138,90058,6080
96139,90059,6080
96140,90060,6080
96141,90060,6081
96142,90061,6081
96143,90062,6081
96145,90064,6081
96146,90065,6081
96147,90066,6081
96148,90067,6081
96149,90068,6081
96151,90070,6081
96152,90071,6081
96153,90072,6081
96155,90074,6081
96156,90075,6081
96157,90075,6082
96158,90076,6082
96159,90077,6082
96161,90079,6082
96162,90080,6082
96164,90082,6082
96165,90083,6082
96167,90085,6082
96168,90086,6082
96169,90087,6082
96171,90089,6082
96172,90090,6082
96173,90091,6082
96174,90092,6082
96176,90094,6082
96177,90095,6082
96178,90096,6082
96179,90097,6082
96181,90099,6082
96182,90100,6082
96183,90101,6082
96184,90102,6082
96186,90104,6082
96187,90105,6082
96188,90106,6082
96189,90107,6082
96191,90109,6082
96193,90111,6082
96194,90112,6082
96196,90114,6082
96197,90115,6082
96198,90116,6082
96199,90117,6082
96200,90118,6082
96202,90120,6082
96203,90121,6082
96204,90122,6082
96205,90123,6082
96206,90124,6082
96207,90125,6082
96208,90126,6082
96210,90128,6082
96211,90129,6082
96212,90130,6082
96213,90131,6082
96214,90132,6082
96216,90134,6082
96218,90136,6082
96219,90137,6082
96221,90139,6082
96222,90140,6082
96224,90142,6082
96226,90144,6082
96227,90145,6082
96228,90146,6082
96229,90147,6082
96230,90148,6082
96232,90150,6082
96233,90151,6082
96235,90153,6082
96236,90154,6082
96237,90155,6082
96239,90157,6082
96240,90158,6082
96242,90160,6082
96243,90161,6082
96245,90163,6082
96246,90164,6082
96248,90166,6082
96249,90167,6082
96251,90169,6082
96252,90170,6082
96253,90171,6082
96254,90172,6082
96255,90173,6082
96257,90175,6082
96259,90175,6084
96260,90176,6084
96262,90178,6084
96263,90179,6084
96265,90181,6084
96267,90183,6084
96269,90185,6084
96270,90186,6084
96272,90188,6084
96273,90189,6084
96275,90191,6084
96276,90192,6084
96277,90193,6084
96279,90195,6084
96280,90196,6084
96281,90197,6084
96282,90198,6084
96283,90199,6084
96285,90201,6084
96286,90202,6084
96287,90203,6084
96288,90204,6084
96289,90205,6084
96290,90206,6084
96291,90207,6084
96292,90208,6084
96293,90209,6084
96295,90211,6084
96296,90212,6084
96297,90213,6084
96298,90214,6084
96299,90215,6084
96300,90216,6084
96301,90217,6084
96302,90218,6084
96303,90219,6084
96305,90221,6084
96306,90222,6084
96307,90223,6084
96308,90224,6084
96309,90225,6084
96310,90226,6084
96311,90227,6084
96312,90228,6084
96313,90229,6084
96315,90231,6084
96316,90232,6084
96317,90233,6084
96318,90234,6084
96319,90235,6084
96320,90236,6084
96321,90237,6084
96322,90238,6084
96323,90239,6084
96325,90241,6084
96326,90242,6084
96327,90243,6084
96328,90244,6084
96329,90245,6084
96330,90246,6084
96331,90247,6084
96332,90248,6084
96333,90249,6084
96335,90251,6084
96336,90252,6084
96337,90253,6084
96338,90254,6084
96339,90255,6084
96340,90256,6084
96341,90257,6084
96342,90258,6084
96343,90259,6084
96345,90261,6084
96346,90262,6084
96347,90263,6084
96348,90264,6084
96349,90265,6084
96350,90266,6084
96351,90267,6084
96352,90268,6084
96353,90269,6084
96355,90271,6084
96356,90272,6084
96357,90273,6084
96358,90274,6084
96359,90275,6084
96360,90276,6084
96361,90277,6084
96362,90278,6084
96363,90279,6084
96365,90281,6084
96366,90282,6084
96367,90283,6084
96368,90284,6084
96369,90285,6084
96370,90286,6084
96371,90287,6084
96372,90288,6084
96373,90289,6084
96375,90291,6084
96376,90292,6084
96377,90293,6084
96378,90294,6084
96379,90295,6084
96380,90296,6084
96381,90297,6084
96382,90298,6084
96383,90299,6084
96385,90301,6084
96386,90302,6084
96387,90303,6084
96388,90304,6084
96389,90305,6084
96390,90306,6084
96391,90307,6084
96392,90308,6084
96393,90309,6084
96395,90311,6084
96396,90312,6084
96397,90313,6084
96398,90314,6084
96399,90315,6084
96400,90316,6084
96401,90317,6084
96402,90318,6084
96403,90319,6084
96405,90321,6084
96406,90322,6084
96407,90323,6084
96408,90324,6084
96409,90325,6084
96410,90326,6084
96411,90327,6084
96412,90328,6084
96413,90329,6084
96415,90331,6084
96416,90332,6084
96417,90333,6084
96418,90334,6084
96419,90335,6084
96420,90336,6084
96421,90337,6084
96422,90338,6084
96423,90339,6084
96425,90341,6084
96426,90342,6084
96427,90343,6084
96428,90344,6084
96429,90345,6084
96430,90346,6084
96431,90347,6084
96432,90348,6084
96433,90349,6084
96435,90351,6084
96436,90352,6084
96438,90353,6085
96439,90354,6085
96440,90355,6085
96441,90356,6085
96442,90357,6085
96443,90358,6085
96444,90359,6085
96446,90361,6085
96447,90362,6085
96448,90363,6085
96449,90364,6085
96450,90365,6085
96451,90366,6085
96452,90367,6085
96453,90368,6085
96454,90369,6085
96456,90371,6085
96457,90372,6085
96458,90373,6085
96459,90374,6085
96460,90375,6085
96461,90376,6085
96462,90377,6085
96463,90378,6085
96464,90379,6085
96466,90381,6085
96467,90382,6085
96468,90383,6085
96469,90384,6085
96470,90385,6085
96471,90386,6085
96472,90387,6085
96473,90388,6085
96474,90389,6085
96476,90391,6085
96477,90392,6085
96478,90393,6085
96479,90394,6085
96480,90395,6085
96481,90396,6085
96482,90397,6085
96483,90398,6085
96484,90399,6085
96486,90401,6085
96487,90402,6085
96488,90403,6085
96489,90404,6085
96490,90405,6085
96491,90406,6085
96492,90407,6085
96493,90408,6085
96494,90409,6085
96496,90411,6085
96497,90412,6085
96498,90413,6085
96499,90414,6085
96500,90415,6085
96501,90416,6085
96502,90417,6085
96503,90418,6085
96504,90419,6085
96506,90421,6085
96507,90422,6085
96508,90423,6085
96509,90424,6085
96510,90425,6085
96511,90426,6085
96512,90427,6085
96513,90428,6085
96514,90429,6085
96516,90431,6085
96517,90432,6085
96518,90433,6085
96519,90434,6085
96520,90435,6085
96521,90436,6085
96522,90437,6085
96523,90438,6085
96524,90439,6085
96526,90441,6085
96527,90442,6085
96528,90443,6085
96529,90444,6085
96530,90445,6085
96531,90446,6085
96533,90448,6085
96535,90450,6085
96536,90451,6085
96537,90452,6085
96539,90454,6085
96541,90456,6085
96542,90457,6085
96543,90458,6085
96545,90460,6085
96546,90461,6085
96547,90462,6085
96548,90463,6085
96550,90465,6085
96551,90466,6085
96552,90467,6085
96553,90468,6085
96555,90470,6085
96557,90472,6085
96558,90473,6085
96559,90474,6085
96561,90476,6085
96563,90478,6085
96564,90479,6085
96565,90480,6085
96567,90482,6085
96569,90484,6085
96570,90485,6085
96572,90487,6085
96574,90489,6085
96575,90490,6085
96577,90492,6085
96579,90494,6085
96581,90496,6085
96582,90497,6085
96583,90498,6085
96585,90500,6085
96587,90502,6085
96588,90503,6085
96590,90505,6085
96592,90507,6085
96593,90508,6085
96594,90509,6085
96596,90511,6085
96597,90512,6085
96599,90514,6085
96600,90515,6085
96601,90516,6085
96603,90518,6085
96605,90520,6085
96606,90521,6085
96608,90523,6085
96609,90524,6085
96611,90526,6085
96612,90527,6085
96614,90529,6085
96616,90531,6085
96618,90533,6085
96619,90534,6085
96621,90536,6085
96622,90537,6085
96624,90539,6085
96625,90540,6085
96627,90542,6085
96628,90543,6085
96629,90544,6085
96630,90545,6085
96631,90546,6085
96632,90547,6085
96633,90548,6085
96634,90549,6085
96635,90550,6085
96636,90551,6085
96637,90552,6085
96638,90553,6085
96639,90554,6085
96640,90555,6085
96641,90556,6085
96643,90558,6085
96644,90559,6085
96645,90560,6085
96646,90561,6085
96648,90563,6085
96649,90564,6085
96650,90565,6085
96652,90567,6085
96654,90569,6085
96655,90570,6085
96657,90572,6085
96659,90574,6085
96661,90576,6085
96662,90577,6085
96663,90578,6085
96664,90579,6085
96665,90580,6085
96666,90581,6085
96668,90583,6085
96669,90584,6085
96671,90586,6085
96673,90588,6085
96675,90590,6085
96676,90591,6085
96678,90593,6085
96679,90594,6085
96681,90596,6085
96682,90597,6085
96683,90598,6085
96684,90599,6085
96686,90601,6085
96688,90603,6085
96689,90604,6085
96690,90605,6085
96691,90606,6085
96693,90608,6085
96695,90610,6085
96696,90611,6085
96698,90613,6085
96699,90614,6085
96700,90615,6085
96701,90616,6085
96703,90618,6085
96704,90619,6085
96705,90620,6085
96706,90621,6085
96707,90622,6085
96709,90624,6085
96710,90625,6085
96711,90626,6085
96712,90627,6085
96714,90629,6085
96715,90630,6085
96716,90631,6085
96717,90632,6085
96718,90633,6085
96720,90635,6085
96722,90637,6085
96723,90638,6085
96725,90640,6085
96726,90641,6085
96727,90642,6085
96728,90643,6085
96729,90644,6085
96731,90646,6085
96733,90648,6085
96734,90649,6085
96735,90650,6085
96736,90651,6085
96737,90652,6085
96739,90654,6085
96741,90656,6085
96742,90657,6085
96743,90658,6085
96744,90659,6085
96746,90661,6085
96748,90663,6085
96749,90664,6085
96750,90665,6085
96751,90666,6085
96753,90668,6085
96754,90669,6085
96756,90671,6085
96758,90673,6085
96760,90675,6085
96761,90676,6085
96762,90677,6085
96763,90678,6085
96765,90680,6085
96766,90681,6085
96767,90682,6085
96768,90683,6085
96769,90684,6085
96770,90685,6085
96772,90687,6085
96773,90688,6085
96775,90690,6085
96777,90692,6085
96778,90693,6085
96779,90694,6085
96780,90695,6085
96782,90697,6085
96784,90699,6085
96785,90700,6085
96786,90701,6085
96787,90702,6085
96788,90703,6085
96789,90704,6085
96790,90705,6085
96791,90706,6085
96792,90707,6085
96793,90708,6085
96794,90709,6085
96796,90711,6085
96797,90712,6085
96799,90714,6085
96800,90715,6085
96801,90716,6085
96802,90717,6085
96803,90718,6085
96805,90720,6085
96806,90721,6085
96807,90722,6085
96808,90723,6085
96810,90725,6085
96812,90727,6085
96813,90728,6085
96814,90729,6085
96815,90730,6085
96816,90731,6085
96818,90733,6085
96819,90734,6085
96821,90736,6085
96822,90737,6085
96823,90738,6085
96824,90739,6085
96825,90740,6085
96827,90742,6085
96829,90744,6085
96831,90746,6085
96832,90747,6085
96833,90748,6085
96834,90749,6085
96836,90751,6085
96838,90753,6085
96840,90755,6085
96841,90756,6085
96842,90757,6085
96844,90759,6085
96846,90761,6085
96847,90762,6085
96848,90763,6085
96849,90764,6085
96851,90766,6085
96852,90767,6085
96853,90768,6085
96855,90770,6085
96856,90771,6085
96857,90772,6085
96858,90773,6085
96859,90774,6085
96861,90776,6085
96862,90777,6085
96863,90778,6085
96864,90779,6085
96865,90780,6085
96866,90781,6085
96868,90783,6085
96869,90784,6085
96871,90786,6085
96873,90788,6085
96874,90789,6085
96875,90790,6085
96876,90791,6085
96878,90793,6085
96880,90795,6085
96881,90796,6085
96882,90797,6085
96883,90798,6085
96884,90799,6085
96885,90800,6085
96886,90801,6085
96887,90802,6085
96888,90803,6085
96890,90805,6085
96891,90806,6085
96893,90808,6085
96894,90809,6085
96896,90811,6085
96897,90812,6085
96898,90813,6085
96899,90814,6085
96900,90815,6085
96902,90817,6085
96903,90818,6085
96904,90819,6085
96905,90820,6085
96907,90822,6085
96909,90824,6085
96910,90825,6085
96911,90826,6085
96912,90827,6085
96913,90828,6085
96915,90830,6085
96916,90831,6085
96918,90833,6085
96919,90834,6085
96920,90835,6085
96922,90837,6085
96923,90838,6085
96925,90840,6085
96927,90842,6085
96929,90844,6085
96930,90845,6085
96932,90847,6085
96933,90848,6085
96935,90850,6085
96937,90852,6085
96939,90854,6085
96940,90855,6085
96941,90856,6085
96943,90858,6085
96945,90860,6085
96946,90861,6085
96947,90862,6085
96948,90863,6085
96950,90865,6085
96951,90866,6085
96952,90866,6086
96954,90868,6086
96955,90869,6086
96956,90870,6086
96957,90871,6086
96958,90872,6086
96960,90874,6086
96961,90875,6086
96962,90876,6086
96963,90877,6086
96964,90878,6086
96965,90879,6086
96967,90881,6086
96968,90882,6086
96970,90884,6086
96971,90885,6086
96973,90887,6086
96974,90888,6086
96975,90889,6086
96976,90890,6086
96977,90891,6086
96978,90891,6087
96980,90893,6087
96981,90894,6087
96982,90895,6087
96984,90897,6087
96986,90899,6087
96987,90900,6087
96988,90901,6087
96989,90902,6087
96990,90903,6087
96992,90905,6087
96994,90907,6087
96995,90908,6087
96997,90910,6087
96998,90911,6087
96999,90912,6087
97001,90914,6087
97002,90915,6087
97004,90917,6087
97005,90918,6087
97007,90920,6087
97009,90922,6087
97011,90924,6087
97012,90925,6087
97013,90926,6087
97015,90928,6087
97016,90928,6088
97017,90929,6088
97018,90930,6088
97019,90931,6088
97020,90932,6088
97021,90933,6088
97023,90935,6088
97025,90937,6088
97026,90938,6088
97027,90939,6088
97028,90940,6088
97030,90942,6088
97032,90944,6088
97034,90946,6088
97036,90948,6088
97037,90949,6088
97039,90951,6088
97040,90952,6088
97042,90954,6088
97043,90955,6088
97044,90956,6088
97045,90957,6088
97047,90959,6088
97049,90961,6088
97050,90962,6088
97051,90963,6088
97052,90964,6088
97053,90965,6088
97055,90967,6088
97057,90969,6088
97058,90970,6088
97060,90972,6088
97061,90973,6088
97062,90974,6088
97064,90976,6088
97066,90978,6088
97067,90979,6088
97068,90980,6088
97069,90981,6088
97070,90982,6088
97071,90983,6088
97072,90984,6088
97073,90985,6088
97074,90986,6088
97075,90987,6088
97076,90988,6088
97077,90989,6088
97078,90990,6088
97079,90991,6088
97081,90993,6088
97083,90995,6088
97084,90996,6088
97085,90997,6088
97086,90997,6089
97087,90998,6089
97088,90999,6089
97089,91000,6089
97091,91002,6089
97093,91004,6089
97094,91005,6089
97095,91006,6089
97097,91008,6089
97098,91009,6089
97099,91010,6089
97100,91011,6089
97101,91012,6089
97102,91013,6089
97104,91015,6089
97105,91016,6089
97106,91017,6089
97107,91018,6089
97108,91019,6089
97110,91021,6089
97111,91022,6089
97113,91024,6089
97114,91025,6089
97115,91026,6089
97116,91027,6089
97117,91028,6089
97119,91030,6089
97120,91031,6089
97121,91032,6089
97122,91033,6089
97123,91034,6089
97124,91035,6089
97126,91037,6089
97127,91038,6089
97128,91039,6089
97129,91040,6089
97131,91042,6089
97132,91043,6089
97133,91044,6089
97134,91045,6089
97135,91046,6089
97136,91047,6089
97137,91048,6089
97138,91049,6089
97139,91050,6089
97141,91052,6089
97142,91053,6089
97143,91054,6089
97144,91055,6089
97145,91056,6089
97146,91057,6089
97147,91058,6089
97149,91060,6089
97150,91061,6089
97151,91062,6089
97152,91063,6089
97154,91065,6089
97155,91066,6089
97157,91068,6089
97159,91070,6089
97160,91071,6089
97161,91072,6089
97162,91073,6089
97163,91074,6089
97165,91076,6089
97166,91077,6089
97167,91078,6089
97168,91079,6089
97170,91081,6089
97171,91082,6089
97172,91083,6089
97173,91084,6089
97174,91085,6089
97175,91086,6089
97176,91087,6089
97177,91088,6089
97178,91089,6089
97179,91090,6089
97180,91091,6089
97181,91092,6089
97183,91094,6089
97184,91095,6089
97186,91097,6089
97187,91098,6089
97188,91099,6089
97189,91100,6089
97190,91101,6089
97191,91102,6089
97192,91103,6089
97193,91104,6089
97194,91105,6089
97195,91106,6089
97196,91107,6089
97197,91108,6089
97199,91110,6089
97200,91111,6089
97202,91113,6089
97203,91114,6089
97204,91115,6089
97205,91116,6089
97206,91117,6089
97208,91119,6089
97209,91120,6089
97210,91121,6089
97212,91123,6089
97214,91125,6089
97216,91127,6089
97217,91128,6089
97218,91129,6089
97219,91130,6089
97221,91132,6089
97223,91134,6089
97224,91135,6089
97225,91136,6089
97226,91137,6089
97227,91138,6089
97229,91140,6089
97230,91141,6089
97231,91142,6089
97232,91143,6089
97233,91144,6089
97234,91145,6089
97236,91147,6089
97238,91149,6089
97239,91150,6089
97240,91151,6089
97241,91152,6089
97242,91153,6089
97243,91154,6089
97245,91156,6089
97247,91158,6089
97248,91159,6089
97249,91160,6089
97250,91161,6089
97251,91162,6089
97252,91163,6089
97253,91164,6089
97254,91165,6089
97255,91166,6089
97256,91167,6089
97257,91168,6089
97259,91170,6089
97260,91171,6089
97261,91172,6089
97262,91173,6089
97264,91175,6089
97265,91176,6089
97266,91177,6089
97268,91179,6089
97269,91180,6089
97270,91181,6089
97271,91182,6089
97272,91183,6089
97273,91184,6089
97274,91185,6089
97276,91187,6089
97277,91188,6089
97278,91189,6089
97279,91190,6089
97280,91191,6089
97282,91193,6089
97283,91194,6089
97284,91195,6089
97285,91196,6089
97286,91197,6089
97287,91198,6089
97289,91200,6089
97290,91201,6089
97291,91202,6089
97292,91203,6089
97294,91205,6089
97296,91207,6089
97297,91208,6089
97298,91209,6089
97299,91210,6089
97301,91212,6089
97302,91213,6089
97304,91215,6089
97305,91216,6089
97306,91217,6089
97307,91218,6089
97308,91219,6089
97309,91220,6089
97310,91221,6089
97311,91222,6089
97313,91224,6089
97314,91225,6089
97316,91227,6089
97317,91228,6089
97319,91230,6089
97321,91232,6089
97323,91234,6089
97324,91235,6089
97326,91237,6089
97327,91238,6089
97329,91240,6089
97331,91242,6089
97332,91243,6089
97333,91244,6089
97335,91246,6089
97336,91247,6089
97338,91249,6089
97339,91250,6089
97340,91251,6089
97341,91252,6089
97343,91254,6089
97344,91255,6089
97345,91256,6089
97347,91258,6089
97348,91259,6089
97350,91261,6089
97351,91262,6089
97352,91263,6089
97353,91264,6089
97354,91265,6089
97355,91266,6089
97357,91268,6089
97358,91269,6089
97359,91270,6089
97360,91271,6089
97361,91272,6089
97362,91273,6089
97364,91275,6089
97365,91276,6089
97366,91277,6089
97368,91279,6089
97369,91280,6089
97370,91281,6089
97371,91282,6089
97372,91283,6089
97373,91284,6089
97374,91285,6089
97375,91286,6089
97377,91287,6090
97379,91289,6090
97380,91290,6090
97381,91291,6090
97382,91292,6090
97384,91294,6090
97385,91295,6090
97386,91295,6091
97387,91296,6091
97388,91297,6091
97390,91299,6091
97391,91300,6091
97392,91301,6091
97393,91302,6091
97394,91303,6091
97396,91305,6091
97397,91306,6091
97399,91308,6091
97400,91309,6091
97402,91311,6091
97403,91312,6091
97404,91313,6091
97405,91313,6092
97406,91314,6092
97407,91315,6092
97409,91317,6092
97410,91318,6092
97411,91319,6092
97412,91320,6092
97413,91321,6092
97415,91323,6092
97416,91324,6092
97417,91325,6092
97419,91327,6092
97420,91328,6092
97421,91328,6093
97422,91329,6093
97423,91330,6093
97425,91332,6093
97426,91333,6093
97428,91335,6093
97429,91336,6093
97431,91338,6093
97432,91339,6093
97433,91340,6093
97435,91342,6093
97436,91343,6093
97437,91344,6093
97438,91345,6093
97440,91347,6093
97441,91348,6093
97442,91349,6093
97443,91350,6093
97445,91352,6093
97446,91353,6093
97447,91354,6093
97448,91355,6093
97450,91357,6093
97451,91358,6093
97452,91359,6093
97453,91360,6093
97455,91362,6093
97457,91364,6093
97458,91365,6093
97460,91367,6093
97461,91368,6093
97462,91369,6093
97463,91370,6093
97464,91371,6093
97466,91373,6093
97467,91374,6093
97468,91375,6093
97469,91376,6093
97470,91377,6093
97471,91378,6093
97472,91379,6093
97474,91381,6093
97475,91382,6093
97476,91383,6093
97477,91384,6093
97478,91385,6093
97480,91387,6093
97482,91389,6093
97483,91390,6093
97485,91392,6093
97486,91393,6093
97488,91395,6093
97490,91397,6093
97491,91398,6093
97492,91399,6093
97493,91400,6093
97494,91401,6093
97496,91403,6093
97497,91404,6093
97499,91406,6093
97500,91407,6093
97501,91408,6093
97503,91410,6093
97504,91411,6093
97506,91413,6093
97507,91414,6093
97509,91416,6093
97510,91417,6093
97512,91419,6093
97513,91420,6093
97515,91422,6093
97516,91423,6093
97517,91424,6093
97518,91425,6093
97519,91426,6093
97521,91428,6093
97522,91428,6094
97523,91429,6094
97525,91431,6094
97526,91432,6094
97528,91434,6094
97530,91436,6094
97532,91438,6094
97533,91439,6094
97535,91441,6094
97536,91442,6094
97538,91444,6094
97539,91445,6094
97540,91446,6094
97542,91448,6094
97543,91449,6094
97544,91450,6094
97545,91451,6094
97546,91452,6094
97548,91454,6094
97549,91455,6094
97550,91456,6094
97551,91457,6094
97552,91458,6094
97553,91459,6094
97554,91460,6094
97555,91461,6094
97556,91462,6094
97558,91464,6094
97559,91465,6094
97560,91466,6094
97561,91467,6094
97562,91468,6094
97563,91469,6094
97564,91470,6094
97565,91471,6094
97566,91472,6094
97568,91474,6094
97569,91475,6094
97570,91476,6094
97571,91477,6094
97572,91478,6094
97573,91479,6094
97574,91480,6094
97575,91481,6094
97576,91482,6094
97578,91484,6094
97579,91485,6094
97580,91486,6094
97581,91487,6094
97582,91488,6094
97583,91489,6094
97584,91490,6094
97585,91491,6094
97586,91492,6094
97588,91494,6094
97589,91495,6094
97590,91496,6094
97591,91497,6094
97592,91498,6094
97593,91499,6094
97594,91500,6094
97595,91501,6094
97596,91502,6094
97598,91504,6094
97599,91505,6094
97600,91506,6094
97601,91507,6094
97602,91508,6094
97603,91509,6094
97604,91510,6094
97605,91511,6094
97606,91512,6094
97608,91514,6094
97609,91515,6094
97610,91516,6094
97611,91517,6094
97612,91518,6094
97613,91519,6094
97614,91520,6094
97615,91521,6094
97616,91522,6094
97618,91524,6094
97619,91525,6094
97620,91526,6094
97621,91527,6094
97622,91528,6094
97623,91529,6094
97624,91530,6094
97625,91531,6094
97626,91532,6094
97628,91534,6094
97629,91535,6094
97631,91536,6095
97632,91537,6095
97633,91538,6095
97634,91539,6095
97635,91540,6095
97636,91541,6095
97637,91542,6095
97639,91544,6095
97640,91545,6095
97641,91546,6095
97642,91547,6095
97643,91548,6095
97644,91549,6095
97645,91550,6095
97646,91551,6095
97647,91552,6095
97649,91554,6095
97650,91555,6095
97651,91556,6095
97652,91557,6095
97653,91558,6095
97654,91559,6095
97655,91560,6095
97656,91561,6095
97657,91562,6095
97659,91564,6095
97660,91565,6095
97661,91566,6095
97662,91567,6095
97663,91568,6095
97664,91569,6095
97665,91570,6095
97666,91571,6095
97667,91572,6095
97669,91574,6095
97670,91575,6095
97671,91576,6095
97672,91577,6095
97673,91578,6095
97674,91579,6095
97675,91580,6095
97676,91581,6095
97677,91582,6095
97679,91584,6095
97680,91585,6095
97681,91586,6095
97682,91587,6095
97683,91588,6095
97684,91589,6095
97685,91590,6095
97686,91591,6095
97687,91592,6095
97689,91594,6095
97690,91595,6095
97691,91596,6095
97692,91597,6095
97693,91598,6095
97694,91599,6095
97695,91600,6095
97696,91601,6095
97697,91602,6095
97699,91604,6095
97700,91605,6095
97701,91606,6095
97702,91607,6095
97703,91608,6095
97704,91609,6095
97705,91610,6095
97706,91611,6095
97707,91612,6095
97709,91614,6095
97710,91615,6095
97711,91616,6095
97712,91617,6095
97713,91618,6095
97714,91619,6095
97715,91620,6095
97716,91621,6095
97717,91622,6095
97719,91624,6095
97720,91625,6095
97721,91626,6095
97722,91627,6095
97723,91628,6095
97724,91629,6095
97725,91630,6095
97726,91631,6095
97727,91632,6095
97729,91634,6095
97730,91635,6095
97731,91636,6095
97732,91637,6095
97733,91638,6095
97734,91639,6095
97735,91640,6095
97736,91641,6095
97737,91642,6095
97739,91644,6095
97740,91645,6095
97741,91646,6095
97742,91647,6095
97743,91648,6095
97744,91649,6095
97745,91650,6095
97746,91651,6095
97747,91652,6095
97749,91654,6095
97750,91655,6095
97751,91656,6095
97752,91657,6095
97753,91658,6095
97754,91659,6095
97756,91661,6095
97758,91663,6095
97759,91664,6095
97760,91665,6095
97762,91667,6095
97764,91669,6095
97765,91670,6095
97766,91671,6095
97768,91673,6095
97769,91674,6095
97770,91675,6095
97771,91676,6095
97773,91678,6095
97774,91679,6095
97775,91680,6095
97776,91681,6095
97778,91683,6095
97780,91685,6095
97781,91686,6095
97782,91687,6095
97784,91689,6095
97786,91691,6095
97787,91692,6095
97788,91693,6095
97790,91695,6095
97792,91697,6095
97793,91698,6095
97795,91700,6095
97797,91702,6095
97798,91703,6095
97800,91705,6095
97802,91707,6095
97804,91709,6095
97805,91710,6095
97806,91711,6095
97808,91713,6095
97810,91715,6095
97811,91716,6095
97813,91718,6095
97815,91720,6095
97816,91721,6095
97817,91722,6095
97819,91724,6095
97820,91725,6095
97822,91727,6095
97823,91728,6095
97824,91729,6095
97826,91731,6095
97828,91733,6095
97829,91734,6095
97831,91736,6095
97832,91737,6095
97834,91739,6095
97835,91740,6095
97837,91742,6095
97839,91744,6095
97841,91746,6095
97842,91747,6095
97844,91749,6095
97845,91750,6095
97847,91752,6095
97848,91753,6095
97850,91755,6095
97851,91756,6095
97852,91757,6095
97853,91758,6095
97854,91759,6095
97855,91760,6095
97856,91761,6095
97857,91762,6095
97858,91763,6095
97859,91764,6095
97860,91765,6095
97861,91766,6095
97862,91767,6095
97863,91768,6095
97864,91769,6095
97866,91771,6095
97867,91772,6095
97868,91773,6095
97869,91774,6095
97871,91776,6095
97872,91777,6095
97873,91778,6095
97875,91780,6095
97877,91782,6095
97878,91783,6095
97880,91785,6095
97882,91787,6095
97884,91789,6095
97885,91790,6095
97886,91791,6095
97887,91792,6095
97888,91793,6095
97889,91794,6095
97891,91796,6095
97892,91797,6095
97894,91799,6095
97896,91801,6095
97898,91803,6095
97899,91804,6095
97901,91806,6095
97902,91807,6095
97904,91809,6095
97905,91810,6095
97906,91811,6095
97907,91812,6095
97909,91814,6095
97911,91816,6095
97912,91817,6095
97913,91818,6095
97914,91819,6095
97916,91821,6095
97918,91823,6095
97919,91824,6095
97921,91826,6095
97922,91827,6095
97923,91828,6095
97924,91829,6095
97926,91831,6095
97927,91832,6095
97928,91833,6095
97929,91834,6095
97930,91835,6095
97932,91837,6095
97933,91838,6095
97934,91839,6095
97935,91840,6095
97937,91842,6095
97938,91843,6095
97939,91844,6095
97940,91845,6095
97941,91846,6095
97943,91848,6095
97945,91850,6095
97946,91851,6095
97948,91853,6095
97949,91854,6095
97950,91855,6095
97951,91856,6095
97952,91857,6095
97954,91859,6095
97956,91861,6095
97957,91862,6095
97958,91863,6095
97959,91864,6095
97960,91865,6095
97962,91867,6095
97964,91869,6095
97965,91870,6095
97966,91871,6095
97967,91872,6095
97969,91874,6095
97971,91876,6095
97972,91877,6095
97973,91878,6095
97974,91879,6095
97976,91881,6095
97977,91882,6095
97979,91884,6095
97981,91886,6095
97983,91888,6095
97984,91889,6095
97985,91890,6095
97986,91891,6095
97988,91893,6095
97989,91894,6095
97990,91895,6095
97991,91896,6095
97992,91897,6095
97993,91898,6095
97995,91900,6095
97996,91901,6095
97998,91903,6095
98000,91905,6095
98001,91906,6095
98002,91907,6095
98003,91908,6095
98005,91910,6095
98007,91912,6095
98008,91913,6095
98009,91914,6095
98010,91915,6095
98011,91916,6095
98012,91917,6095
98013,91918,6095
98014,91919,6095
98015,91920,6095
98016,91921,6095
98017,91922,6095
98019,91924,6095
98020,91925,6095
98022,91927,6095
98023,91928,6095
98024,91929,6095
98025,91930,6095
98026,91931,6095
98028,91933,6095
98029,91934,6095
98030,91935,6095
98031,91936,6095
98033,91938,6095
98035,91940,6095
98036,91941,6095
98037,91942,6095
98038,91943,6095
98039,91944,6095
98041,91946,6095
98042,91947,6095
98044,91949,6095
98045,91950,6095
98046,91951,6095
98047,91952,6095
98048,91953,6095
98050,91955,6095
98052,91957,6095
98054,91959,6095
98055,91960,6095
98056,91961,6095
98057,91962,6095
98059,91964,6095
98061,91966,6095
98063,91968,6095
98064,91969,6095
98065,91970,6095
98067,91972,6095
98069,91974,6095
98070,91975,6095
98071,91976,6095
98072,91977,6095
98074,91979,6095
98075,91980,6095
98076,91981,6095
98078,91983,6095
98079,91984,6095
98080,91985,6095
98081,91986,6095
98082,91987,6095
98084,91989,6095
98085,91990,6095
98086,91991,6095
98087,91992,6095
98088,91993,6095
98089,91994,6095
98091,91996,6095
98092,91997,6095
98094,91999,6095
98096,92001,6095
98097,92002,6095
98098,92003,6095
98099,92004,6095
98101,92006,6095
98103,92008,6095
98104,92009,6095
98105,92010,6095
98106,92011,6095
98107,92012,6095
98108,92013,6095
98109,92014,6095
98110,92015,6095
98111,92016,6095
98113,92018,6095
98114,92019,6095
98116,92021,6095
98117,92022,6095
98119,92024,6095
98120,92025,6095
98121,92026,6095
98122,92027,6095
98123,92028,6095
98125,92030,6095
98126,92031,6095
98127,92032,6095
98128,92033,6095
98130,92035,6095
98132,92037,6095
98133,92038,6095
98134,92039,6095
98135,92040,6095
98136,92041,6095
98138,92043,6095
98139,92044,6095
98141,92046,6095
98142,92047,6095
98143,92048,6095
98145,92050,6095
98146,92051,6095
98148,92053,6095
98150,92055,6095
98152,92057,6095
98153,92058,6095
98155,92060,6095
98156,92061,6095
98158,92063,6095
98160,92065,6095
98162,92067,6095
98163,92068,6095
98164,92069,6095
98166,92071,6095
98168,92073,6095
98169,92074,6095
98170,92075,6095
98171,92076,6095
98173,92078,6095
98174,92079,6095
98175,92079,6096
98177,92081,6096
98178,92082,6096
98179,92083,6096
98180,92084,6096
98181,92085,6096
98183,92087,6096
98184,92088,6096
98185,92089,6096
98186,92090,6096
98187,92091,6096
98188,92092,6096
98190,92094,6096
98191,92095,6096
98193,92097,6096
98194,92098,6096
98196,92100,6096
98197,92101,6096
98198,92102,6096
98199,92103,6096
98200,92104,6096
98202,92104,6098
98204,92106,6098
98205,92107,6098
98206,92108,6098
98208,92110,6098
98210,92112,6098
98211,92113,6098
98212,92114,6098
98213,92115,6098
98214,92116,6098
98216,92118,6098
98218,92120,6098
98219,92121,6098
98221,92123,6098
98222,92124,6098
98223,92125,6098
98225,92127,6098
98226,92128,6098
98228,92130,6098
98229,92131,6098
98231,92133,6098
98233,92135,6098
98235,92137,6098
98236,92138,6098
98237,92139,6098
98239,92141,6098
98241,92141,6100
98242,92142,6100
98243,92143,6100
98244,92144,6100
98245,92145,6100
98246,92146,6100
98247,92147,6100
98248,92148,6100
98250,92150,6100
98251,92151,6100
98252,92152,6100
98253,92153,6100
98254,92154,6100
98255,92155,6100
98256,92156,6100
98257,92157,6100
98258,92158,6100
98260,92160,6100
98261,92161,6100
98262,92162,6100
98263,92163,6100
98264,92164,6100
98265,92165,6100
98266,92166,6100
98268,92168,6100
98270,92170,6100
98271,92171,6100
98272,92172,6100
98273,92173,6100
98275,92175,6100
98277,92177,6100
98279,92179,6100
98281,92181,6100
98282,92182,6100
98284,92184,6100
98285,92185,6100
98287,92187,6100
98288,92188,6100
98289,92189,6100
98290,92190,6100
98292,92192,6100
98294,92194,6100
98295,92195,6100
98296,92196,6100
98297,92197,6100
98298,92198,6100
98300,92200,6100
98302,92202,6100
98303,92203,6100
98305,92205,6100
98306,92206,6100
98307,92207,6100
98309,92209,6100
98311,92211,6100
98312,92212,6100
98313,92213,6100
98314,92214,6100
98315,92215,6100
98316,92216,6100
98317,92217,6100
98318,92218,6100
98319,92219,6100
98320,92220,6100
98321,92221,6100
98322,92222,6100
98323,92223,6100
98324,92224,6100
98326,92226,6100
98328,92228,6100
98329,92229,6100
98330,92230,6100
98332,92231,6101
98333,92232,6101
98334,92233,6101
98335,92234,6101
98336,92235,6101
98338,92237,6101
98339,92238,6101
98340,92239,6101
98342,92241,6101
98343,92242,6101
98344,92243,6101
98345,92244,6101
98346,92245,6101
98347,92246,6101
98349,92248,6101
98350,92249,6101
98351,92250,6101
98352,92251,6101
98353,92252,6101
98355,92254,6101
98356,92255,6101
98358,92257,6101
98359,92258,6101
98360,92259,6101
98361,92260,6101
98362,92261,6101
98364,92263,6101
98365,92264,6101
98366,92265,6101
98367,92266,6101
98368,92267,6101
98369,92268,6101
98371,92270,6101
98372,92271,6101
98373,92272,6101
98374,92273,6101
98376,92275,6101
98377,92276,6101
98378,92277,6101
98379,92278,6101
98380,92279,6101
98381,92280,6101
98382,92281,6101
98383,92282,6101
98384,92283,6101
98386,92285,6101
98387,92286,6101
98388,92287,6101
98389,92288,6101
98390,92289,6101
98391,92290,6101
98392,92291,6101
98394,92293,6101
98395,92294,6101
98396,92295,6101
98397,92296,6101
98399,92298,6101
98400,92299,6101
98402,92301,6101
98404,92303,6101
98405,92304,6101
98406,92305,6101
98407,92306,6101
98408,92307,6101
98410,92309,6101
98411,92310,6101
98412,92311,6101
98413,92312,6101
98415,92314,6101
98416,92315,6101
98417,92316,6101
98418,92317,6101
98419,92318,6101
98420,92319,6101
98421,92320,6101
98422,92321,6101
98423,92322,6101
98424,92323,6101
98425,92324,6101
98426,92325,6101
98428,92327,6101
98429,92328,6101
98431,92330,6101
98432,92331,6101
98433,92332,6101
98434,92333,6101
98435,92334,6101
98436,92335,6101
98437,92336,6101
98438,92337,6101
98439,92338,6101
98440,92339,6101
98441,92340,6101
98442,92341,6101
98444,92343,6101
98445,92344,6101
98447,92346,6101
98448,92347,6101
98449,92348,6101
98450,92349,6101
98451,92350,6101
98453,92352,6101
98454,92353,6101
98455,92354,6101
98457,92356,6101
98459,92358,6101
98461,92360,6101
98462,92361,6101
98463,92362,6101
98464,92363,6101
98466,92365,6101
98468,92367,6101
98469,92368,6101
98470,92369,6101
98471,92370,6101
98472,92371,6101
98474,92373,6101
98475,92374,6101
98476,92375,6101
98478,92377,6101
98479,92378,6101
98480,92379,6101
98482,92381,6101
98484,92383,6101
98485,92384,6101
98486,92385,6101
98487,92386,6101
98488,92387,6101
98489,92388,6101
98491,92390,6101
98493,92392,6101
98494,92393,6101
98495,92394,6101
98496,92395,6101
98497,92396,6101
98498,92397,6101
98499,92398,6101
98500,92399,6101
98501,92400,6101
98502,92401,6101
98503,92402,6101
98505,92404,6101
98506,92405,6101
98507,92406,6101
98508,92407,6101
98510,92409,6101
98511,92410,6101
98512,92411,6101
98514,92413,6101
98515,92414,6101
98516,92415,6101
98517,92416,6101
98518,92417,6101
98519,92418,6101
98520,92419,6101
98522,92421,6101
98523,92422,6101
98524,92423,6101
98525,92424,6101
98526,92425,6101
98528,92427,6101
98529,92428,6101
98530,92429,6101
98531,92430,6101
98532,92431,6101
98533,92432,6101
98535,92434,6101
98536,92435,6101
98537,92436,6101
98538,92437,6101
98540,92439,6101
98542,92441,6101
98543,92442,6101
98544,92443,6101
98545,92444,6101
98547,92446,6101
98548,92447,6101
98550,92449,6101
98551,92450,6101
98552,92451,6101
98553,92452,6101
98554,92453,6101
98555,92454,6101
98556,92455,6101
98557,92456,6101
98559,92458,6101
98560,92459,6101
98562,92461,6101
98563,92462,6101
98565,92464,6101
98567,92466,6101
98569,92468,6101
98570,92469,6101
98572,92471,6101
98573,92472,6101
98575,92474,6101
98577,92476,6101
98578,92477,6101
98579,92478,6101
98581,92480,6101
98582,92481,6101
98584,92483,6101
98585,92484,6101
98586,92485,6101
98587,92486,6101
98589,92488,6101
98590,92489,6101
98591,92490,6101
98593,92492,6101
98594,92493,6101
98596,92495,6101
98597,92496,6101
98598,92497,6101
98599,92498,6101
98600,92499,6101
98601,92500,6101
98603,92502,6101
98605,92504,6101
98606,92505,6101
98607,92506,6101
98608,92507,6101
98609,92508,6101
98611,92510,6101
98612,92511,6101
98613,92512,6101
98615,92514,6101
98616,92515,6101
98617,92516,6101
98618,92517,6101
98619,92518,6101
98620,92519,6101
98622,92520,6102
98623,92521,6102
98624,92522,6102
98626,92524,6102
98627,92525,6102
98628,92526,6102
98629,92527,6102
98631,92529,6102
98632,92530,6102
98634,92531,6103
98635,92532,6103
98636,92533,6103
98638,92535,6103
98639,92536,6103
98640,92537,6103
98641,92538,6103
98642,92539,6103
98644,92541,6103
98645,92542,6103
98646,92543,6103
98647,92544,6103
98649,92546,6103
98650,92547,6103
98651,92548,6103
98652,92549,6103
98653,92550,6103
98654,92551,6103
98656,92553,6103
98657,92554,6103
98658,92555,6103
98659,92556,6103
98660,92557,6103
98662,92559,6103
98663,92560,6103
98664,92561,6103
98666,92563,6103
98667,92564,6103
98668,92564,6104
98669,92565,6104
98670,92566,6104
98672,92568,6104
98673,92569,6104
98675,92571,6104
98676,92572,6104
98678,92574,6104
98679,92575,6104
98680,92576,6104
98682,92578,6104
98683,92579,6104
98684,92580,6104
98685,92581,6104
98687,92583,6104
98688,92584,6104
98689,92585,6104
98690,92586,6104
98692,92588,6104
98693,92589,6104
98694,92590,6104
98695,92591,6104
98697,92593,6104
98698,92594,6104
98699,92595,6104
98700,92596,6104
98702,92598,6104
98704,92600,6104
98705,92601,6104
98707,92603,6104
98708,92604,6104
98709,92605,6104
98710,92606,6104
98711,92607,6104
98713,92609,6104
98714,92610,6104
98715,92611,6104
98716,92612,6104
98717,92613,6104
98718,92614,6104
98719,92615,6104
98721,92617,6104
98722,92618,6104
98723,92619,6104
98724,92620,6104
98725,92621,6104
98727,92623,6104
98729,92625,6104
98730,92626,6104
98732,92628,6104
98733,92629,6104
98735,92631,6104
98737,92633,6104
98738,92634,6104
98739,92635,6104
98740,92636,6104
98741,92637,6104
98743,92639,6104
98744,92640,6104
98746,92642,6104
98747,92643,6104
98748,92644,6104
98750,92646,6104
98751,92647,6104
98753,92649,6104
98754,92650,6104
98756,92652,6104
98757,92653,6104
98759,92655,6104
98760,92656,6104
98762,92658,6104
98763,92659,6104
98764,92660,6104
98765,92661,6104
98766,92662,6104
98768,92664,6104
98769,92665,6104
98770,92666,6104
98772,92668,6104
98773,92669,6104
98775,92671,6104
98777,92673,6104
98779,92675,6104
98780,92676,6104
98782,92678,6104
98783,92679,6104
98785,92681,6104
98786,92682,6104
98787,92683,6104
98789,92685,6104
98790,92686,6104
98791,92687,6104
98792,92688,6104
98793,92689,6104
98795,92691,6104
98796,92692,6104
98798,92694,6104
98799,92695,6104
98800,92696,6104
98801,92697,6104
98802,92698,6104
98803,92699,6104
98804,92700,6104
98806,92702,6104
98807,92703,6104
98808,92704,6104
98809,92705,6104
98810,92706,6104
98811,92707,6104
98812,92708,6104
98813,92709,6104
98814,92710,6104
98816,92712,6104
98817,92713,6104
98818,92714,6104
98819,92715,6104
98820,92716,6104
98821,92717,6104
98822,92718,6104
98823,92719,6104
98824,92720,6104
98826,92722,6104
98827,92723,6104
98828,92724,6104
98829,92725,6104
98830,92726,6104
98831,92727,6104
98832,92728,6104
98833,92729,6104
98834,92730,6104
98836,92732,6104
98837,92733,6104
98838,92734,6104
98839,92735,6104
98840,92736,6104
98841,92737,6104
98842,92738,6104
98843,92739,6104
98844,92740,6104
98846,92742,6104
98847,92743,6104
98848,92744,6104
98849,92745,6104
98850,92746,6104
98851,92747,6104
98852,92748,6104
98853,92749,6104
98854,92750,6104
98856,92752,6104
98857,92753,6104
98858,92754,6104
98859,92755,6104
98860,92756,6104
98861,92757,6104
98862,92758,6104
98863,92759,6104
98864,92760,6104
98866,92762,6104
98867,92763,6104
98868,92764,6104
98869,92765,6104
98870,92766,6104
98871,92767,6104
98872,92768,6104
98873,92769,6104
98874,92770,6104
98876,92772,6104
98877,92773,6104
98878,92774,6104
98879,92775,6104
98880,92776,6104
98881,92777,6104
98883,92779,6104
98885,92781,6104
98886,92782,6104
98887,92783,6104
98889,92785,6104
98891,92787,6104
98892,92788,6104
98893,92789,6104
98895,92791,6104
98896,92792,6104
98897,92793,6104
98898,92794,6104
98900,92796,6104
98901,92797,6104
98902,92798,6104
98903,92799,6104
98905,92801,6104
98907,92803,6104
98908,92804,6104
98909,92805,6104
98911,92807,6104
98913,92809,6104
98914,92810,6104
98915,92811,6104
98917,92813,6104
98919,92815,6104
98920,92816,6104
98922,92818,6104
98924,92820,6104
98925,92821,6104
98927,92823,6104
98929,92825,6104
98931,92827,6104
98932,92828,6104
98933,92829,6104
98935,92831,6104
98937,92833,6104
98938,92834,6104
98940,92836,6104
98942,92838,6104
98943,92839,6104
98944,92840,6104
98946,92842,6104
98947,92843,6104
98949,92845,6104
98950,92846,6104
98951,92847,6104
98953,92849,6104
98955,92851,6104
98956,92852,6104
98958,92854,6104
98959,92855,6104
98961,92857,6104
98962,92858,6104
98964,92860,6104
98966,92862,6104
98968,92864,6104
98969,92865,6104
98971,92867,6104
98972,92868,6104
98974,92870,6104
98975,92871,6104
98977,92873,6104
98978,92874,6104
98979,92875,6104
98980,92876,6104
98981,92877,6104
98982,92878,6104
98983,92879,6104
98984,92880,6104
98985,92881,6104
98986,92882,6104
98987,92883,6104
98988,92884,6104
98989,92885,6104
98990,92886,6104
98991,92887,6104
98993,92889,6104
98994,92890,6104
98995,92891,6104
98996,92892,6104
98998,92894,6104
98999,92895,6104
99000,92896,6104
99002,92898,6104
99004,92900,6104
99005,92901,6104
99007,92903,6104
99009,92905,6104
99011,92907,6104
99012,92908,6104
99013,92909,6104
99014,92910,6104
99015,92911,6104
99016,92912,6104
99018,92914,6104
99019,92915,6104
99021,92917,6104
99023,92919,6104
99025,92921,6104
99026,92922,6104
99028,92924,6104
99029,92925,6104
99031,92927,6104
99032,92928,6104
99033,92929,6104
99034,92930,6104
99036,92932,6104
99038,92934,6104
99039,92935,6104
99040,92936,6104
99041,92937,6104
99043,92939,6104
99045,92941,6104
99046,92942,6104
99048,92944,6104
99049,92945,6104
99050,92946,6104
99051,92947,6104
99053,92949,6104
99054,92950,6104
99055,92951,6104
99056,92952,6104
99057,92953,6104
99059,92955,6104
99060,92956,6104
99061,92957,6104
99062,92958,6104
99064,92960,6104
99065,92961,6104
99066,92962,6104
99067,92963,6104
99068,92964,6104
99070,92966,6104
99072,92968,6104
99073,92969,6104
99075,92971,6104
99076,92972,6104
99077,92973,6104
99078,92974,6104
99079,92975,6104
99081,92977,6104
99083,92979,6104
99084,92980,6104
99085,92981,6104
99086,92982,6104
99087,92983,6104
99089,92985,6104
99091,92987,6104
99092,92988,6104
99093,92989,6104
99094,92990,6104
99096,92992,6104
99098,92994,6104
99099,92995,6104
99100,92996,6104
99101,92997,6104
99103,92999,6104
99104,93000,6104
99106,93002,6104
99108,93004,6104
99110,93006,6104
99111,93007,6104
99112,93008,6104
99113,93009,6104
99115,93011,6104
99116,93012,6104
99117,93013,6104
99118,93014,6104
99119,93015,6104
99120,93016,6104
99122,93018,6104
99123,93019,6104
99125,93021,6104
99127,93023,6104
99128,93024,6104
99129,93025,6104
99130,93026,6104
99132,93028,6104
99134,93030,6104
99135,93031,6104
99136,93032,6104
99137,93033,6104
99138,93034,6104
99139,93035,6104
99140,93036,6104
99141,93037,6104
99142,93038,6104
99143,93039,6104
99144,93040,6104
99146,93042,6104
99147,93043,6104
99149,93045,6104
99150,93046,6104
99151,93047,6104
99152,93048,6104
99153,93049,6104
99155,93051,6104
99156,93052,6104
99157,93053,6104
99158,93054,6104
99160,93056,6104
99162,93058,6104
99163,93059,6104
99164,93060,6104
99165,93061,6104
99166,93062,6104
99168,93064,6104
99169,93065,6104
99171,93067,6104
99172,93068,6104
99173,93069,6104
99174,93070,6104
99175,93071,6104
99177,93073,6104
99179,93075,6104
99181,93077,6104
99182,93078,6104
99183,93079,6104
99184,93080,6104
99186,93082,6104
99188,93084,6104
99190,93086,6104
99191,93087,6104
99192,93088,6104
99194,93090,6104
99196,93092,6104
99197,93093,6104
99198,93094,6104
99199,93095,6104
99201,93097,6104
99202,93098,6104
99203,93099,6104
99205,93101,6104
99206,93102,6104
99207,93103,6104
99208,93104,6104
99209,93105,6104
99211,93107,6104
99212,93108,6104
99213,93109,6104
99214,93110,6104
99215,93111,6104
99216,93112,6104
99218,93114,6104
99219,93115,6104
99221,93117,6104
99223,93119,6104
99224,93120,6104
99225,93121,6104
99226,93122,6104
99228,93124,6104
99230,93126,6104
99231,93127,6104
99232,93128,6104
99233,93129,6104
99234,93130,6104
99235,93131,6104
99236,93132,6104
99237,93133,6104
99238,93134,6104
99240,93136,6104
99241,93137,6104
99243,93139,6104
99244,93140,6104
99246,93142,6104
99247,93143,6104
99248,93144,6104
99249,93145,6104
99250,93146,6104
99252,93148,6104
99253,93149,6104
99254,93150,6104
99255,93151,6104
99257,93153,6104
99259,93155,6104
99260,93156,6104
99261,93157,6104
99262,93158,6104
99263,93159,6104
99265,93161,6104
99266,93162,6104
99268,93164,6104
99269,93165,6104
99270,93166,6104
99272,93168,6104
99273,93169,6104
99275,93171,6104
99277,93173,6104
99279,93175,6104
99280,93176,6104
99282,93178,6104
99283,93179,6104
99285,93181,6104
99287,93183,6104
99289,93185,6104
99290,93186,6104
99291,93187,6104
99293,93189,6104
99295,93191,6104
99296,93192,6104
99297,93193,6104
99298,93194,6104
99300,93196,6104
99301,93197,6104
99302,93197,6105
99304,93199,6105
99305,93200,6105
99306,93201,6105
99307,93202,6105
99308,93203,6105
99310,93205,6105
99311,93206,6105
99312,93207,6105
99313,93208,6105
99314,93209,6105
99315,93210,6105
99317,93212,6105
99318,93213,6105
99320,93215,6105
99321,93216,6105
99323,93218,6105
99324,93219,6105
99325,93220,6105
99326,93221,6105
99327,93222,6105
99328,93223,6105
99330,93225,6105
99331,93226,6105
99332,93227,6105
99334,93229,6105
99336,93231,6105
99337,93232,6105
99338,93233,6105
99339,93234,6105
99340,93235,6105
99342,93237,6105
99344,93239,6105
99345,93240,6105
99347,93242,6105
99348,93243,6105
99349,93244,6105
99351,93246,6105
99352,93247,6105
99354,93249,6105
99355,93250,6105
99357,93252,6105
99359,93254,6105
99361,93256,6105
99362,93257,6105
99363,93258,6105
99365,93260,6105
99367,93261,6106
99368,93262,6106
99369,93263,6106
99370,93264,6106
99371,93265,6106
99372,93266,6106
99373,93267,6106
99374,93268,6106
99376,93270,6106
99377,93271,6106
99378,93272,6106
99379,93273,6106
99380,93274,6106
99381,93275,6106
99382,93276,6106
99384,93278,6106
99386,93280,6106
99387,93281,6106
99388,93282,6106
99389,93283,6106
99391,93285,6106
99393,93287,6106
99395,93289,6106
99397,93291,6106
99398,93292,6106
99400,93294,6106
99401,93295,6106
99403,93297,6106
99404,93298,6106
99405,93299,6106
99406,93300,6106
99408,93302,6106
99410,93304,6106
99411,93305,6106
99412,93306,6106
99413,93307,6106
99414,93308,6106
99416,93310,6106
99418,93312,6106
99419,93313,6106
99421,93315,6106
99422,93316,6106
99423,93317,6106
99425,93319,6106
99427,93321,6106
99428,93322,6106
99429,93323,6106
99430,93324,6106
99431,93325,6106
99432,93326,6106
99433,93327,6106
99434,93328,6106
99435,93329,6106
99436,93330,6106
99437,93331,6106
99438,93332,6106
99439,93333,6106
99440,93334,6106
99442,93336,6106
99444,93338,6106
99445,93339,6106
99446,93340,6106
99447,93340,6107
99448,93341,6107
99449,93342,6107
99450,93343,6107
99452,93345,6107
99454,93347,6107
99455,93348,6107
99456,93349,6107
99458,93351,6107
99459,93352,6107
99460,93353,6107
99461,93354,6107
99462,93355,6107
99463,93356,6107
99465,93358,6107
99466,93359,6107
99467,93360,6107
99468,93361,6107
99469,93362,6107
99471,93364,6107
99472,93365,6107
99474,93367,6107
99475,93368,6107
99476,93369,6107
99477,93370,6107
99478,93371,6107
99480,93373,6107
99481,93374,6107
99482,93375,6107
99483,93376,6107
99484,93377,6107
99485,93378,6107
99487,93380,6107
99488,93381,6107
99489,93382,6107
99490,93383,6107
99492,93385,6107
99493,93386,6107
99494,93387,6107
99495,93388,6107
99496,93389,6107
99497,93390,6107
99498,93391,6107
99499,93392,6107
99500,93393,6107
99502,93395,6107
99503,93396,6107
99504,93397,6107
99505,93398,6107
99506,93399,6107
99507,93400,6107
99508,93401,6107
99510,93403,6107
99511,93404,6107
99512,93405,6107
99513,93406,6107
99515,93408,6107
99516,93409,6107
99518,93411,6107
99520,93413,6107
99521,93414,6107
99522,93415,6107
99523,93416,6107
99524,93417,6107
99526,93419,6107
99527,93420,6107
99528,93421,6107
99529,93422,6107
99531,93424,6107
99532,93425,6107
99533,93426,6107
99534,93427,6107
99535,93428,6107
99536,93429,6107
99537,93430,6107
99538,93431,6107
99539,93432,6107
99540,93433,6107
99541,93434,6107
99542,93435,6107
99544,93437,6107
99545,93438,6107
99547,93440,6107
99548,93441,6107
99549,93442,6107
99550,93443,6107
99551,93444,6107
99552,93445,6107
99553,93446,6107
99554,93447,6107
99555,93448,6107
99556,93449,6107
99557,93450,6107
99558,93451,6107
99560,93453,6107
99561,93454,6107
99563,93456,6107
99564,93457,6107
99565,93458,6107
99566,93459,6107
99567,93460,6107
99569,93462,6107
99570,93463,6107
99571,93464,6107
99573,93466,6107
99575,93468,6107
99577,93470,6107
99578,93471,6107
99579,93472,6107
99580,93473,6107
99582,93475,6107
99584,93477,6107
99585,93478,6107
99586,93479,6107
99587,93480,6107
99588,93481,6107
99590,93483,6107
99591,93484,6107
99592,93485,6107
99593,93486,6107
99594,93487,6107
99595,93488,6107
99597,93490,6107
99599,93492,6107
99600,93493,6107
99601,93494,6107
99602,93495,6107
99603,93496,6107
99604,93497,6107
99606,93499,6107
99608,93501,6107
99609,93502,6107
99610,93503,6107
99611,93504,6107
99612,93505,6107
99613,93506,6107
99614,93507,6107
99615,93508,6107
99616,93509,6107
99617,93510,6107
99618,93511,6107
99620,93513,6107
99621,93514,6107
99622,93515,6107
99623,93516,6107
99625,93518,6107
99626,93519,6107
99627,93520,6107
99629,93522,6107
99630,93523,6107
99631,93524,6107
99632,93525,6107
99633,93526,6107
99634,93527,6107
99635,93528,6107
99637,93530,6107
99638,93531,6107
99639,93532,6107
99640,93533,6107
99641,93534,6107
99643,93536,6107
99644,93537,6107
99645,93538,6107
99646,93539,6107
99647,93540,6107
99648,93541,6107
99650,93543,6107
99651,93544,6107
99652,93545,6107
99653,93546,6107
99655,93548,6107
99657,93550,6107
99658,93551,6107
99659,93552,6107
99660,93553,6107
99662,93555,6107
99663,93556,6107
99665,93558,6107
99666,93559,6107
99667,93560,6107
99668,93561,6107
99669,93562,6107
99670,93563,6107
99671,93564,6107
99672,93565,6107
99674,93567,6107
99675,93568,6107
99677,93570,6107
99678,93571,6107
99680,93573,6107
99682,93575,6107
99684,93577,6107
99685,93578,6107
99687,93580,6107
99688,93581,6107
99690,93583,6107
99692,93585,6107
99693,93586,6107
99694,93587,6107
99696,93589,6107
99697,93590,6107
99699,93592,6107
99700,93593,6107
99701,93594,6107
99702,93595,6107
99704,93597,6107
99705,93598,6107
99706,93599,6107
99708,93601,6107
99709,93602,6107
99711,93604,6107
99712,93605,6107
99713,93606,6107
99714,93607,6107
99715,93608,6107
99716,93609,6107
99718,93611,6107
99719,93612,6107
99720,93613,6107
99721,93614,6107
99722,93615,6107
99723,93616,6107
99725,93618,6107
99726,93619,6107
99727,93620,6107
99729,93622,6107
99730,93623,6107
99731,93624,6107
99732,93625,6107
99733,93626,6107
99734,93627,6107
99735,93628,6107
99736,93629,6107
99738,93630,6108
99740,93632,6108
99741,93633,6108
99742,93634,6108
99743,93635,6108
99745,93637,6108
99746,93638,6108
99747,93638,6109
99748,93639,6109
99749,93640,6109
99751,93642,6109
99752,93643,6109
99753,93644,6109
99754,93645,6109
99755,93646,6109
99757,93648,6109
99758,93649,6109
99760,93651,6109
99761,93652,6109
99763,93654,6109
99764,93655,6109
99765,93656,6109
99766,93656,6110
99767,93657,6110
99768,93658,6110
99770,93660,6110
99771,93661,6110
99772,93662,6110
99773,93663,6110
99774,93664,6110
99776,93666,6110
99777,93667,6110
99778,93668,6110
99780,93670,6110
99781,93671,6110
99782,93671,6111
99783,93672,6111
99784,93673,6111
99786,93675,6111
99787,93676,6111
99789,93678,6111
99790,93679,6111
99792,93681,6111
99793,93682,6111
99794,93683,6111
99796,93685,6111
99797,93686,6111
99798,93687,6111
99799,93688,6111
99801,93690,6111
99802,93691,6111
99803,93692,6111
99804,93693,6111
99806,93695,6111
99807,93696,6111
99808,93697,6111
99809,93698,6111
99811,93700,6111
99812,93701,6111
99813,93702,6111
99814,93703,6111
99816,93705,6111
99818,93707,6111
99819,93708,6111
99821,93710,6111
99822,93711,6111
99823,93712,6111
99824,93713,6111
99825,93714,6111
99827,93716,6111
99828,93717,6111
99829,93718,6111
99830,93719,6111
99831,93720,6111
99832,93721,6111
99833,93722,6111
99835,93724,6111
99836,93725,6111
99837,93726,6111
99838,93727,6111
99839,93728,6111
99841,93730,6111
99843,93732,6111
99844,93733,6111
99846,93735,6111
99847,93736,6111
99849,93738,6111
99851,93740,6111
99852,93741,6111
99853,93742,6111
99854,93743,6111
99855,93744,6111
99857,93746,6111
99858,93747,6111
99860,93749,6111
99861,93750,6111
99862,93751,6111
99864,93753,6111
99865,93754,6111
99867,93756,6111
99868,93757,6111
99870,93759,6111
99871,93760,6111
99873,93762,6111
99874,93763,6111
99876,93765,6111
99877,93766,6111
99878,93767,6111
99879,93768,6111
99880,93769,6111
99882,93771,6111
99883,93771,6112
99884,93772,6112
99886,93774,6112
99887,93775,6112
99889,93777,6112
99891,93779,6112
99893,93781,6112
99894,93782,6112
99896,93784,6112
99897,93785,6112
99899,93787,6112
99900,93788,6112
99901,93789,6112
99903,93791,6112
99904,93792,6112
99905,93793,6112
99906,93794,6112
99907,93795,6112
99909,93797,6112
99910,93798,6112
99911,93799,6112
99912,93800,6112
99913,93801,6112
99914,93802,6112
99915,93803,6112
99916,93804,6112
99917,93805,6112
99919,93807,6112
99920,93808,6112
99921,93809,6112
99922,93810,6112
99923,93811,6112
99924,93812,6112
99925,93813,6112
99926,93814,6112
99927,93815,6112
99929,93817,6112
99930,93818,6112
99932,93819,6113
99933,93820,6113
99934,93821,6113
99935,93822,6113
99936,93823,6113
99937,93824,6113
99938,93825,6113
99940,93827,6113
99941,93828,6113
99942,93829,6113
99943,93830,6113
99944,93831,6113
99945,93832,6113
99946,93833,6113
99947,93834,6113
99948,93835,6113
99950,93837,6113
99951,93838,6113
99952,93839,6113
99953,93840,6113
99954,93841,6113
99955,93842,6113
99956,93843,6113
99957,93844,6113
99958,93845,6113
99960,93847,6113
99961,93848,6113
99962,93849,6113
99963,93850,6113
99964,93851,6113
99965,93852,6113
99966,93853,6113
99967,93854,6113
99968,93855,6113
99970,93857,6113
99971,93858,6113
99972,93859,6113
99973,93860,6113
99974,93861,6113
99975,93862,6113
99976,93863,6113
99977,93864,6113
99978,93865,6113
99980,93867,6113
99981,93868,6113
99982,93869,6113
99983,93870,6113
99984,93871,6113
99985,93872,6113
99986,93873,6113
99987,93874,6113
99988,93875,6113
99990,93877,6113
99991,93878,6113
99992,93879,6113
99993,93880,6113
99994,93881,6113
99995,93882,6113
99996,93883,6113
99997,93884,6113
99998,93885,6113
100000,93887,6113
100001,93888,6113
100002,93889,6113
100003,93890,6113
100004,93891,6113
100005,93892,6113
100006,93893,6113
100007,93894,6113
100008,93895,6113
100010,93897,6113
100011,93898,6113
100012,93899,6113
100013,93900,6113
100014,93901,6113
100015,93902,6113
100017,93904,6113
100019,93906,6113
100020,93907,6113
100021,93908,6113
100023,93910,6113
100025,93912,6113
100026,93913,6113
100027,93914,6113
100029,93916,6113
100030,93917,6113
100031,93918,6113
100032,93919,6113
100034,93921,6113
100035,93922,6113
100036,93923,6113
100037,93924,6113
100039,93926,6113
100041,93928,6113
100042,93929,6113
100043,93930,6113
100045,93932,6113
100047,93934,6113
100048,93935,6113
100049,93936,6113
100051,93938,6113
100053,93940,6113
100054,93941,6113
100056,93943,6113
100058,93945,6113
100059,93946,6113
100061,93948,6113
100063,93950,6113
100065,93952,6113
100066,93953,6113
100067,93954,6113
100069,93956,6113
100071,93958,6113
100072,93959,6113
100074,93961,6113
100076,93963,6113
100077,93964,6113
100078,93965,6113
100080,93967,6113
100081,93968,6113
100083,93970,6113
100084,93971,6113
100085,93972,6113
100087,93974,6113
100089,93976,6113
100090,93977,6113
100092,93979,6113
100093,93980,6113
100095,93982,6113
100096,93983,6113
100098,93985,6113
100100,93987,6113
100102,93989,6113
100103,93990,6113
100105,93992,6113
100106,93993,6113
100108,93995,6113
100109,93996,6113
100111,93998,6113
100112,93999,6113
100113,94000,6113
100114,94001,6113
100115,94002,6113
100116,94003,6113
100117,94004,6113
100118,94005,6113
100119,94006,6113
100120,94007,6113
100121,94008,6113
100122,94009,6113
100123,94010,6113
100124,94011,6113
100125,94012,6113
100127,94014,6113
100128,94015,6113
100129,94016,6113
100130,94017,6113
100132,94019,6113
100133,94020,6113
100134,94021,6113
100136,94023,6113
100138,94025,6113
100139,94026,6113
100141,94028,6113
100143,94030,6113
100145,94032,6113
100146,94033,6113
100147,94034,6113
100148,94035,6113
100149,94036,6113
100150,94037,6113
100152,94039,6113
100153,94040,6113
100155,94042,6113
100157,94044,6113
100159,94046,6113
100160,94047,6113
100162,94049,6113
100163,94050,6113
100165,94052,6113
100166,94053,6113
100167,94054,6113
100168,94055,6113
100170,94057,6113
100172,94059,6113
100173,94060,6113
100174,94061,6113
100175,94062,6113
100177,94064,6113
100179,94066,6113
100180,94067,6113
100182,94069,6113
100183,94070,6113
100184,94071,6113
100185,94072,6113
100187,94074,6113
100188,94075,6113
100189,94076,6113
100190,94077,6113
100191,94078,6113
100193,94080,6113
100194,94081,6113
100195,94082,6113
100196,94083,6113
100198,94085,6113
100199,94086,6113
100200,94087,6113
100201,94088,6113
100202,94089,6113
100204,94091,6113
100206,94093,6113
100207,94094,6113
100209,94096,6113
100210,94097,6113
100211,94098,6113
100212,94099,6113
100213,94100,6113
100215,94102,6113
100217,94104,6113
100218,94105,6113
100219,94106,6113
100220,94107,6113
100221,94108,6113
100223,94110,6113
100225,94112,6113
100226,94113,6113
100227,94114,6113
100228,94115,6113
100230,94117,6113
100232,94119,6113
100233,94120,6113
100234,94121,6113
100235,94122,6113
100237,94124,6113
100238,94125,6113
100240,94127,6113
100242,94129,6113
100244,94131,6113
100245,94132,6113
100246,94133,6113
100247,94134,6113
100249,94136,6113
100250,94137,6113
100251,94138,6113
100252,94139,6113
100253,94140,6113
100254,94141,6113
100256,94143,6113
100257,94144,6113
100259,94146,6113
100261,94148,6113
100262,94149,6113
100263,94150,6113
100264,94151,6113
100266,94153,6113
100268,94155,6113
100269,94156,6113
100270,94157,6113
100271,94158,6113
100272,94159,6113
100273,94160,6113
100274,94161,6113
100275,94162,6113
100276,94163,6113
100277,94164,6113
100278,94165,6113
100280,94167,6113
100281,94168,6113
100283,94170,6113
100284,94171,6113
100285,94172,6113
100286,94173,6113
100287,94174,6113
100289,94176,6113
100290,94177,6113
100291,94178,6113
100292,94179,6113
100294,94181,6113
100296,94183,6113
100297,94184,6113
100298,94185,6113
100299,94186,6113
100300,94187,6113
100302,94189,6113
100303,94190,6113
100305,94192,6113
100306,94193,6113
100307,94194,6113
100308,94195,6113
100309,94196,6113
100311,94198,6113
100313,94200,6113
100315,94202,6113
100316,94203,6113
100317,94204,6113
100318,94205,6113
100320,94207,6113
100322,94209,6113
100324,94211,6113
100325,94212,6113
100326,94213,6113
100328,94215,6113
100330,94217,6113
100331,94218,6113
100332,94219,6113
100333,94220,6113
100335,94222,6113
100336,94223,6113
100337,94224,6113
100339,94226,6113
100340,94227,6113
100341,94228,6113
100342,94229,6113
100343,94230,6113
100345,94232,6113
100346,94233,6113
100347,94234,6113
100348,94235,6113
100349,94236,6113
100350,94237,6113
100352,94239,6113
100353,94240,6113
100355,94242,6113
100356,94243,6113
100358,94245,6113
100359,94246,6113
100360,94247,6113
100361,94248,6113
100362,94249,6113
100364,94250,6114
100366,94252,6114
100367,94253,6114
100368,94254,6114
100370,94256,6114
100372,94258,6114
100373,94259,6114
100374,94260,6114
100375,94261,6114
100376,94262,6114
100378,94264,6114
100380,94266,6114
100381,94267,6114
100383,94269,6114
100384,94270,6114
100385,94271,6114
100387,94273,6114
100388,94274,6114
100390,94276,6114
100391,94277,6114
100393,94279,6114
100395,94281,6114
100397,94283,6114
100398,94284,6114
100399,94285,6114
100401,94287,6114
100403,94288,6115
100404,94289,6115
100405,94290,6115
100406,94291,6115
100407,94292,6115
100408,94293,6115
100409,94294,6115
100410,94295,6115
100412,94297,6115
100413,94298,6115
100414,94299,6115
100415,94300,6115
100416,94301,6115
100417,94302,6115
100418,94303,6115
100419,94304,6115
100420,94305,6115
100421,94306,6115
100422,94307,6115
100423,94308,6115
100425,94310,6115
100426,94311,6115
100427,94312,6115
100429,94314,6115
100431,94316,6115
100433,94318,6115
100434,94319,6115
100435,94320,6115
100436,94321,6115
100438,94322,6116
100439,94323,6116
100440,94324,6116
100441,94325,6116
100443,94327,6116
100445,94329,6116
100446,94330,6116
100447,94331,6116
100448,94332,6116
100450,94334,6116
100452,94336,6116
100453,94337,6116
100454,94338,6116
100455,94339,6116
100456,94340,6116
100457,94341,6116
100458,94342,6116
100459,94343,6116
100460,94344,6116
100462,94346,6116
100463,94347,6116
100465,94349,6116
100466,94350,6116
100468,94352,6116
100469,94353,6116
100470,94354,6116
100471,94355,6116
100472,94356,6116
100474,94358,6116
100475,94359,6116
100476,94360,6116
100477,94361,6116
100479,94363,6116
100481,94365,6116
100482,94366,6116
100483,94367,6116
100484,94368,6116
100485,94369,6116
100487,94371,6116
100488,94372,6116
100490,94374,6116
100491,94375,6116
100492,94376,6116
100494,94378,6116
100495,94379,6116
100497,94381,6116
100499,94383,6116
100501,94385,6116
100502,94386,6116
100504,94388,6116
100505,94389,6116
100507,94391,6116
100509,94393,6116
100511,94395,6116
100512,94396,6116
100513,94397,6116
100515,94399,6116
100517,94401,6116
100518,94402,6116
100519,94403,6116
100520,94404,6116
100522,94406,6116
100523,94407,6116
100524,94408,6116
100526,94410,6116
100527,94411,6116
100528,94412,6116
100529,94413,6116
100530,94414,6116
100532,94416,6116
100533,94417,6116
100534,94418,6116
100535,94419,6116
100536,94420,6116
100537,94421,6116
100539,94423,6116
100540,94424,6116
100542,94426,6116
100543,94427,6116
100545,94429,6116
100546,94430,6116
100547,94431,6116
100548,94432,6116
100549,94433,6116
100550,94433,6117
100552,94435,6117
100553,94436,6117
100554,94437,6117
100556,94439,6117
100558,94441,6117
100559,94442,6117
100560,94443,6117
100561,94444,6117
100562,94445,6117
100564,94447,6117
100566,94449,6117
100567,94450,6117
100569,94452,6117
100570,94453,6117
100571,94454,6117
100573,94456,6117
100574,94457,6117
100576,94459,6117
100577,94460,6117
100579,94462,6117
100581,94464,6117
100583,94466,6117
100584,94467,6117
100585,94468,6117
100587,94470,6117
100588,94470,6118
100589,94471,6118
100590,94472,6118
100591,94473,6118
100592,94474,6118
100593,94475,6118
100595,94477,6118
100597,94479,6118
100598,94480,6118
100599,94481,6118
100600,94482,6118
100602,94484,6118
100604,94486,6118
100606,94488,6118
100608,94490,6118
100609,94491,6118
100611,94493,6118
100612,94494,6118
100614,94496,6118
100615,94497,6118
100616,94498,6118
100617,94499,6118
100619,94501,6118
100621,94503,6118
100622,94504,6118
100623,94505,6118
100624,94506,6118
100625,94507,6118
100627,94509,6118
100629,94511,6118
100630,94512,6118
100632,94514,6118
100633,94515,6118
100634,94516,6118
100636,94518,6118
100638,94520,6118
100639,94521,6118
100640,94522,6118
100641,94523,6118
100642,94524,6118
100643,94525,6118
100644,94526,6118
100645,94527,6118
100646,94528,6118
100647,94529,6118
100648,94530,6118
100649,94531,6118
100650,94532,6118
100651,94533,6118
100653,94535,6118
100655,94537,6118
100656,94538,6118
100657,94539,6118
100659,94540,6119
100660,94541,6119
100661,94542,6119
100662,94543,6119
100663,94544,6119
100665,94546,6119
100666,94547,6119
100667,94548,6119
100669,94550,6119
100670,94551,6119
100671,94552,6119
100672,94553,6119
100673,94554,6119
100674,94555,6119
100676,94557,6119
100677,94558,6119
100678,94559,6119
100679,94560,6119
100680,94561,6119
100682,94563,6119
100683,94564,6119
100685,94566,6119
100686,94567,6119
100687,94568,6119
100688,94569,6119
100689,94570,6119
100691,94572,6119
100692,94573,6119
100693,94574,6119
100694,94575,6119
100695,94576,6119
100696,94577,6119
100698,94579,6119
100699,94580,6119
100700,94581,6119
100701,94582,6119
100703,94584,6119
100704,94585,6119
100705,94586,6119
100706,94587,6119
100707,94588,6119
100708,94589,6119
100709,94590,6119
100710,94591,6119
100711,94592,6119
100713,94594,6119
100714,94595,6119
100715,94596,6119
100716,94597,6119
100717,94598,6119
100718,94599,6119
100719,94600,6119
100721,94602,6119
100722,94603,6119
100723,94604,6119
100724,94605,6119
100726,94607,6119
100727,94608,6119
100729,94610,6119
100731,94612,6119
100732,94613,6119
100733,94614,6119
100734,94615,6119
100735,94616,6119
100737,94618,6119
100738,94619,6119
100739,94620,6119
100740,94621,6119
100742,94623,6119
100743,94624,6119
100744,94625,6119
100745,94626,6119
100746,94627,6119
100747,94628,6119
100748,94629,6119
100749,94630,6119
100750,94631,6119
100751,94632,6119
100752,94633,6119
100753,94634,6119
100755,94636,6119
100756,94637,6119
100758,94639,6119
100759,94640,6119
100760,94641,6119
100761,94642,6119
100762,94643,6119
100763,94644,6119
100764,94645,6119
100765,94646,6119
100766,94647,6119
100767,94648,6119
100768,94649,6119
100769,94650,6119
100771,94652,6119
100772,94653,6119
100774,94655,6119
100775,94656,6119
100776,94657,6119
100777,94658,6119
100778,94659,6119
100780,94661,6119
100781,94662,6119
100782,94663,6119
100784,94665,6119
100786,94667,6119
100788,94669,6119
100789,94670,6119
100790,94671,6119
100791,94672,6119
100793,94674,6119
100795,94676,6119
100796,94677,6119
100797,94678,6119
100798,94679,6119
100799,94680,6119
100801,94682,6119
100802,94683,6119
100803,94684,6119
100804,94685,6119
100805,94686,6119
100806,94687,6119
100808,94689,6119
100810,94691,6119
100811,94692,6119
100812,94693,6119
100813,94694,6119
100814,94695,6119
100815,94696,6119
100817,94698,6119
100819,94700,6119
100820,94701,6119
100821,94702,6119
100822,94703,6119
100823,94704,6119
100824,94705,6119
100825,94706,6119
100826,94707,6119
100827,94708,6119
100828,94709,6119
100829,94710,6119
100831,94712,6119
100832,94713,6119
100833,94714,6119
100834,94715,6119
100836,94717,6119
100837,94718,6119
100838,94719,6119
100840,94721,6119
100841,94722,6119
100842,94723,6119
100843,94724,6119
100844,94725,6119
100845,94726,6119
100846,94727,6119
100848,94729,6119
100849,94730,6119
100850,94731,6119
100851,94732,6119
100852,94733,6119
100854,94735,6119
100855,94736,6119
100856,94737,6119
100857,94738,6119
100858,94739,6119
100859,94740,6119
100861,94742,6119
100862,94743,6119
100863,94744,6119
100864,94745,6119
100866,94747,6119
100868,94749,6119
100869,94750,6119
100870,94751,6119
100871,94752,6119
100873,94754,6119
100874,94755,6119
100876,94757,6119
100877,94758,6119
100878,94759,6119
100879,94760,6119
100880,94761,6119
100881,94762,6119
100882,94763,6119
100883,94764,6119
100885,94766,6119
100886,94767,6119
100888,94769,6119
100889,94770,6119
100891,94772,6119
100893,94774,6119
100895,94776,6119
100896,94777,6119
100898,94779,6119
100899,94780,6119
100901,94782,6119
100903,94784,6119
100904,94785,6119
100905,94786,6119
100907,94788,6119
100908,94789,6119
100910,94791,6119
100911,94792,6119
100912,94793,6119
100913,94794,6119
100915,94796,6119
100916,94797,6119
100917,94798,6119
100919,94800,6119
100920,94801,6119
100922,94803,6119
100923,94804,6119
100924,94805,6119
100925,94806,6119
100926,94807,6119
100927,94808,6119
100929,94810,6119
100931,94812,6119
100932,94813,6119
100933,94814,6119
100934,94815,6119
100935,94816,6119
100937,94818,6119
100938,94819,6119
100939,94820,6119
100941,94822,6119
100942,94823,6119
100943,94824,6119
100944,94825,6119
100945,94826,6119
100946,94827,6119
100948,94828,6120
100949,94829,6120
100950,94830,6120
100952,94832,6120
100953,94833,6120
100954,94834,6120
100955,94835,6120
100957,94837,6120
100958,94838,6120
100960,94839,6121
100961,94840,6121
100962,94841,6121
100964,94843,6121
100965,94844,6121
100966,94845,6121
100967,94846,6121
100968,94847,6121
100970,94849,6121
100971,94850,6121
100972,94851,6121
100973,94852,6121
100975,94854,6121
100976,94855,6121
100977,94856,6121
100978,94856,6122
100979,94857,6122
100980,94858,6122
100982,94860,6122
100983,94861,6122
100984,94862,6122
100985,94863,6122
100986,94864,6122
100988,94866,6122
100989,94867,6122
100990,94868,6122
100992,94870,6122
100993,94871,6122
100994,94871,6123
100995,94872,6123
100996,94873,6123
100998,94875,6123
100999,94876,6123
101001,94878,6123
101002,94879,6123
101004,94881,6123
101005,94882,6123
101006,94883,6123
101008,94885,6123
101009,94886,6123
101010,94887,6123
101011,94888,6123
101013,94890,6123
101014,94891,6123
101015,94892,6123
101016,94893,6123
101018,94895,6123
101019,94896,6123
101020,94897,6123
101021,94898,6123
101023,94900,6123
101024,94901,6123
101025,94902,6123
101026,94903,6123
101028,94905,6123
101030,94907,6123
101031,94908,6123
101033,94910,6123
101034,94911,6123
101035,94912,6123
101036,94913,6123
101037,94914,6123
101039,94916,6123
101040,94917,6123
101041,94918,6123
101042,94919,6123
101043,94920,6123
101044,94921,6123
101045,94922,6123
101047,94924,6123
101048,94925,6123
101049,94926,6123
101050,94927,6123
101051,94928,6123
101053,94930,6123
101055,94932,6123
101056,94933,6123
101058,94935,6123
101059,94936,6123
101061,94938,6123
101063,94940,6123
101064,94941,6123
101065,94942,6123
101066,94943,6123
101067,94944,6123
101069,94946,6123
101070,94947,6123
101072,94949,6123
101073,94950,6123
101074,94951,6123
101076,94953,6123
101077,94954,6123
101079,94956,6123
101080,94957,6123
101082,94959,6123
101083,94960,6123
101085,94962,6123
101086,94963,6123
101088,94965,6123
101089,94966,6123
101090,94967,6123
101091,94968,6123
101092,94969,6123
101094,94971,6123
101095,94971,6124
101096,94972,6124
101098,94974,6124
101099,94975,6124
101101,94977,6124
101103,94979,6124
101105,94981,6124
101106,94982,6124
101108,94984,6124
101109,94985,6124
101111,94987,6124
101112,94988,6124
101113,94989,6124
101115,94991,6124
101116,94992,6124
101117,94993,6124
101118,94994,6124
101119,94995,6124
101121,94997,6124
101122,94998,6124
101123,94999,6124
101124,95000,6124
101125,95001,6124
101126,95002,6124
101127,95003,6124
101128,95004,6124
101129,95005,6124
101131,95007,6124
101132,95008,6124
101133,95009,6124
101134,95010,6124
101135,95011,6124
101136,95012,6124
101137,95013,6124
101138,95014,6124
101139,95015,6124
101141,95017,6124
101142,95018,6124
101143,95019,6124
101144,95020,6124
101145,95021,6124
101146,95022,6124
101147,95023,6124
101148,95024,6124
101149,95025,6124
101151,95027,6124
101152,95028,6124
101153,95029,6124
101154,95030,6124
101155,95031,6124
101156,95032,6124
101157,95033,6124
101158,95034,6124
101159,95035,6124
101161,95037,6124
101162,95038,6124
101163,95039,6124
101164,95040,6124
101165,95041,6124
101166,95042,6124
101167,95043,6124
101168,95044,6124
101169,95045,6124
101171,95047,6124
101172,95048,6124
101173,95049,6124
101174,95050,6124
101175,95051,6124
101176,95052,6124
101177,95053,6124
101178,95054,6124
101179,95055,6124
101181,95057,6124
101182,95058,6124
101183,95059,6124
101184,95060,6124
101185,95061,6124
101186,95062,6124
101187,95063,6124
101188,95064,6124
101189,95065,6124
101191,95067,6124
101192,95068,6124
101193,95069,6124
101194,95070,6124
101195,95071,6124
101196,95072,6124
101198,95074,6124
101200,95076,6124
101201,95077,6124
101202,95078,6124
101204,95080,6124
101206,95082,6124
101207,95083,6124
101208,95084,6124
101210,95086,6124
101211,95087,6124
101212,95088,6124
101213,95089,6124
101215,95091,6124
101216,95092,6124
101217,95093,6124
101218,95094,6124
101220,95096,6124
101222,95098,6124
101223,95099,6124
101224,95100,6124
101226,95102,6124
101228,95104,6124
101229,95105,6124
101230,95106,6124
101232,95108,6124
101234,95110,6124
101235,95111,6124
101237,95113,6124
101239,95115,6124
101240,95116,6124
101242,95118,6124
101244,95120,6124
101246,95122,6124
101247,95123,6124
101248,95124,6124
101250,95126,6124
101252,95128,6124
101253,95129,6124
101255,95131,6124
101257,95133,6124
101258,95134,6124
101259,95135,6124
101261,95137,6124
101262,95138,6124
101264,95140,6124
101265,95141,6124
101266,95142,6124
101268,95144,6124
101270,95146,6124
101271,95147,6124
101273,95149,6124
101274,95150,6124
101276,95152,6124
101277,95153,6124
101279,95155,6124
101281,95157,6124
101283,95159,6124
101284,95160,6124
101286,95162,6124
101287,95163,6124
101289,95165,6124
101290,95166,6124
101292,95168,6124
101293,95169,6124
101294,95170,6124
101295,95171,6124
101296,95172,6124
101297,95173,6124
101298,95174,6124
101299,95175,6124
101300,95176,6124
101301,95177,6124
101302,95178,6124
101303,95179,6124
101304,95180,6124
101305,95181,6124
101306,95182,6124
101308,95184,6124
101309,95185,6124
101310,95186,6124
101311,95187,6124
101313,95189,6124
101314,95190,6124
101315,95191,6124
101317,95193,6124
101319,95195,6124
101320,95196,6124
101322,95198,6124
101324,95200,6124
101326,95202,6124
101327,95203,6124
101328,95204,6124
101329,95205,6124
101330,95206,6124
101331,95207,6124
101333,95209,6124
101334,95210,6124
101336,95212,6124
101338,95214,6124
101340,95216,6124
101341,95217,6124
101343,95219,6124
101344,95220,6124
101346,95222,6124
101347,95223,6124
101348,95224,6124
101349,95225,6124
101351,95227,6124
101353,95229,6124
101354,95230,6124
101355,95231,6124
101356,95232,6124
101358,95234,6124
101360,95236,6124
101361,95237,6124
101363,95239,6124
101364,95240,6124
101365,95241,6124
101366,95242,6124
101368,95244,6124
101369,95245,6124
101370,95246,6124
101371,95247,6124
101372,95248,6124
101374,95250,6124
101375,95251,6124
101376,95252,6124
101377,95253,6124
101379,95255,6124
101380,95256,6124
101381,95257,6124
101382,95258,6124
101383,95259,6124
101385,95261,6124
101387,95263,6124
101388,95264,6124
101390,95266,6124
101391,95267,6124
101392,95268,6124
101393,95269,6124
101394,95270,6124
101396,95272,6124
101398,95274,6124
101399,95275,6124
101400,95276,6124
101401,95277,6124
101402,95278,6124
101404,95280,6124
101406,95282,6124
101407,95283,6124
101408,95284,6124
101409,95285,6124
101411,95287,6124
101413,95289,6124
101414,95290,6124
101415,95291,6124
101416,95292,6124
101418,95294,6124
101419,95295,6124
101421,95297,6124
101423,95299,6124
101425,95301,6124
101426,95302,6124
101427,95303,6124
101428,95304,6124
101430,95306,6124
101431,95307,6124
101432,95308,6124
101433,95309,6124
101434,95310,6124
101435,95311,6124
101437,95313,6124
101438,95314,6124
101440,95316,6124
101442,95318,6124
101443,95319,6124
101444,95320,6124
101445,95321,6124
101447,95323,6124
101449,95325,6124
101450,95326,6124
101451,95327,6124
101452,95328,6124
101453,95329,6124
101454,95330,6124
101455,95331,6124
101456,95332,6124
101457,95333,6124
101458,95334,6124
101459,95335,6124
101461,95337,6124
101462,95338,6124
101464,95340,6124
101465,95341,6124
101466,95342,6124
101467,95343,6124
101468,95344,6124
101470,95346,6124
101471,95347,6124
101472,95348,6124
101473,95349,6124
101475,95351,6124
101477,95353,6124
101478,95354,6124
101479,95355,6124
101480,95356,6124
101481,95357,6124
101483,95359,6124
101484,95360,6124
101486,95362,6124
101487,95363,6124
101488,95364,6124
101489,95365,6124
101490,95366,6124
101492,95368,6124
101494,95370,6124
101496,95372,6124
101497,95373,6124
101498,95374,6124
101499,95375,6124
101501,95377,6124
101503,95379,6124
101505,95381,6124
101506,95382,6124
101507,95383,6124
101509,95385,6124
101511,95387,6124
101512,95388,6124
101513,95389,6124
101514,95390,6124
101516,95392,6124
101517,95393,6124
101518,95394,6124
101520,95396,6124
101521,95397,6124
101522,95398,6124
101523,95399,6124
101524,95400,6124
101526,95402,6124
101527,95403,6124
101528,95404,6124
101529,95405,6124
101530,95406,6124
101531,95407,6124
101533,95409,6124
101534,95410,6124
101536,95412,6124
101538,95414,6124
101539,95415,6124
101540,95416,6124
101541,95417,6124
101543,95419,6124
101545,95421,6124
101546,95422,6124
101547,95423,6124
101548,95424,6124
101549,95425,6124
101550,95426,6124
101551,95427,6124
101552,95428,6124
101553,95429,6124
101555,95431,6124
101556,95432,6124
101558,95434,6124
101559,95435,6124
101561,95437,6124
101562,95438,6124
101563,95439,6124
101564,95440,6124
101565,95441,6124
101567,95443,6124
101568,95444,6124
101569,95445,6124
101570,95446,6124
101572,95448,6124
101574,95450,6124
101575,95451,6124
101576,95452,6124
101577,95453,6124
101578,95454,6124
101580,95456,6124
101581,95457,6124
101583,95459,6124
101584,95460,6124
101585,95461,6124
101587,95463,6124
101588,95464,6124
101590,95466,6124
101592,95468,6124
101594,95470,6124
101595,95471,6124
101597,95473,6124
101598,95474,6124
101600,95476,6124
101602,95478,6124
101604,95480,6124
101605,95481,6124
101606,95482,6124
101608,95484,6124
101610,95486,6124
101611,95487,6124
101612,95488,6124
101613,95489,6124
101615,95491,6124
101616,95492,6124
101618,95493,6125
101620,95495,6125
101621,95496,6125
101622,95497,6125
101623,95498,6125
101624,95499,6125
101626,95501,6125
101627,95502,6125
101628,95503,6125
101629,95504,6125
101630,95505,6125
101631,95506,6125
101633,95508,6125
101634,95509,6125
101636,95511,6125
101637,95512,6125
101639,95514,6125
101640,95515,6125
101641,95516,6125
101642,95517,6125
101643,95518,6125
101644,95518,6126
101646,95520,6126
101647,95521,6126
101648,95522,6126
101650,95524,6126
101652,95526,6126
101653,95527,6126
101654,95528,6126
101655,95529,6126
101656,95530,6126
101658,95532,6126
101660,95534,6126
101661,95535,6126
101663,95537,6126
101664,95538,6126
101665,95539,6126
101667,95541,6126
101668,95542,6126
101670,95544,6126
101671,95545,6126
101673,95547,6126
101675,95549,6126
101677,95551,6126
101678,95552,6126
101679,95553,6126
101681,95555,6126
101683,95555,6128
101684,95556,6128
101685,95557,6128
101686,95558,6128
101687,95559,6128
101688,95560,6128
101689,95561,6128
101690,95562,6128
101692,95564,6128
101693,95565,6128
101694,95566,6128
101695,95567,6128
101696,95568,6128
101697,95569,6128
101698,95570,6128
101700,95572,6128
101702,95574,6128
101703,95575,6128
101704,95576,6128
101705,95577,6128
101707,95579,6128
101709,95581,6128
101711,95583,6128
101713,95585,6128
101714,95586,6128
101716,95588,6128
101717,95589,6128
101719,95591,6128
101720,95592,6128
101721,95593,6128
101722,95594,6128
101724,95596,6128
101726,95598,6128
101727,95599,6128
101728,95600,6128
101729,95601,6128
101730,95602,6128
101732,95604,6128
101734,95606,6128
101735,95607,6128
101737,95609,6128
101738,95610,6128
101739,95611,6128
101741,95613,6128
101743,95615,6128
101744,95616,6128
101745,95617,6128
101746,95618,6128
101747,95619,6128
101748,95620,6128
101749,95621,6128
101750,95622,6128
101751,95623,6128
101752,95624,6128
101753,95625,6128
101754,95626,6128
101755,95627,6128
101756,95628,6128
101758,95630,6128
101760,95632,6128
101761,95633,6128
101762,95634,6128
101763,95634,6129
101764,95635,6129
101765,95636,6129
101766,95637,6129
101768,95639,6129
101770,95641,6129
101771,95642,6129
101772,95643,6129
101774,95645,6129
101775,95646,6129
101776,95647,6129
101777,95648,6129
101778,95649,6129
101779,95650,6129
101781,95652,6129
101782,95653,6129
101783,95654,6129
101784,95655,6129
101785,95656,6129
101787,95658,6129
101788,95659,6129
101790,95661,6129
101791,95662,6129
101792,95663,6129
101793,95664,6129
101794,95665,6129
101796,95667,6129
101797,95668,6129
101798,95669,6129
101799,95670,6129
101800,95671,6129
101801,95672,6129
101803,95674,6129
101804,95675,6129
101805,95676,6129
101806,95677,6129
101808,95679,6129
101809,95680,6129
101810,95681,6129
101811,95682,6129
101812,95683,6129
101813,95684,6129
101814,95685,6129
101815,95686,6129
101816,95687,6129
101818,95689,6129
101819,95690,6129
101820,95691,6129
101821,95692,6129
101822,95693,6129
101823,95694,6129
101824,95695,6129
101826,95697,6129
101827,95698,6129
101828,95699,6129
101829,95700,6129
101831,95702,6129
101832,95703,6129
101834,95705,6129
101836,95707,6129
101837,95708,6129
101838,95709,6129
101839,95710,6129
101840,95711,6129
101842,95713,6129
101843,95714,6129
101844,95715,6129
101845,95716,6129
101847,95718,6129
101848,95719,6129
101849,95720,6129
101850,95721,6129
101851,95722,6129
101852,95723,6129
101853,95724,6129
101854,95725,6129
101855,95726,6129
101856,95727,6129
101857,95728,6129
101858,95729,6129
101860,95731,6129
101861,95732,6129
101863,95734,6129
101864,95735,6129
101865,95736,6129
101866,95737,6129
101867,95738,6129
101868,95739,6129
101869,95740,6129
101870,95741,6129
101871,95742,6129
101872,95743,6129
101873,95744,6129
101874,95745,6129
101876,95747,6129
101877,95748,6129
101879,95750,6129
101880,95751,6129
101881,95752,6129
101882,95753,6129
101883,95754,6129
101885,95756,6129
101886,95757,6129
101887,95758,6129
101889,95760,6129
101891,95762,6129
101893,95764,6129
101894,95765,6129
101895,95766,6129
101896,95767,6129
101898,95769,6129
101900,95771,6129
101901,95772,6129
101902,95773,6129
101903,95774,6129
101904,95775,6129
101906,95777,6129
101907,95778,6129
101908,95779,6129
101909,95780,6129
101910,95781,6129
101911,95782,6129
101913,95784,6129
101915,95786,6129
101916,95787,6129
101917,95788,6129
101918,95789,6129
101919,95790,6129
101920,95791,6129
101922,95793,6129
101924,95795,6129
101925,95796,6129
101926,95797,6129
101927,95798,6129
101928,95799,6129
101929,95800,6129
101930,95801,6129
101931,95802,6129
101932,95803,6129
101933,95804,6129
101934,95805,6129
101936,95807,6129
101937,95808,6129
101938,95809,6129
101939,95810,6129
101941,95812,6129
101942,95813,6129
101943,95814,6129
101945,95816,6129
101946,95817,6129
101947,95818,6129
101948,95819,6129
101949,95820,6129
101950,95821,6129
101951,95822,6129
101953,95824,6129
101954,95825,6129
101955,95826,6129
101956,95827,6129
101957,95828,6129
101959,95830,6129
101960,95831,6129
101961,95832,6129
101962,95833,6129
101963,95834,6129
101964,95835,6129
101966,95837,6129
101967,95838,6129
101968,95839,6129
101969,95840,6129
101971,95842,6129
101973,95844,6129
101974,95845,6129
101975,95846,6129
101976,95847,6129
101978,95849,6129
101979,95850,6129
101981,95852,6129
101982,95853,6129
101983,95854,6129
101984,95855,6129
101985,95856,6129
101986,95857,6129
101987,95858,6129
101988,95859,6129
101990,95861,6129
101991,95862,6129
101993,95864,6129
101994,95865,6129
101996,95867,6129
101998,95869,6129
102000,95871,6129
102001,95872,6129
102003,95874,6129
102004,95875,6129
102006,95877,6129
102008,95879,6129
102009,95880,6129
102010,95881,6129
102012,95883,6129
102013,95884,6129
102015,95886,6129
102016,95887,6129
102017,95888,6129
102018,95889,6129
102020,95891,6129
102021,95892,6129
102022,95893,6129
102024,95895,6129
102025,95896,6129
102027,95898,6129
102028,95899,6129
102029,95900,6129
102030,95901,6129
102031,95902,6129
102032,95903,6129
102034,95905,6129
102035,95906,6129
102036,95907,6129
102037,95908,6129
102038,95909,6129
102039,95910,6129
102041,95912,6129
102042,95913,6129
102043,95914,6129
102045,95916,6129
102046,95917,6129
102047,95918,6129
102048,95919,6129
102049,95920,6129
102050,95921,6129
102051,95922,6129
102052,95923,6129
102054,95924,6130
102056,95926,6130
102057,95927,6130
102058,95928,6130
102059,95929,6130
102061,95931,6130
102062,95932,6130
102063,95932,6131
102064,95933,6131
102065,95934,6131
102067,95936,6131
102068,95937,6131
102069,95938,6131
102070,95939,6131
102071,95940,6131
102073,95942,6131
102074,95943,6131
102076,95945,6131
102077,95946,6131
102079,95948,6131
102080,95949,6131
102081,95950,6131
102083,95950,6133
102084,95951,6133
102085,95952,6133
102087,95954,6133
102088,95955,6133
102089,95956,6133
102090,95957,6133
102091,95958,6133
102093,95960,6133
102094,95961,6133
102095,95962,6133
102097,95964,6133
102098,95965,6133
102099,95965,6134
102100,95966,6134
102101,95967,6134
102103,95969,6134
102104,95970,6134
102106,95972,6134
102107,95973,6134
102109,95975,6134
102110,95976,6134
102111,95977,6134
102113,95979,6134
102114,95980,6134
102115,95981,6134
102116,95982,6134
102118,95984,6134
102119,95985,6134
102120,95986,6134
102121,95987,6134
102123,95989,6134
102124,95990,6134
102125,95991,6134
102126,95992,6134
102128,95994,6134
102129,95995,6134
102130,95996,6134
102131,95997,6134
102133,95999,6134
102135,96001,6134
102136,96002,6134
102138,96004,6134
102139,96005,6134
102140,96006,6134
102141,96007,6134
102142,96008,6134
102144,96010,6134
102145,96011,6134
102146,96012,6134
102147,96013,6134
102148,96014,6134
102149,96015,6134
102150,96016,6134
102152,96018,6134
102153,96019,6134
102154,96020,6134
102155,96021,6134
102156,96022,6134
102158,96024,6134
102160,96026,6134
102161,96027,6134
102163,96029,6134
102164,96030,6134
102166,96032,6134
102168,96034,6134
102169,96035,6134
102170,96036,6134
102171,96037,6134
102172,96038,6134
102174,96040,6134
102175,96041,6134
102177,96043,6134
102178,96044,6134
102179,96045,6134
102181,96047,6134
102182,96048,6134
102184,96050,6134
102185,96051,6134
102187,96053,6134
102188,96054,6134
102190,96056,6134
102191,96057,6134
102193,96059,6134
102194,96060,6134
102195,96061,6134
102196,96062,6134
102197,96063,6134
102199,96065,6134
102200,96065,6135
102201,96066,6135
102203,96068,6135
102204,96069,6135
102206,96071,6135
102208,96073,6135
102210,96075,6135
102211,96076,6135
102213,96078,6135
102214,96079,6135
102216,96081,6135
102217,96082,6135
102218,96083,6135
102220,96085,6135
102221,96086,6135
102222,96087,6135
102223,96088,6135
102224,96089,6135
102226,96091,6135
102227,96092,6135
102228,96093,6135
102229,96094,6135
102230,96095,6135
102231,96096,6135
102232,96097,6135
102233,96098,6135
102234,96099,6135
102236,96101,6135
102237,96102,6135
102238,96103,6135
102239,96104,6135
102240,96105,6135
102241,96106,6135
102242,96107,6135
102243,96108,6135
102244,96109,6135
102246,96111,6135
102247,96112,6135
102248,96113,6135
102249,96114,6135
102250,96115,6135
102251,96116,6135
102252,96117,6135
102253,96118,6135
102254,96119,6135
102256,96121,6135
102257,96122,6135
102258,96123,6135
102259,96124,6135
102260,96125,6135
102261,96126,6135
102262,96127,6135
102263,96128,6135
102264,96129,6135
102266,96131,6135
102267,96132,6135
102268,96133,6135
102269,96134,6135
102270,96135,6135
102271,96136,6135
102272,96137,6135
102273,96138,6135
102274,96139,6135
102276,96141,6135
102277,96142,6135
102278,96143,6135
102279,96144,6135
102280,96145,6135
102281,96146,6135
102282,96147,6135
102283,96148,6135
102284,96149,6135
102286,96151,6135
102287,96152,6135
102289,96153,6136
102290,96154,6136
102291,96155,6136
102292,96156,6136
102293,96157,6136
102294,96158,6136
102295,96159,6136
102297,96161,6136
102298,96162,6136
102299,96163,6136
102300,96164,6136
102301,96165,6136
102302,96166,6136
102303,96167,6136
102304,96168,6136
102305,96169,6136
102307,96171,6136
102308,96172,6136
102309,96173,6136
102310,96174,6136
102311,96175,6136
102312,96176,6136
102313,96177,6136
102314,96178,6136
102315,96179,6136
102317,96181,6136
102318,96182,6136
102319,96183,6136
102320,96184,6136
102321,96185,6136
102322,96186,6136
102323,96187,6136
102324,96188,6136
102325,96189,6136
102327,96191,6136
102328,96192,6136
102329,96193,6136
102330,96194,6136
102331,96195,6136
102332,96196,6136
102333,96197,6136
102334,96198,6136
102335,96199,6136
102337,96201,6136
102338,96202,6136
102339,96203,6136
102340,96204,6136
102341,96205,6136
102342,96206,6136
102343,96207,6136
102344,96208,6136
102345,96209,6136
102347,96211,6136
102348,96212,6136
102349,96213,6136
102350,96214,6136
102351,96215,6136
102352,96216,6136
102353,96217,6136
102354,96218,6136
102355,96219,6136
102357,96221,6136
102358,96222,6136
102359,96223,6136
102360,96224,6136
102361,96225,6136
102362,96226,6136
102363,96227,6136
102364,96228,6136
102365,96229,6136
102367,96231,6136
102368,96232,6136
102369,96233,6136
102370,96234,6136
102371,96235,6136
102372,96236,6136
102373,96237,6136
102374,96238,6136
102375,96239,6136
102377,96241,6136
102378,96242,6136
102379,96243,6136
102380,96244,6136
102381,96245,6136
102382,96246,6136
102383,96247,6136
102384,96248,6136
102385,96249,6136
102387,96251,6136
102388,96252,6136
102389,96253,6136
102390,96254,6136
102391,96255,6136
102392,96256,6136
102393,96257,6136
102394,96258,6136
102395,96259,6136
102397,96261,6136
102398,96262,6136
102399,96263,6136
102400,96264,6136
102401,96265,6136
102402,96266,6136
102403,96267,6136
102404,96268,6136
102405,96269,6136
102407,96271,6136
102408,96272,6136
102409,96273,6136
102410,96274,6136
102411,96275,6136
102412,96276,6136
102413,96277,6136
102414,96278,6136
102415,96279,6136
102417,96281,6136
102418,96282,6136
102419,96283,6136
102420,96284,6136
102421,96285,6136
102422,96286,6136
102424,96288,6136
102426,96290,6136
102427,96291,6136
102428,96292,6136
102430,96294,6136
102432,96296,6136
102433,96297,6136
102434,96298,6136
102436,96300,6136
102437,96301,6136
102438,96302,6136
102439,96303,6136
102441,96305,6136
102442,96306,6136
102443,96307,6136
102444,96308,6136
102446,96310,6136
102448,96312,6136
102449,96313,6136
102450,96314,6136
102452,96316,6136
102454,96318,6136
102455,96319,6136
102456,96320,6136
102458,96322,6136
102460,96324,6136
102461,96325,6136
102463,96327,6136
102465,96329,6136
102466,96330,6136
102468,96332,6136
102470,96334,6136
102472,96336,6136
102473,96337,6136
102474,96338,6136
102476,96340,6136
102478,96342,6136
102479,96343,6136
102481,96345,6136
102483,96347,6136
102484,96348,6136
102485,96349,6136
102487,96351,6136
102488,96352,6136
102490,96354,6136
102491,96355,6136
102492,96356,6136
102494,96358,6136
102496,96360,6136
102497,96361,6136
102499,96363,6136
102500,96364,6136
102502,96366,6136
102503,96367,6136
102505,96369,6136
102507,96371,6136
102509,96373,6136
102510,96374,6136
102512,96376,6136
102513,96377,6136
102515,96379,6136
102516,96380,6136
102518,96382,6136
102519,96383,6136
102520,96384,6136
102521,96385,6136
102522,96386,6136
102523,96387,6136
102524,96388,6136
102525,96389,6136
102526,96390,6136
102527,96391,6136
102528,96392,6136
102529,96393,6136
102530,96394,6136
102531,96395,6136
102532,96396,6136
102534,96398,6136
102535,96399,6136
102536,96400,6136
102537,96401,6136
102539,96403,6136
102540,96404,6136
102541,96405,6136
102543,96407,6136
102545,96409,6136
102546,96410,6136
102548,96412,6136
102550,96414,6136
102552,96416,6136
102553,96417,6136
102554,96418,6136
102555,96419,6136
102556,96420,6136
102557,96421,6136
102559,96423,6136
102560,96424,6136
102562,96426,6136
102564,96428,6136
102566,96430,6136
102567,96431,6136
102569,96433,6136
102570,96434,6136
102572,96436,6136
102573,96437,6136
102574,96438,6136
102575,96439,6136
102577,96441,6136
102579,96443,6136
102580,96444,6136
102581,96445,6136
102582,96446,6136
102584,96448,6136
102586,96450,6136
102587,96451,6136
102589,96453,6136
102590,96454,6136
102591,96455,6136
102592,96456,6136
102594,96458,6136
102595,96459,6136
102596,96460,6136
102597,96461,6136
102598,96462,6136
102600,96464,6136
102601,96465,6136
102602,96466,6136
102603,96467,6136
102605,96469,6136
102606,96470,6136
102607,96471,6136
102608,96472,6136
102609,96473,6136
102611,96475,6136
102613,96477,6136
102614,96478,6136
102616,96480,6136
102617,96481,6136
102618,96482,6136
102619,96483,6136
102620,96484,6136
102622,96486,6136
102624,96488,6136
102625,96489,6136
102626,96490,6136
102627,96491,6136
102628,96492,6136
102630,96494,6136
102632,96496,6136
102633,96497,6136
102634,96498,6136
102635,96499,6136
102637,96501,6136
102639,96503,6136
102640,96504,6136
102641,96505,6136
102642,96506,6136
102644,96508,6136
102645,96509,6136
102647,96511,6136
102649,96513,6136
102651,96515,6136
102652,96516,6136
102653,96517,6136
102654,96518,6136
102656,96520,6136
102657,96521,6136
102658,96522,6136
102659,96523,6136
102660,96524,6136
102661,96525,6136
102663,96527,6136
102664,96528,6136
102666,96530,6136
102668,96532,6136
102669,96533,6136
102670,96534,6136
102671,96535,6136
102673,96537,6136
102675,96539,6136
102676,96540,6136
102677,96541,6136
102678,96542,6136
102679,96543,6136
102680,96544,6136
102681,96545,6136
102682,96546,6136
102683,96547,6136
102684,96548,6136
102685,96549,6136
102687,96551,6136
102688,96552,6136
102690,96554,6136
102691,96555,6136
102692,96556,6136
102693,96557,6136
102694,96558,6136
102696,96560,6136
102697,96561,6136
102698,96562,6136
102699,96563,6136
102701,96565,6136
102703,96567,6136
102704,96568,6136
102705,96569,6136
102706,96570,6136
102707,96571,6136
102709,96573,6136
102710,96574,6136
102712,96576,6136
102713,96577,6136
102714,96578,6136
102715,96579,6136
102716,96580,6136
102718,96582,6136
102720,96584,6136
102722,96586,6136
102723,96587,6136
102724,96588,6136
102725,96589,6136
102727,96591,6136
102729,96593,6136
102731,96595,6136
102732,96596,6136
102733,96597,6136
102735,96599,6136
102737,96601,6136
102738,96602,6136
102739,96603,6136
102740,96604,6136
102742,96606,6136
102743,96607,6136
102744,96608,6136
102746,96610,6136
102747,96611,6136
102748,96612,6136
102749,96613,6136
102750,96614,6136
102752,96616,6136
102753,96617,6136
102754,96618,6136
102755,96619,6136
102756,96620,6136
102757,96621,6136
102759,96623,6136
102760,96624,6136
102762,96626,6136
102764,96628,6136
102765,96629,6136
102766,96630,6136
102767,96631,6136
102769,96633,6136
102771,96635,6136
102772,96636,6136
102773,96637,6136
102774,96638,6136
102775,96639,6136
102776,96640,6136
102777,96641,6136
102778,96642,6136
102779,96643,6136
102781,96645,6136
102782,96646,6136
102784,96648,6136
102785,96649,6136
102787,96651,6136
102788,96652,6136
102789,96653,6136
102790,96654,6136
102791,96655,6136
102793,96657,6136
102794,96658,6136
102795,96659,6136
102796,96660,6136
102798,96662,6136
102800,96664,6136
102801,96665,6136
102802,96666,6136
102803,96667,6136
102804,96668,6136
102806,96670,6136
102807,96671,6136
102809,96673,6136
102810,96674,6136
102811,96675,6136
102813,96677,6136
102814,96678,6136
102816,96680,6136
102818,96682,6136
102820,96684,6136
102821,96685,6136
102823,96687,6136
102824,96688,6136
102826,96690,6136
102828,96692,6136
102830,96694,6136
102831,96695,6136
102832,96696,6136
102834,96698,6136
102836,96700,6136
102837,96701,6136
102838,96702,6136
102839,96703,6136
102841,96705,6136
102842,96706,6136
102843,96706,6137
102845,96708,6137
102846,96709,6137
102847,96710,6137
102848,96711,6137
102849,96712,6137
102851,96714,6137
102852,96715,6137
102853,96716,6137
102854,96717,6137
102855,96718,6137
102856,96719,6137
102858,96721,6137
102859,96722,6137
102861,96724,6137
102862,96725,6137
102864,96727,6137
102865,96728,6137
102866,96729,6137
102867,96730,6137
102868,96731,6137
102869,96731,6138
102871,96733,6138
102872,96734,6138
102873,96735,6138
102875,96737,6138
102877,96739,6138
102878,96740,6138
102879,96741,6138
102880,96742,6138
102881,96743,6138
102883,96745,6138
102885,96747,6138
102886,96748,6138
102888,96750,6138
102889,96751,6138
102890,96752,6138
102892,96754,6138
102893,96755,6138
102895,96757,6138
102896,96758,6138
102898,96760,6138
102900,96762,6138
102902,96764,6138
102903,96765,6138
102904,96766,6138
102906,96768,6138
102907,96768,6139
102908,96769,6139
102909,96770,6139
102910,96771,6139
102911,96772,6139
102912,96773,6139
102913,96774,6139
102914,96775,6139
102916,96777,6139
102917,96778,6139
102918,96779,6139
102919,96780,6139
102920,96781,6139
102921,96782,6139
102922,96783,6139
102923,96784,6139
102924,96785,6139
102926,96787,6139
102927,96788,6139
102928,96789,6139
102929,96790,6139
102930,96791,6139
102931,96792,6139
102932,96793,6139
102934,96795,6139
102936,96797,6139
102937,96798,6139
102938,96799,6139
102939,96800,6139
102941,96802,6139
102943,96804,6139
102945,96806,6139
102947,96808,6139
102948,96809,6139
102950,96811,6139
102951,96812,6139
102953,96814,6139
102954,96815,6139
102955,96816,6139
102956,96817,6139
102958,96819,6139
102960,96821,6139
102961,96822,6139
102962,96823,6139
102963,96824,6139
102964,96825,6139
102966,96827,6139
102968,96829,6139
102969,96830,6139
102971,96832,6139
102972,96833,6139
102973,96834,6139
102975,96836,6139
102977,96838,6139
102978,96839,6139
102979,96840,6139
102980,96841,6139
102981,96842,6139
102982,96843,6139
102983,96844,6139
102984,96845,6139
102985,96846,6139
102986,96847,6139
102987,96848,6139
102988,96849,6139
102989,96850,6139
102990,96851,6139
102992,96853,6139
102994,96855,6139
102995,96856,6139
102996,96857,6139
102997,96857,6140
102998,96858,6140
102999,96859,6140
103000,96860,6140
103002,96862,6140
103004,96864,6140
103005,96865,6140
103006,96866,6140
103008,96868,6140
103009,96869,6140
103010,96870,6140
103011,96871,6140
103012,96872,6140
103013,96873,6140
103015,96875,6140
103016,96876,6140
103017,96877,6140
103018,96878,6140
103019,96879,6140
103021,96881,6140
103022,96882,6140
103024,96884,6140
103025,96885,6140
103026,96886,6140
103027,96887,6140
103028,96888,6140
103030,96890,6140
103031,96891,6140
103032,96892,6140
103034,96893,6141
103035,96894,6141
103036,96895,6141
103038,96897,6141
103039,96898,6141
103040,96899,6141
103041,96900,6141
103043,96902,6141
103044,96903,6141
103045,96904,6141
103046,96905,6141
103047,96906,6141
103048,96907,6141
103049,96908,6141
103050,96909,6141
103051,96910,6141
103053,96912,6141
103054,96913,6141
103055,96914,6141
103056,96915,6141
103057,96916,6141
103058,96917,6141
103059,96918,6141
103061,96920,6141
103062,96921,6141
103063,96922,6141
103064,96923,6141
103066,96925,6141
103067,96926,6141
103069,96928,6141
103071,96930,6141
103072,96931,6141
103073,96932,6141
103074,96933,6141
103075,96934,6141
103077,96936,6141
103078,96937,6141
103079,96938,6141
103080,96939,6141
103082,96941,6141
103083,96942,6141
103084,96943,6141
103085,96944,6141
103086,96945,6141
103087,96946,6141
103088,96947,6141
103089,96948,6141
103090,96949,6141
103091,96950,6141
103092,96951,6141
103093,96952,6141
103095,96954,6141
103096,96955,6141
103098,96957,6141
103099,96958,6141
103100,96959,6141
103101,96960,6141
103102,96961,6141
103103,96962,6141
103104,96963,6141
103105,96964,6141
103106,96965,6141
103107,96966,6141
103108,96967,6141
103109,96968,6141
103111,96970,6141
103112,96971,6141
103114,96973,6141
103115,96974,6141
103116,96975,6141
103117,96976,6141
103118,96977,6141
103120,96979,6141
103121,96980,6141
103122,96981,6141
103124,96983,6141
103126,96985,6141
103128,96987,6141
103129,96988,6141
103130,96989,6141
103131,96990,6141
103133,96992,6141
103135,96994,6141
103136,96995,6141
103137,96996,6141
103138,96997,6141
103139,96998,6141
103141,97000,6141
103142,97001,6141
103143,97002,6141
103144,97003,6141
103145,97004,6141
103146,97005,6141
103148,97007,6141
103150,97009,6141
103151,97010,6141
103152,97011,6141
103153,97012,6141
103154,97013,6141
103155,97014,6141
103157,97016,6141
103159,97018,6141
103160,97019,6141
103161,97020,6141
103162,97021,6141
103163,97022,6141
103164,97023,6141
103165,97024,6141
103166,97025,6141
103167,97026,6141
103168,97027,6141
103169,97028,6141
103171,97030,6141
103172,97031,6141
103173,97032,6141
103174,97033,6141
103176,97035,6141
103177,97036,6141
103178,97037,6141
103180,97039,6141
103181,97040,6141
103182,97041,6141
103183,97042,6141
103184,97043,6141
103185,97044,6141
103186,97045,6141
103188,97047,6141
103189,97048,6141
103190,97049,6141
103191,97050,6141
103192,97051,6141
103194,97053,6141
103195,97054,6141
103196,97055,6141
103197,97056,6141
103198,97057,6141
103199,97058,6141
103201,97060,6141
103202,97061,6141
103203,97062,6141
103204,97063,6141
103206,97065,6141
103208,97067,6141
103209,97068,6141
103210,97069,6141
103211,97070,6141
103213,97072,6141
103214,97073,6141
103216,97075,6141
103217,97076,6141
103218,97077,6141
103219,97078,6141
103220,97079,6141
103221,97080,6141
103222,97081,6141
103223,97082,6141
103225,97084,6141
103226,97085,6141
103228,97087,6141
103229,97088,6141
103231,97090,6141
103233,97092,6141
103235,97094,6141
103236,97095,6141
103238,97097,6141
103239,97098,6141
103241,97100,6141
103243,97102,6141
103244,97103,6141
103245,97104,6141
103247,97106,6141
103248,97107,6141
103250,97109,6141
103251,97110,6141
103252,97111,6141
103253,97112,6141
103255,97114,6141
103256,97115,6141
103257,97116,6141
103259,97118,6141
103260,97119,6141
103262,97121,6141
103263,97122,6141
103264,97123,6141
103265,97124,6141
103266,97125,6141
103267,97126,6141
103269,97128,6141
103270,97129,6141
103271,97130,6141
103272,97131,6141
103273,97132,6141
103274,97133,6141
103276,97135,6141
103277,97136,6141
103278,97137,6141
103280,97139,6141
103281,97140,6141
103282,97141,6141
103283,97142,6141
103284,97143,6141
103285,97144,6141
103287,97145,6142
103288,97146,6142
103289,97147,6142
103291,97149,6142
103292,97150,6142
103293,97151,6142
103294,97152,6142
103296,97154,6142
103297,97155,6142
103299,97156,6143
103300,97157,6143
103301,97158,6143
103303,97160,6143
103304,97161,6143
103305,97162,6143
103306,97163,6143
103307,97164,6143
103309,97166,6143
103310,97167,6143
103311,97168,6143
103312,97169,6143
103314,97171,6143
103315,97172,6143
103316,97173,6143
103318,97173,6145
103319,97174,6145
103320,97175,6145
103322,97177,6145
103323,97178,6145
103324,97179,6145
103325,97180,6145
103326,97181,6145
103328,97183,6145
103329,97184,6145
103330,97185,6145
103332,97187,6145
103333,97188,6145
103334,97188,6146
103335,97189,6146
103336,97190,6146
103338,97192,6146
103339,97193,6146
103341,97195,6146
103342,97196,6146
103344,97198,6146
103345,97199,6146
103346,97200,6146
103348,97202,6146
103349,97203,6146
103350,97204,6146
103351,97205,6146
103353,97207,6146
103354,97208,6146
103355,97209,6146
103356,97210,6146
103358,97212,6146
103359,97213,6146
103360,97214,6146
103361,97215,6146
103363,97217,6146
103364,97218,6146
103365,97219,6146
103366,97220,6146
103368,97222,6146
103370,97224,6146
103371,97225,6146
103373,97227,6146
103374,97228,6146
103375,97229,6146
103376,97230,6146
103377,97231,6146
103379,97233,6146
103380,97234,6146
103381,97235,6146
103382,97236,6146
103383,97237,6146
103384,97238,6146
103385,97239,6146
103387,97241,6146
103388,97242,6146
103389,97243,6146
103390,97244,6146
103391,97245,6146
103393,97247,6146
103395,97249,6146
103396,97250,6146
103398,97252,6146
103399,97253,6146
103401,97255,6146
103403,97257,6146
103404,97258,6146
103405,97259,6146
103406,97260,6146
103407,97261,6146
103409,97263,6146
103410,97264,6146
103412,97266,6146
103413,97267,6146
103414,97268,6146
103416,97270,6146
103417,97271,6146
103419,97273,6146
103420,97274,6146
103422,97276,6146
103423,97277,6146
103425,97279,6146
103426,97280,6146
103428,97282,6146
103429,97283,6146
103430,97284,6146
103431,97285,6146
103432,97286,6146
103434,97288,6146
103435,97288,6147
103436,97289,6147
103438,97291,6147
103439,97292,6147
103441,97294,6147
103443,97296,6147
103445,97298,6147
103446,97299,6147
103448,97301,6147
103449,97302,6147
103451,97304,6147
103452,97305,6147
103453,97306,6147
103455,97308,6147
103456,97309,6147
103457,97310,6147
103458,97311,6147
103459,97312,6147
103461,97314,6147
103462,97315,6147
103463,97316,6147
103464,97317,6147
103465,97318,6147
103466,97319,6147
103467,97320,6147
103468,97321,6147
103469,97322,6147
103471,97324,6147
103472,97325,6147
103473,97326,6147
103474,97327,6147
103475,97328,6147
103476,97329,6147
103477,97330,6147
103478,97331,6147
103479,97332,6147
103481,97334,6147
103482,97335,6147
103483,97336,6147
103484,97337,6147
103485,97338,6147
103486,97339,6147
103487,97340,6147
103488,97341,6147
103489,97342,6147
103491,97344,6147
103492,97345,6147
103493,97346,6147
103494,97347,6147
103495,97348,6147
103496,97349,6147
103497,97350,6147
103498,97351,6147
103499,97352,6147
103501,97354,6147
103502,97355,6147
103503,97356,6147
103504,97357,6147
103505,97358,6147
103506,97359,6147
103507,97360,6147
103508,97361,6147
103509,97362,6147
103511,97364,6147
103512,97365,6147
103513,97366,6147
103514,97367,6147
103515,97368,6147
103516,97369,6147
103517,97370,6147
103518,97371,6147
103519,97372,6147
103521,97374,6147
103522,97375,6147
103523,97376,6147
103524,97377,6147
103525,97378,6147
103526,97379,6147
103527,97380,6147
103528,97381,6147
103529,97382,6147
103531,97384,6147
103532,97385,6147
103533,97386,6147
103534,97387,6147
103535,97388,6147
103536,97389,6147
103537,97390,6147
103538,97391,6147
103539,97392,6147
103541,97394,6147
103542,97395,6147
103543,97396,6147
103544,97397,6147
103545,97398,6147
103546,97399,6147
103547,97400,6147
103548,97401,6147
103549,97402,6147
103551,97404,6147
103552,97405,6147
103554,97406,6148
103555,97407,6148
103556,97408,6148
103557,97409,6148
103559,97411,6148
103561,97413,6148
103562,97414,6148
103563,97415,6148
103565,97417,6148
103567,97419,6148
103568,97420,6148
103569,97421,6148
103571,97423,6148
103572,97424,6148
103573,97425,6148
103574,97426,6148
103576,97428,6148
103577,97429,6148
103578,97430,6148
103579,97431,6148
103581,97433,6148
103583,97435,6148
103584,97436,6148
103585,97437,6148
103587,97439,6148
103589,97441,6148
103590,97442,6148
103591,97443,6148
103593,97445,6148
103595,97447,6148
103596,97448,6148
103598,97450,6148
103600,97452,6148
103601,97453,6148
103603,97455,6148
103605,97457,6148
103607,97459,6148
103608,97460,6148
103609,97461,6148
103611,97463,6148
103613,97465,6148
103614,97466,6148
103616,97468,6148
103618,97470,6148
103619,97471,6148
103620,97472,6148
103622,97474,6148
103623,97475,6148
103625,97477,6148
103626,97478,6148
103627,97479,6148
103629,97481,6148
103631,97483,6148
103632,97484,6148
103634,97486,6148
103635,97487,6148
103637,97489,6148
103638,97490,6148
103640,97492,6148
103642,97494,6148
103644,97496,6148
103645,97497,6148
103647,97499,6148
103648,97500,6148
103650,97502,6148
103651,97503,6148
103653,97505,6148
103654,97506,6148
103655,97507,6148
103656,97508,6148
103657,97509,6148
103658,97510,6148
103659,97511,6148
103660,97512,6148
103661,97513,6148
103662,97514,6148
103663,97515,6148
103664,97516,6148
103665,97517,6148
103666,97518,6148
103667,97519,6148
103669,97521,6148
103670,97522,6148
103671,97523,6148
103672,97524,6148
103674,97526,6148
103675,97527,6148
103676,97528,6148
103678,97530,6148
103680,97532,6148
103681,97533,6148
103683,97535,6148
103685,97537,6148
103687,97539,6148
103688,97540,6148
103689,97541,6148
103690,97542,6148
103691,97543,6148
103692,97544,6148
103694,97546,6148
103695,97547,6148
103697,97549,6148
103699,97551,6148
103701,97553,6148
103702,97554,6148
103704,97556,6148
103705,97557,6148
103707,97559,6148
103708,97560,6148
103709,97561,6148
103710,97562,6148
103712,97564,6148
103714,97566,6148
103715,97567,6148
103716,97568,6148
103717,97569,6148
103719,97571,6148
103721,97573,6148
103722,97574,6148
103724,97576,6148
103725,97577,6148
103726,97578,6148
103727,97579,6148
103729,97581,6148
103730,97582,6148
103731,97583,6148
103732,97584,6148
103733,97585,6148
103735,97587,6148
103736,97588,6148
103737,97589,6148
103738,97590,6148
103740,97592,6148
103741,97593,6148
103742,97594,6148
103743,97595,6148
103744,97596,6148
103746,97598,6148
103748,97600,6148
103749,97601,6148
103751,97603,6148
103752,97604,6148
103753,97605,6148
103754,97606,6148
103755,97607,6148
103757,97609,6148
103759,97611,6148
103760,97612,6148
103761,97613,6148
103762,97614,6148
103763,97615,6148
103765,97617,6148
103767,97619,6148
103768,97620,6148
103769,97621,6148
103770,97622,6148
103772,97624,6148
103774,97626,6148
103775,97627,6148
103776,97628,6148
103777,97629,6148
103779,97631,6148
103780,97632,6148
103782,97634,6148
103784,97636,6148
103786,97638,6148
103787,97639,6148
103788,97640,6148
103789,97641,6148
103791,97643,6148
103792,97644,6148
103793,97645,6148
103794,97646,6148
103795,97647,6148
103796,97648,6148
103798,97650,6148
103799,97651,6148
103801,97653,6148
103803,97655,6148
103804,97656,6148
103805,97657,6148
103806,97658,6148
103808,97660,6148
103810,97662,6148
103811,97663,6148
103812,97664,6148
103813,97665,6148
103814,97666,6148
103815,97667,6148
103816,97668,6148
103817,97669,6148
103818,97670,6148
103819,97671,6148
103820,97672,6148
103822,97674,6148
103823,97675,6148
103825,97677,6148
103826,97678,6148
103827,97679,6148
103828,97680,6148
103829,97681,6148
103831,97683,6148
103832,97684,6148
103833,97685,6148
103834,97686,6148
103836,97688,6148
103838,97690,6148
103839,97691,6148
103840,97692,6148
103841,97693,6148
103842,97694,6148
103844,97696,6148
103845,97697,6148
103847,97699,6148
103848,97700,6148
103849,97701,6148
103850,97702,6148
103851,97703,6148
103853,97705,6148
103855,97707,6148
103857,97709,6148
103858,97710,6148
103859,97711,6148
103860,97712,6148
103862,97714,6148
103864,97716,6148
103866,97718,6148
103867,97719,6148
103868,97720,6148
103870,97722,6148
103872,97724,6148
103873,97725,6148
103874,97726,6148
103875,97727,6148
103877,97729,6148
103878,97730,6148
103879,97731,6148
103881,97733,6148
103882,97734,6148
103883,97735,6148
103884,97736,6148
103885,97737,6148
103887,97739,6148
103888,97740,6148
103889,97741,6148
103890,97742,6148
103891,97743,6148
103892,97744,6148
103894,97746,6148
103895,97747,6148
103897,97749,6148
103899,97751,6148
103900,97752,6148
103901,97753,6148
103902,97754,6148
103904,97756,6148
103906,97758,6148
103907,97759,6148
103908,97760,6148
103909,97761,6148
103910,97762,6148
103911,97763,6148
103912,97764,6148
103913,97765,6148
103914,97766,6148
103916,97768,6148
103917,97769,6148
103919,97771,6148
103920,97772,6148
103922,97774,6148
103923,97775,6148
103924,97776,6148
103925,97777,6148
103926,97778,6148
103928,97780,6148
103929,97781,6148
103930,97782,6148
103931,97783,6148
103933,97785,6148
103935,97787,6148
103936,97788,6148
103937,97789,6148
103938,97790,6148
103939,97791,6148
103941,97793,6148
103942,97794,6148
103944,97796,6148
103945,97797,6148
103946,97798,6148
103948,97800,6148
103949,97801,6148
103951,97803,6148
103953,97805,6148
103955,97807,6148
103956,97808,6148
103958,97810,6148
103959,97811,6148
103961,97813,6148
103963,97815,6148
103965,97817,6148
103966,97818,6148
103967,97819,6148
103969,97821,6148
103971,97823,6148
103972,97824,6148
103973,97825,6148
103974,97826,6148
103976,97828,6148
103977,97829,6148
103979,97829,6150
103981,97831,6150
103982,97832,6150
103983,97833,6150
103984,97834,6150
103985,97835,6150
103987,97837,6150
103988,97838,6150
103989,97839,6150
103990,97840,6150
103991,97841,6150
103992,97842,6150
103994,97844,6150
103995,97845,6150
103997,97847,6150
103998,97848,6150
104000,97850,6150
104001,97851,6150
104002,97852,6150
104003,97853,6150
104004,97854,6150
104005,97854,6151
104007,97856,6151
104008,97857,6151
104009,97858,6151
104011,97860,6151
104013,97862,6151
104014,97863,6151
104015,97864,6151
104016,97865,6151
104017,97866,6151
104019,97868,6151
104021,97870,6151
104022,97871,6151
104024,97873,6151
104025,97874,6151
104026,97875,6151
104028,97877,6151
104029,97878,6151
104031,97880,6151
104032,97881,6151
104034,97883,6151
104036,97885,6151
104038,97887,6151
104039,97888,6151
104040,97889,6151
104042,97891,6151
104043,97891,6152
104044,97892,6152
104045,97893,6152
104046,97894,6152
104047,97895,6152
104048,97896,6152
104049,97897,6152
104050,97898,6152
104052,97900,6152
104053,97901,6152
104054,97902,6152
104055,97903,6152
104056,97904,6152
104057,97905,6152
104058,97906,6152
104059,97907,6152
104060,97908,6152
104062,97910,6152
104063,97911,6152
104064,97912,6152
104065,97913,6152
104066,97914,6152
104067,97915,6152
104068,97916,6152
104070,97918,6152
104072,97920,6152
104073,97921,6152
104074,97922,6152
104075,97923,6152
104077,97925,6152
104079,97927,6152
104081,97929,6152
104083,97931,6152
104084,97932,6152
104086,97934,6152
104087,97935,6152
104089,97937,6152
104090,97938,6152
104091,97939,6152
104092,97940,6152
104094,97942,6152
104096,97944,6152
104097,97945,6152
104098,97946,6152
104099,97947,6152
104100,97948,6152
104102,97950,6152
104104,97952,6152
104105,97953,6152
104107,97955,6152
104108,97956,6152
104109,97957,6152
104111,97959,6152
104113,97961,6152
104114,97962,6152
104115,97963,6152
104116,97964,6152
104117,97965,6152
104118,97966,6152
104119,97967,6152
104120,97968,6152
104121,97969,6152
104122,97970,6152
104123,97971,6152
104124,97972,6152
104125,97973,6152
104126,97974,6152
104128,97976,6152
104130,97978,6152
104131,97979,6152
104132,97980,6152
104133,97980,6153
104134,97981,6153
104135,97982,6153
104136,97983,6153
104138,97985,6153
104140,97987,6153
104141,97988,6153
104142,97989,6153
104144,97991,6153
104145,97992,6153
104146,97993,6153
104147,97994,6153
104148,97995,6153
104149,97996,6153
104151,97998,6153
104152,97999,6153
104153,98000,6153
104154,98001,6153
104155,98002,6153
104157,98004,6153
104158,98005,6153
104160,98007,6153
104161,98008,6153
104162,98009,6153
104163,98010,6153
104164,98011,6153
104166,98013,6153
104167,98014,6153
104168,98015,6153
104170,98016,6154
104171,98017,6154
104172,98018,6154
104174,98020,6154
104175,98021,6154
104176,98022,6154
104177,98023,6154
104179,98025,6154
104180,98026,6154
104181,98027,6154
104182,98028,6154
104183,98029,6154
104184,98030,6154
104185,98031,6154
104186,98032,6154
104187,98033,6154
104189,98035,6154
104190,98036,6154
104191,98037,6154
104192,98038,6154
104193,98039,6154
104194,98040,6154
104195,98041,6154
104197,98043,6154
104198,98044,6154
104199,98045,6154
104200,98046,6154
104202,98048,6154
104203,98049,6154
104205,98051,6154
104207,98053,6154
104208,98054,6154
104209,98055,6154
104210,98056,6154
104211,98057,6154
104213,98059,6154
104214,98060,6154
104215,98061,6154
104216,98062,6154
104218,98064,6154
104219,98065,6154
104220,98066,6154
104221,98067,6154
104222,98068,6154
104223,98069,6154
104224,98070,6154
104225,98071,6154
104226,98072,6154
104227,98073,6154
104228,98074,6154
104229,98075,6154
104231,98077,6154
104232,98078,6154
104234,98080,6154
104235,98081,6154
104236,98082,6154
104237,98083,6154
104238,98084,6154
104239,98085,6154
104240,98086,6154
104241,98087,6154
104242,98088,6154
104243,98089,6154
104244,98090,6154
104245,98091,6154
104247,98093,6154
104248,98094,6154
104250,98096,6154
104251,98097,6154
104252,98098,6154
104253,98099,6154
104254,98100,6154
104256,98102,6154
104257,98103,6154
104258,98104,6154
104260,98106,6154
104262,98108,6154
104264,98110,6154
104265,98111,6154
104266,98112,6154
104267,98113,6154
104269,98115,6154
104271,98117,6154
104272,98118,6154
104273,98119,6154
104274,98120,6154
104275,98121,6154
104277,98123,6154
104278,98124,6154
104279,98125,6154
104280,98126,6154
104281,98127,6154
104282,98128,6154
104284,98130,6154
104286,98132,6154
104287,98133,6154
104288,98134,6154
104289,98135,6154
104290,98136,6154
104291,98137,6154
104293,98139,6154
104295,98141,6154
104296,98142,6154
104297,98143,6154
104298,98144,6154
104299,98145,6154
104300,98146,6154
104301,98147,6154
104302,98148,6154
104303,98149,6154
104304,98150,6154
104305,98151,6154
104307,98153,6154
104308,98154,6154
104309,98155,6154
104310,98156,6154
104312,98158,6154
104313,98159,6154
104314,98160,6154
104316,98162,6154
104317,98163,6154
104318,98164,6154
104319,98165,6154
104320,98166,6154
104321,98167,6154
104322,98168,6154
104324,98170,6154
104325,98171,6154
104326,98172,6154
104327,98173,6154
104328,98174,6154
104330,98176,6154
104331,98177,6154
104332,98178,6154
104333,98179,6154
104334,98180,6154
104335,98181,6154
104337,98183,6154
104338,98184,6154
104339,98185,6154
104340,98186,6154
104342,98188,6154
104344,98190,6154
104345,98191,6154
104346,98192,6154
104347,98193,6154
104349,98195,6154
104350,98196,6154
104352,98198,6154
104353,98199,6154
104354,98200,6154
104355,98201,6154
104356,98202,6154
104357,98203,6154
104358,98204,6154
104359,98205,6154
104361,98207,6154
104362,98208,6154
104364,98210,6154
104365,98211,6154
104367,98213,6154
104369,98215,6154
104371,98217,6154
104372,98218,6154
104374,98220,6154
104375,98221,6154
104377,98223,6154
104379,98225,6154
104380,98226,6154
104381,98227,6154
104383,98229,6154
104384,98230,6154
104386,98232,6154
104387,98233,6154
104388,98234,6154
104389,98235,6154
104391,98237,6154
104392,98238,6154
104393,98239,6154
104395,98241,6154
104396,98242,6154
104398,98244,6154
104399,98245,6154
104400,98246,6154
104401,98247,6154
104402,98248,6154
104403,98249,6154
104405,98251,6154
104406,98252,6154
104407,98253,6154
104408,98254,6154
104409,98255,6154
104410,98256,6154
104412,98258,6154
104413,98259,6154
104414,98260,6154
104416,98262,6154
104417,98263,6154
104418,98264,6154
104419,98265,6154
104420,98266,6154
104421,98267,6154
104422,98268,6154
104423,98269,6154
104425,98271,6154
104427,98273,6154
104428,98274,6154
104429,98275,6154
104430,98276,6154
104432,98278,6154
104433,98279,6154
104434,98279,6155
104435,98280,6155
104436,98281,6155
104438,98283,6155
104439,98284,6155
104440,98285,6155
104441,98286,6155
104442,98287,6155
104444,98289,6155
104445,98290,6155
104447,98292,6155
104448,98293,6155
104450,98295,6155
104451,98296,6155
104452,98297,6155
104453,98297,6156
104454,98298,6156
104455,98299,6156
104457,98301,6156
104458,98302,6156
104459,98303,6156
104460,98304,6156
104461,98305,6156
104463,98307,6156
104464,98308,6156
104465,98309,6156
104467,98311,6156
104468,98312,6156
104469,98312,6157
104470,98313,6157
104471,98314,6157
104473,98316,6157
104474,98317,6157
104476,98319,6157
104477,98320,6157
104479,98322,6157
104480,98323,6157
104481,98324,6157
104483,98326,6157
104484,98327,6157
104485,98328,6157
104486,98329,6157
104488,98331,6157
104489,98332,6157
104490,98333,6157
104491,98334,6157
104493,98336,6157
104494,98337,6157
104495,98338,6157
104496,98339,6157
104498,98341,6157
104499,98342,6157
104500,98343,6157
104501,98344,6157
104503,98346,6157
104505,98348,6157
104506,98349,6157
104508,98351,6157
104509,98352,6157
104510,98353,6157
104511,98354,6157
104512,98355,6157
104514,98357,6157
104515,98358,6157
104516,98359,6157
104517,98360,6157
104518,98361,6157
104519,98362,6157
104520,98363,6157
104522,98365,6157
104523,98366,6157
104524,98367,6157
104525,98368,6157
104526,98369,6157
104528,98371,6157
104530,98373,6157
104531,98374,6157
104533,98376,6157
104534,98377,6157
104536,98379,6157
104538,98381,6157
104539,98382,6157
104540,98383,6157
104541,98384,6157
104542,98385,6157
104544,98387,6157
104545,98388,6157
104547,98390,6157
104548,98391,6157
104549,98392,6157
104551,98394,6157
104552,98395,6157
104554,98397,6157
104555,98398,6157
104557,98400,6157
104558,98401,6157
104560,98403,6157
104561,98404,6157
104563,98406,6157
104564,98407,6157
104565,98408,6157
104566,98409,6157
104567,98410,6157
104569,98412,6157
104570,98412,6158
104571,98413,6158
104573,98415,6158
104574,98416,6158
104576,98418,6158
104578,98420,6158
104580,98422,6158
104581,98423,6158
104583,98425,6158
104584,98426,6158
104586,98428,6158
104587,98429,6158
104588,98430,6158
104590,98432,6158
104591,98433,6158
104592,98434,6158
104593,98435,6158
104594,98436,6158
104596,98438,6158
104597,98439,6158
104598,98440,6158
104599,98441,6158
104600,98442,6158
104601,98443,6158
104602,98444,6158
104603,98445,6158
104604,98446,6158
104606,98448,6158
104607,98449,6158
104608,98450,6158
104609,98451,6158
104610,98452,6158
104611,98453,6158
104612,98454,6158
104613,98455,6158
104614,98456,6158
104616,98458,6158
104617,98459,6158
104619,98460,6159
104620,98461,6159
104621,98462,6159
104622,98463,6159
104623,98464,6159
104624,98465,6159
104625,98466,6159
104627,98468,6159
104628,98469,6159
104629,98470,6159
104630,98471,6159
104631,98472,6159
104632,98473,6159
104633,98474,6159
104634,98475,6159
104635,98476,6159
104637,98478,6159
104638,98479,6159
104639,98480,6159
104640,98481,6159
104641,98482,6159
104642,98483,6159
104643,98484,6159
104644,98485,6159
104645,98486,6159
104647,98488,6159
104648,98489,6159
104649,98490,6159
104650,98491,6159
104651,98492,6159
104652,98493,6159
104653,98494,6159
104654,98495,6159
104655,98496,6159
104657,98498,6159
104658,98499,6159
104659,98500,6159
104660,98501,6159
104661,98502,6159
104662,98503,6159
104663,98504,6159
104664,98505,6159
104665,98506,6159
104667,98508,6159
104668,98509,6159
104669,98510,6159
104670,98511,6159
104671,98512,6159
104672,98513,6159
104673,98514,6159
104674,98515,6159
104675,98516,6159
104677,98518,6159
104678,98519,6159
104679,98520,6159
104680,98521,6159
104681,98522,6159
104682,98523,6159
104683,98524,6159
104684,98525,6159
104685,98526,6159
104687,98528,6159
104688,98529,6159
104689,98530,6159
104690,98531,6159
104691,98532,6159
104692,98533,6159
104693,98534,6159
104694,98535,6159
104695,98536,6159
104697,98538,6159
104698,98539,6159
104699,98540,6159
104700,98541,6159
104701,98542,6159
104702,98543,6159
104703,98544,6159
104704,98545,6159
104705,98546,6159
104707,98548,6159
104708,98549,6159
104709,98550,6159
104710,98551,6159
104711,98552,6159
104712,98553,6159
104713,98554,6159
104714,98555,6159
104715,98556,6159
104717,98558,6159
104718,98559,6159
104719,98560,6159
104720,98561,6159
104721,98562,6159
104722,98563,6159
104723,98564,6159
104724,98565,6159
104725,98566,6159
104727,98568,6159
104728,98569,6159
104729,98570,6159
104730,98571,6159
104731,98572,6159
104732,98573,6159
104733,98574,6159
104734,98575,6159
104735,98576,6159
104737,98578,6159
104738,98579,6159
104739,98580,6159
104740,98581,6159
104741,98582,6159
104742,98583,6159
104744,98585,6159
104746,98587,6159
104747,98588,6159
104748,98589,6159
104750,98591,6159
104752,98593,6159
104753,98594,6159
104754,98595,6159
104756,98597,6159
104757,98598,6159
104758,98599,6159
104759,98600,6159
104761,98602,6159
104762,98603,6159
104763,98604,6159
104764,98605,6159
104766,98607,6159
104768,98609,6159
104769,98610,6159
104770,98611,6159
104772,98613,6159
104774,98615,6159
104775,98616,6159
104776,98617,6159
104778,98619,6159
104780,98621,6159
104781,98622,6159
104783,98624,6159
104785,98626,6159
104786,98627,6159
104788,98629,6159
104790,98631,6159
104792,98633,6159
104793,98634,6159
104794,98635,6159
104796,98637,6159
104798,98639,6159
104799,98640,6159
104801,98642,6159
104803,98644,6159
104804,98645,6159
104805,98646,6159
104807,98648,6159
104808,98649,6159
104810,98651,6159
104811,98652,6159
104812,98653,6159
104814,98655,6159
104816,98657,6159
104817,98658,6159
104819,98660,6159
104820,98661,6159
104822,98663,6159
104823,98664,6159
104825,98666,6159
104827,98668,6159
104829,98670,6159
104830,98671,6159
104832,98673,6159
104833,98674,6159
104835,98676,6159
104836,98677,6159
104838,98679,6159
104839,98680,6159
104840,98681,6159
104841,98682,6159
104842,98683,6159
104843,98684,6159
104844,98685,6159
104845,98686,6159
104846,98687,6159
104847,98688,6159
104848,98689,6159
104849,98690,6159
104850,98691,6159
104851,98692,6159
104852,98693,6159
104854,98695,6159
104855,98696,6159
104856,98697,6159
104857,98698,6159
104859,98700,6159
104860,98701,6159
104861,98702,6159
104863,98704,6159
104865,98706,6159
104866,98707,6159
104868,98709,6159
104870,98711,6159
104872,98713,6159
104873,98714,6159
104874,98715,6159
104875,98716,6159
104876,98717,6159
104877,98718,6159
104879,98720,6159
104880,98721,6159
104882,98723,6159
104884,98725,6159
104886,98727,6159
104887,98728,6159
104889,98730,6159
104890,98731,6159
104892,98733,6159
104893,98734,6159
104894,98735,6159
104895,98736,6159
104897,98738,6159
104899,98740,6159
104900,98741,6159
104901,98742,6159
104902,98743,6159
104904,98745,6159
104906,98747,6159
104907,98748,6159
104909,98750,6159
104910,98751,6159
104911,98752,6159
104912,98753,6159
104914,98755,6159
104915,98756,6159
104916,98757,6159
104917,98758,6159
104918,98759,6159
104920,98761,6159
104921,98762,6159
104922,98763,6159
104923,98764,6159
104925,98766,6159
104926,98767,6159
104927,98768,6159
104928,98769,6159
104929,98770,6159
104931,98772,6159
104933,98774,6159
104934,98775,6159
104936,98777,6159
104937,98778,6159
104938,98779,6159
104939,98780,6159
104940,98781,6159
104942,98783,6159
104944,98785,6159
104945,98786,6159
104946,98787,6159
104947,98788,6159
104948,98789,6159
104950,98791,6159
104952,98793,6159
104953,98794,6159
104954,98795,6159
104955,98796,6159
104957,98798,6159
104959,98800,6159
104960,98801,6159
104961,98802,6159
104962,98803,6159
104964,98805,6159
104965,98806,6159
104967,98808,6159
104969,98810,6159
104971,98812,6159
104972,98813,6159
104973,98814,6159
104974,98815,6159
104976,98817,6159
104977,98818,6159
104978,98819,6159
104979,98820,6159
104980,98821,6159
104981,98822,6159
104983,98824,6159
104984,98825,6159
104986,98827,6159
104988,98829,6159
104989,98830,6159
104990,98831,6159
104991,98832,6159
104993,98834,6159
104995,98836,6159
104996,98837,6159
104997,98838,6159
104998,98839,6159
104999,98840,6159
105000,98841,6159
105001,98842,6159
105002,98843,6159
105003,98844,6159
105004,98845,6159
105005,98846,6159
105007,98848,6159
105008,98849,6159
105010,98851,6159
105011,98852,6159
105012,98853,6159
105013,98854,6159
105014,98855,6159
105016,98857,6159
105017,98858,6159
105018,98859,6159
105019,98860,6159
105021,98862,6159
105023,98864,6159
105024,98865,6159
105025,98866,6159
105026,98867,6159
105027,98868,6159
105029,98870,6159
105030,98871,6159
105032,98873,6159
105033,98874,6159
105034,98875,6159
105035,98876,6159
105036,98877,6159
105038,98879,6159
105040,98881,6159
105042,98883,6159
105043,98884,6159
105044,98885,6159
105045,98886,6159
105047,98888,6159
105049,98890,6159
105051,98892,6159
105052,98893,6159
105053,98894,6159
105055,98896,6159
105057,98898,6159
105058,98899,6159
105059,98900,6159
105060,98901,6159
105062,98903,6159
105063,98904,6159
105064,98905,6159
105066,98907,6159
105067,98908,6159
105068,98909,6159
105069,98910,6159
105070,98911,6159
105072,98913,6159
105073,98914,6159
105074,98915,6159
105075,98916,6159
105076,98917,6159
105077,98918,6159
105079,98920,6159
105080,98921,6159
105082,98923,6159
105084,98925,6159
105085,98926,6159
105086,98927,6159
105087,98928,6159
105089,98930,6159
105091,98932,6159
105092,98933,6159
105093,98934,6159
105094,98935,6159
105095,98936,6159
105096,98937,6159
105097,98938,6159
105098,98939,6159
105099,98940,6159
105101,98942,6159
105102,98943,6159
105104,98945,6159
105105,98946,6159
105107,98948,6159
105108,98949,6159
105109,98950,6159
105110,98951,6159
105111,98952,6159
105113,98954,6159
105114,98955,6159
105115,98956,6159
105116,98957,6159
105118,98959,6159
105120,98961,6159
105121,98962,6159
105122,98963,6159
105123,98964,6159
105124,98965,6159
105126,98967,6159
105127,98968,6159
105129,98970,6159
105130,98971,6159
105131,98972,6159
105133,98974,6159
105134,98975,6159
105136,98977,6159
105138,98979,6159
105140,98981,6159
105141,98982,6159
105143,98984,6159
105144,98985,6159
105146,98987,6159
105148,98989,6159
105150,98991,6159
105151,98992,6159
105152,98993,6159
105154,98995,6159
105156,98997,6159
105157,98998,6159
105158,98999,6159
105159,99000,6159
105161,99002,6159
105162,99003,6159
105163,99003,6160
105165,99005,6160
105166,99006,6160
105167,99007,6160
105168,99008,6160
105169,99009,6160
105171,99011,6160
105172,99012,6160
105173,99013,6160
105174,99014,6160
105175,99015,6160
105176,99016,6160
105178,99018,6160
105179,99019,6160
105181,99021,6160
105182,99022,6160
105184,99024,6160
105185,99025,6160
105186,99026,6160
105187,99027,6160
105188,99028,6160
105190,99028,6162
105192,99030,6162
105193,99031,6162
105194,99032,6162
105196,99034,6162
105198,99036,6162
105199,99037,6162
105200,99038,6162
105201,99039,6162
105202,99040,6162
105204,99042,6162
105206,99044,6162
105207,99045,6162
105209,99047,6162
105210,99048,6162
105211,99049,6162
105213,99051,6162
105214,99052,6162
105216,99054,6162
105217,99055,6162
105219,99057,6162
105221,99059,6162
105223,99061,6162
105224,99062,6162
105225,99063,6162
105227,99065,6162
105228,99065,6163
105229,99066,6163
105230,99067,6163
105231,99068,6163
105232,99069,6163
105233,99070,6163
105235,99072,6163
105237,99074,6163
105238,99075,6163
105239,99076,6163
105240,99077,6163
105242,99079,6163
105244,99081,6163
105246,99083,6163
105248,99085,6163
105249,99086,6163
105251,99088,6163
105252,99089,6163
105254,99091,6163
105255,99092,6163
105256,99093,6163
105257,99094,6163
105259,99096,6163
105261,99098,6163
105262,99099,6163
105263,99100,6163
105264,99101,6163
105265,99102,6163
105267,99104,6163
105269,99106,6163
105270,99107,6163
105272,99109,6163
105273,99110,6163
105274,99111,6163
105276,99113,6163
105278,99115,6163
105279,99116,6163
105280,99117,6163
105281,99118,6163
105282,99119,6163
105283,99120,6163
105284,99121,6163
105285,99122,6163
105286,99123,6163
105287,99124,6163
105288,99125,6163
105289,99126,6163
105290,99127,6163
105291,99128,6163
105293,99130,6163
105295,99132,6163
105296,99133,6163
105297,99134,6163
105299,99135,6164
105300,99136,6164
105301,99137,6164
105302,99138,6164
105303,99139,6164
105305,99141,6164
105306,99142,6164
105307,99143,6164
105309,99145,6164
105310,99146,6164
105311,99147,6164
105312,99148,6164
105313,99149,6164
105314,99150,6164
105316,99152,6164
105317,99153,6164
105318,99154,6164
105319,99155,6164
105320,99156,6164
105322,99158,6164
105323,99159,6164
105325,99161,6164
105326,99162,6164
105327,99163,6164
105328,99164,6164
105329,99165,6164
105331,99167,6164
105332,99168,6164
105333,99169,6164
105334,99170,6164
105335,99171,6164
105336,99172,6164
105338,99174,6164
105339,99175,6164
105340,99176,6164
105341,99177,6164
105343,99179,6164
105344,99180,6164
105345,99181,6164
105346,99182,6164
105347,99183,6164
105348,99184,6164
105349,99185,6164
105350,99186,6164
105351,99187,6164
105353,99189,6164
105354,99190,6164
105355,99191,6164
105356,99192,6164
105357,99193,6164
105358,99194,6164
105359,99195,6164
105361,99197,6164
105362,99198,6164
105363,99199,6164
105364,99200,6164
105366,99202,6164
105367,99203,6164
105369,99205,6164
105371,99207,6164
105372,99208,6164
105373,99209,6164
105374,99210,6164
105375,99211,6164
105377,99213,6164
105378,99214,6164
105379,99215,6164
105380,99216,6164
105382,99218,6164
105383,99219,6164
105384,99220,6164
105385,99221,6164
105386,99222,6164
105387,99223,6164
105388,99224,6164
105389,99225,6164
105390,99226,6164
105391,99227,6164
105392,99228,6164
105393,99229,6164
105395,99231,6164
105396,99232,6164
105398,99234,6164
105399,99235,6164
105400,99236,6164
105401,99237,6164
105402,99238,6164
105403,99239,6164
105404,99240,6164
105405,99241,6164
105406,99242,6164
105407,99243,6164
105408,99244,6164
105409,99245,6164
105411,99247,6164
105412,99248,6164
105414,99250,6164
105415,99251,6164
105416,99252,6164
105417,99253,6164
105418,99254,6164
105420,99256,6164
105421,99257,6164
105422,99258,6164
105424,99260,6164
105426,99262,6164
105428,99264,6164
105429,99265,6164
105430,99266,6164
105431,99267,6164
105433,99269,6164
105435,99271,6164
105436,99272,6164
105437,99273,6164
105438,99274,6164
105439,99275,6164
105441,99277,6164
105442,99278,6164
105443,99279,6164
105445,99281,6164
105446,99282,6164
105447,99283,6164
105449,99285,6164
105451,99287,6164
105452,99288,6164
105453,99289,6164
105454,99290,6164
105455,99291,6164
105456,99292,6164
105458,99294,6164
105460,99296,6164
105461,99297,6164
105462,99298,6164
105463,99299,6164
105464,99300,6164
105465,99301,6164
105466,99302,6164
105467,99303,6164
105468,99304,6164
105469,99305,6164
105470,99306,6164
105472,99308,6164
105473,99309,6164
105474,99310,6164
105475,99311,6164
105477,99313,6164
105478,99314,6164
105479,99315,6164
105481,99317,6164
105482,99318,6164
105483,99319,6164
105484,99320,6164
105485,99321,6164
105486,99322,6164
105487,99323,6164
105489,99325,6164
105490,99326,6164
105491,99327,6164
105492,99328,6164
105493,99329,6164
105495,99331,6164
105496,99332,6164
105497,99333,6164
105498,99334,6164
105499,99335,6164
105500,99336,6164
105502,99338,6164
105503,99339,6164
105504,99340,6164
105505,99341,6164
105507,99343,6164
105509,99345,6164
105510,99346,6164
105511,99347,6164
105512,99348,6164
105514,99350,6164
105515,99351,6164
105517,99353,6164
105518,99354,6164
105519,99355,6164
105520,99356,6164
105521,99357,6164
105522,99358,6164
105523,99359,6164
105524,99360,6164
105526,99362,6164
105527,99363,6164
105529,99365,6164
105530,99366,6164
105532,99368,6164
105534,99370,6164
105536,99372,6164
105537,99373,6164
105539,99375,6164
105540,99376,6164
105542,99378,6164
105544,99380,6164
105545,99381,6164
105546,99382,6164
105548,99384,6164
105549,99385,6164
105551,99387,6164
105552,99388,6164
105553,99389,6164
105554,99390,6164
105556,99392,6164
105557,99393,6164
105558,99394,6164
105560,99396,6164
105561,99397,6164
105563,99399,6164
105564,99400,6164
105565,99401,6164
105566,99402,6164
105567,99403,6164
105568,99404,6164
105570,99406,6164
105572,99408,6164
105573,99409,6164
105574,99410,6164
105575,99411,6164
105576,99412,6164
105578,99414,6164
105579,99415,6164
105580,99416,6164
105582,99418,6164
105583,99419,6164
105584,99420,6164
105585,99421,6164
105586,99422,6164
105587,99423,6164
105589,99424,6165
105590,99425,6165
105591,99426,6165
105593,99428,6165
105594,99429,6165
105595,99430,6165
105596,99431,6165
105598,99433,6165
105599,99434,6165
105601,99435,6166
105602,99436,6166
105603,99437,6166
105605,99439,6166
105606,99440,6166
105607,99441,6166
105608,99442,6166
105609,99443,6166
105611,99445,6166
105612,99446,6166
105613,99447,6166
105614,99448,6166
105616,99450,6166
105617,99451,6166
105618,99452,6166
105619,99452,6167
105620,99453,6167
105621,99454,6167
105623,99456,6167
105624,99457,6167
105625,99458,6167
105626,99459,6167
105627,99460,6167
105629,99462,6167
105630,99463,6167
105631,99464,6167
105633,99466,6167
105634,99467,6167
105635,99467,6168
105636,99468,6168
105637,99469,6168
105639,99471,6168
105640,99472,6168
105642,99474,6168
105643,99475,6168
105645,99477,6168
105646,99478,6168
105647,99479,6168
105649,99481,6168
105650,99482,6168
105651,99483,6168
105652,99484,6168
105654,99486,6168
105655,99487,6168
105656,99488,6168
105657,99489,6168
105659,99491,6168
105660,99492,6168
105661,99493,6168
105662,99494,6168
105664,99496,6168
105665,99497,6168
105666,99498,6168
105667,99499,6168
105669,99501,6168
105671,99503,6168
105672,99504,6168
105674,99506,6168
105675,99507,6168
105676,99508,6168
105677,99509,6168
105678,99510,6168
105680,99512,6168
105681,99513,6168
105682,99514,6168
105683,99515,6168
105684,99516,6168
105685,99517,6168
105686,99518,6168
105688,99520,6168
105689,99521,6168
105690,99522,6168
105691,99523,6168
105692,99524,6168
105694,99526,6168
105696,99528,6168
105697,99529,6168
105699,99531,6168
105700,99532,6168
105702,99534,6168
105704,99536,6168
105705,99537,6168
105706,99538,6168
105707,99539,6168
105708,99540,6168
105710,99542,6168
105711,99543,6168
105713,99545,6168
105714,99546,6168
105715,99547,6168
105717,99549,6168
105718,99550,6168
105720,99552,6168
105721,99553,6168
105723,99555,6168
105724,99556,6168
105726,99558,6168
105727,99559,6168
105729,99561,6168
105730,99562,6168
105731,99563,6168
105732,99564,6168
105733,99565,6168
105735,99567,6168
105736,99567,6169
105737,99568,6169
105739,99570,6169
105740,99571,6169
105742,99573,6169
105744,99575,6169
105746,99577,6169
105747,99578,6169
105749,99580,6169
105750,99581,6169
105752,99583,6169
105753,99584,6169
105754,99585,6169
105756,99587,6169
105757,99588,6169
105758,99589,6169
105759,99590,6169
105760,99591,6169
105762,99593,6169
105763,99594,6169
105764,99595,6169
105765,99596,6169
105766,99597,6169
105767,99598,6169
105768,99599,6169
105769,99600,6169
105770,99601,6169
105772,99603,6169
105773,99604,6169
105774,99605,6169
105775,99606,6169
105776,99607,6169
105777,99608,6169
105778,99609,6169
105779,99610,6169
105780,99611,6169
105782,99613,6169
105783,99614,6169
105784,99615,6169
105785,99616,6169
105786,99617,6169
105787,99618,6169
105788,99619,6169
105789,99620,6169
105790,99621,6169
105792,99623,6169
105793,99624,6169
105794,99625,6169
105795,99626,6169
105796,99627,6169
105797,99628,6169
105798,99629,6169
105799,99630,6169
105800,99631,6169
105802,99633,6169
105803,99634,6169
105804,99635,6169
105805,99636,6169
105806,99637,6169
105807,99638,6169
105808,99639,6169
105809,99640,6169
105810,99641,6169
105812,99643,6169
105813,99644,6169
105814,99645,6169
105815,99646,6169
105816,99647,6169
105817,99648,6169
105818,99649,6169
105819,99650,6169
105820,99651,6169
105822,99653,6169
105823,99654,6169
105824,99655,6169
105825,99656,6169
105826,99657,6169
105827,99658,6169
105828,99659,6169
105829,99660,6169
105830,99661,6169
105832,99663,6169
105833,99664,6169
105834,99665,6169
105835,99666,6169
105836,99667,6169
105837,99668,6169
105838,99669,6169
105839,99670,6169
105840,99671,6169
105842,99673,6169
105843,99674,6169
105845,99675,6170
105846,99676,6170
105847,99677,6170
105848,99678,6170
105849,99679,6170
105850,99680,6170
105851,99681,6170
105853,99683,6170
105854,99684,6170
105855,99685,6170
105856,99686,6170
105857,99687,6170
105858,99688,6170
105859,99689,6170
105860,99690,6170
105861,99691,6170
105863,99693,6170
105864,99694,6170
105865,99695,6170
105866,99696,6170
105867,99697,6170
105868,99698,6170
105869,99699,6170
105870,99700,6170
105871,99701,6170
105873,99703,6170
105874,99704,6170
105875,99705,6170
105876,99706,6170
105877,99707,6170
105878,99708,6170
105879,99709,6170
105880,99710,6170
105881,99711,6170
105883,99713,6170
105884,99714,6170
105885,99715,6170
105886,99716,6170
105887,99717,6170
105888,99718,6170
105890,99720,6170
105892,99722,6170
105893,99723,6170
105894,99724,6170
105896,99726,6170
105898,99728,6170
105899,99729,6170
105900,99730,6170
105902,99732,6170
105903,99733,6170
105904,99734,6170
105905,99735,6170
105907,99737,6170
105908,99738,6170
105909,99739,6170
105910,99740,6170
105912,99742,6170
105914,99744,6170
105915,99745,6170
105916,99746,6170
105918,99748,6170
105920,99750,6170
105921,99751,6170
105922,99752,6170
105924,99754,6170
105926,99756,6170
105927,99757,6170
105929,99759,6170
105931,99761,6170
105932,99762,6170
105934,99764,6170
105936,99766,6170
105938,99768,6170
105939,99769,6170
105940,99770,6170
105942,99772,6170
105944,99774,6170
105945,99775,6170
105947,99777,6170
105949,99779,6170
105950,99780,6170
105951,99781,6170
105953,99783,6170
105954,99784,6170
105956,99786,6170
105957,99787,6170
105958,99788,6170
105960,99790,6170
105962,99792,6170
105963,99793,6170
105965,99795,6170
105966,99796,6170
105968,99798,6170
105969,99799,6170
105971,99801,6170
105973,99803,6170
105975,99805,6170
105976,99806,6170
105978,99808,6170
105979,99809,6170
105981,99811,6170
105982,99812,6170
105984,99814,6170
105985,99815,6170
105986,99816,6170
105987,99817,6170
105988,99818,6170
105989,99819,6170
105990,99820,6170
105991,99821,6170
105992,99822,6170
105993,99823,6170
105994,99824,6170
105995,99825,6170
105996,99826,6170
105997,99827,6170
105998,99828,6170
106000,99830,6170
106001,99831,6170
106002,99832,6170
106003,99833,6170
106005,99835,6170
106006,99836,6170
106007,99837,6170
106009,99839,6170
106011,99841,6170
106012,99842,6170
106014,99844,6170
106016,99846,6170
106018,99848,6170
106019,99849,6170
106020,99850,6170
106021,99851,6170
106022,99852,6170
106023,99853,6170
106025,99855,6170
106026,99856,6170
106028,99858,6170
106030,99860,6170
106032,99862,6170
106033,99863,6170
106035,99865,6170
106036,99866,6170
106038,99868,6170
106039,99869,6170
106040,99870,6170
106041,99871,6170
106043,99873,6170
106045,99875,6170
106046,99876,6170
106047,99877,6170
106048,99878,6170
106050,99880,6170
106052,99882,6170
106053,99883,6170
106055,99885,6170
106056,99886,6170
106057,99887,6170
106058,99888,6170
106060,99890,6170
106061,99891,6170
106062,99892,6170
106063,99893,6170
106064,99894,6170
106066,99896,6170
106067,99897,6170
106068,99898,6170
106069,99899,6170
106071,99901,6170
106072,99902,6170
106073,99903,6170
106074,99904,6170
106075,99905,6170
106077,99907,6170
106079,99909,6170
106080,99910,6170
106082,99912,6170
106083,99913,6170
106084,99914,6170
106085,99915,6170
106086,99916,6170
106088,99918,6170
106090,99920,6170
106091,99921,6170
106092,99922,6170
106093,99923,6170
106094,99924,6170
106096,99926,6170
106098,99928,6170
106099,99929,6170
106100,99930,6170
106101,99931,6170
106103,99933,6170
106105,99935,6170
106106,99936,6170
106107,99937,6170
106108,99938,6170
106110,99940,6170
106111,99941,6170
106113,99943,6170
106115,99945,6170
106117,99947,6170
106118,99948,6170
106119,99949,6170
106120,99950,6170
106122,99952,6170
106123,99953,6170
106124,99954,6170
106125,99955,6170
106126,99956,6170
106127,99957,6170
106129,99959,6170
106130,99960,6170
106132,99962,6170
106134,99964,6170
106135,99965,6170
106136,99966,6170
106137,99967,6170
106139,99969,6170
106141,99971,6170
106142,99972,6170
106143,99973,6170
106144,99974,6170
106145,99975,6170
106146,99976,6170
106147,99977,6170
106148,99978,6170
106149,99979,6170
106150,99980,6170
106151,99981,6170
106153,99983,6170
106154,99984,6170
106156,99986,6170
106157,99987,6170
106158,99988,6170
106159,99989,6170
106160,99990,6170
106162,99992,6170
106163,99993,6170
106164,99994,6170
106165,99995,6170
106167,99997,6170
106169,99999,6170
106170,100000,6170
106171,100001,6170
106172,100002,6170
106173,100003,6170
106175,100005,6170
106176,100006,6170
106178,100008,6170
106179,100009,6170
106180,100010,6170
106181,100011,6170
106182,100012,6170
106184,100014,6170
106186,100016,6170
106188,100018,6170
106189,100019,6170
106190,100020,6170
106191,100021,6170
106193,100023,6170
106195,100025,6170
106197,100027,6170
106198,100028,6170
106199,100029,6170
106201,100031,6170
106203,100033,6170
106204,100034,6170
106205,100035,6170
106206,100036,6170
106208,100038,6170
106209,100039,6170
106210,100040,6170
106212,100042,6170
106213,100043,6170
106214,100044,6170
106215,100045,6170
106216,100046,6170
106218,100048,6170
106219,100049,6170
106220,100050,6170
106221,100051,6170
106222,100052,6170
106223,100053,6170
106225,100055,6170
106226,100056,6170
106228,100058,6170
106230,100060,6170
106231,100061,6170
106232,100062,6170
106233,100063,6170
106235,100065,6170
106237,100067,6170
106238,100068,6170
106239,100069,6170
106240,100070,6170
106241,100071,6170
106242,100072,6170
106243,100073,6170
106244,100074,6170
106245,100075,6170
106247,100077,6170
106248,100078,6170
106250,100080,6170
106251,100081,6170
106253,100083,6170
106254,100084,6170
106255,100085,6170
106256,100086,6170
106257,100087,6170
106259,100089,6170
106260,100090,6170
106261,100091,6170
106262,100092,6170
106264,100094,6170
106266,100096,6170
106267,100097,6170
106268,100098,6170
106269,100099,6170
106270,100100,6170
106272,100102,6170
106273,100103,6170
106275,100105,6170
106276,100106,6170
106277,100107,6170
106279,100109,6170
106280,100110,6170
106282,100112,6170
106284,100114,6170
106286,100116,6170
106287,100117,6170
106289,100119,6170
106290,100120,6170
106292,100122,6170
106294,100124,6170
106296,100126,6170
106297,100127,6170
106298,100128,6170
106300,100130,6170
106302,100132,6170
106303,100133,6170
106304,100134,6170
106305,100135,6170
106307,100137,6170
106308,100138,6170
106310,100138,6172
106312,100140,6172
106313,100141,6172
106314,100142,6172
106315,100143,6172
106316,100144,6172
106318,100146,6172
106319,100147,6172
106320,100148,6172
106321,100149,6172
106322,100150,6172
106323,100151,6172
106325,100153,6172
106326,100154,6172
106328,100156,6172
106329,100157,6172
106331,100159,6172
106332,100160,6172
106333,100161,6172
106334,100162,6172
106335,100163,6172
106337,100163,6174
106339,100165,6174
106340,100166,6174
106341,100167,6174
106343,100169,6174
106345,100171,6174
106346,100172,6174
106347,100173,6174
106348,100174,6174
106349,100175,6174
106351,100177,6174
106353,100179,6174
106354,100180,6174
106356,100182,6174
106357,100183,6174
106358,100184,6174
106360,100186,6174
106361,100187,6174
106363,100189,6174
106364,100190,6174
106366,100192,6174
106368,100194,6174
106370,100196,6174
106371,100197,6174
106372,100198,6174
106374,100200,6174
106375,100200,6175
106376,100201,6175
106377,100202,6175
106378,100203,6175
106379,100204,6175
106380,100205,6175
106381,100206,6175
106382,100207,6175
106384,100209,6175
106386,100210,6176
106387,100211,6176
106388,100212,6176
106389,100213,6176
106390,100214,6176
106391,100215,6176
106393,100217,6176
106395,100219,6176
106396,100220,6176
106397,100221,6176
106398,100222,6176
106400,100224,6176
106402,100226,6176
106404,100228,6176
106406,100230,6176
106407,100231,6176
106409,100233,6176
106410,100234,6176
106412,100236,6176
106413,100237,6176
106414,100238,6176
106415,100239,6176
106417,100241,6176
106419,100243,6176
106420,100244,6176
106421,100245,6176
106422,100246,6176
106423,100247,6176
106425,100249,6176
106427,100251,6176
106428,100252,6176
106430,100254,6176
106431,100255,6176
106432,100256,6176
106434,100258,6176
106436,100260,6176
106437,100261,6176
106438,100262,6176
106439,100263,6176
106440,100264,6176
106441,100265,6176
106442,100266,6176
106443,100267,6176
106444,100268,6176
106445,100269,6176
106446,100270,6176
106447,100271,6176
106448,100272,6176
106449,100273,6176
106451,100275,6176
106453,100277,6176
106454,100278,6176
106455,100279,6176
106457,100280,6177
106458,100281,6177
106459,100282,6177
106460,100283,6177
106461,100284,6177
106463,100286,6177
106464,100287,6177
106465,100288,6177
106467,100290,6177
106468,100291,6177
106469,100292,6177
106470,100293,6177
106471,100294,6177
106472,100295,6177
106474,100297,6177
106475,100298,6177
106476,100299,6177
106477,100300,6177
106478,100301,6177
106480,100303,6177
106481,100304,6177
106483,100306,6177
106484,100307,6177
106485,100308,6177
106486,100309,6177
106487,100310,6177
106489,100312,6177
106490,100313,6177
106491,100314,6177
106492,100315,6177
106493,100316,6177
106494,100317,6177
106496,100319,6177
106497,100320,6177
106498,100321,6177
106499,100322,6177
106501,100324,6177
106502,100325,6177
106503,100326,6177
106504,100327,6177
106505,100328,6177
106506,100329,6177
106507,100330,6177
106508,100331,6177
106509,100332,6177
106511,100334,6177
106512,100335,6177
106513,100336,6177
106514,100337,6177
106515,100338,6177
106516,100339,6177
106517,100340,6177
106519,100342,6177
106520,100343,6177
106521,100344,6177
106522,100345,6177
106524,100347,6177
106525,100348,6177
106527,100350,6177
106529,100352,6177
106530,100353,6177
106531,100354,6177
106532,100355,6177
106533,100356,6177
106535,100358,6177
106536,100359,6177
106537,100360,6177
106538,100361,6177
106540,100363,6177
106541,100364,6177
106542,100365,6177
106543,100366,6177
106544,100367,6177
106545,100368,6177
106546,100369,6177
106547,100370,6177
106548,100371,6177
106549,100372,6177
106550,100373,6177
106551,100374,6177
106553,100376,6177
106554,100377,6177
106556,100379,6177
106557,100380,6177
106558,100381,6177
106559,100382,6177
106560,100383,6177
106561,100384,6177
106562,100385,6177
106563,100386,6177
106564,100387,6177
106565,100388,6177
106566,100389,6177
106567,100390,6177
106569,100392,6177
106570,100393,6177
106572,100395,6177
106573,100396,6177
106574,100397,6177
106575,100398,6177
106576,100399,6177
106578,100401,6177
106579,100402,6177
106580,100403,6177
106582,100405,6177
106584,100407,6177
106586,100409,6177
106587,100410,6177
106588,100411,6177
106589,100412,6177
106591,100414,6177
106593,100416,6177
106594,100417,6177
106595,100418,6177
106596,100419,6177
106597,100420,6177
106599,100422,6177
106600,100423,6177
106601,100424,6177
106603,100426,6177
106604,100427,6177
106605,100428,6177
106607,100430,6177
106609,100432,6177
106610,100433,6177
106611,100434,6177
106612,100435,6177
106613,100436,6177
106614,100437,6177
106616,100439,6177
106618,100441,6177
106619,100442,6177
106620,100443,6177
106621,100444,6177
106622,100445,6177
106623,100446,6177
106624,100447,6177
106625,100448,6177
106626,100449,6177
106627,100450,6177
106628,100451,6177
106630,100453,6177
106631,100454,6177
106632,100455,6177
106633,100456,6177
106635,100458,6177
106636,100459,6177
106637,100460,6177
106639,100462,6177
106640,100463,6177
106641,100464,6177
106642,100465,6177
106643,100466,6177
106644,100467,6177
106645,100468,6177
106647,100470,6177
106648,100471,6177
106649,100472,6177
106650,100473,6177
106651,100474,6177
106653,100476,6177
106654,100477,6177
106655,100478,6177
106656,100479,6177
106657,100480,6177
106658,100481,6177
106660,100483,6177
106661,100484,6177
106662,100485,6177
106663,100486,6177
106665,100488,6177
106667,100490,6177
106668,100491,6177
106669,100492,6177
106670,100493,6177
106672,100495,6177
106673,100496,6177
106675,100498,6177
106676,100499,6177
106677,100500,6177
106678,100501,6177
106679,100502,6177
106680,100503,6177
106681,100504,6177
106682,100505,6177
106684,100507,6177
106685,100508,6177
106687,100510,6177
106688,100511,6177
106690,100513,6177
106692,100515,6177
106694,100517,6177
106695,100518,6177
106697,100520,6177
106698,100521,6177
106700,100523,6177
106702,100525,6177
106703,100526,6177
106704,100527,6177
106706,100529,6177
106707,100530,6177
106709,100532,6177
106710,100533,6177
106711,100534,6177
106712,100535,6177
106714,100537,6177
106715,100538,6177
106716,100539,6177
106718,100541,6177
106719,100542,6177
106721,100544,6177
106722,100545,6177
106723,100546,6177
106724,100547,6177
106725,100548,6177
106726,100549,6177
106728,100551,6177
106730,100553,6177
106731,100554,6177
106732,100555,6177
106733,100556,6177
106734,100557,6177
106736,100559,6177
106737,100560,6177
106738,100561,6177
106740,100563,6177
106741,100564,6177
106742,100565,6177
106743,100566,6177
106744,100567,6177
106745,100568,6177
106746,100569,6177
106747,100570,6177
106748,100571,6177
106750,100573,6177
106751,100574,6177
106752,100575,6177
106753,100576,6177
106755,100578,6177
106756,100579,6177
106757,100579,6178
106758,100580,6178
106759,100581,6178
106761,100583,6178
106762,100584,6178
106763,100585,6178
106764,100586,6178
106765,100587,6178
106767,100589,6178
106768,100590,6178
106770,100592,6178
106771,100593,6178
106773,100595,6178
106774,100596,6178
106775,100597,6178
106776,100597,6179
106777,100598,6179
106778,100599,6179
106780,100601,6179
106781,100602,6179
106782,100603,6179
106783,100604,6179
106784,100605,6179
106786,100607,6179
106787,100608,6179
106788,100609,6179
106790,100611,6179
106791,100612,6179
106792,100612,6180
106793,100613,6180
106794,100614,6180
106796,100616,6180
106797,100617,6180
106799,100619,6180
106800,100620,6180
106802,100622,6180
106803,100623,6180
106804,100624,6180
106806,100626,6180
106807,100627,6180
106808,100628,6180
106809,100629,6180
106811,100631,6180
106812,100632,6180
106813,100633,6180
106814,100634,6180
106816,100636,6180
106817,100637,6180
106818,100638,6180
106819,100639,6180
106821,100641,6180
106822,100642,6180
106823,100643,6180
106824,100644,6180
106826,100646,6180
106828,100648,6180
106829,100649,6180
106831,100651,6180
106832,100652,6180
106833,100653,6180
106834,100654,6180
106835,100655,6180
106837,100657,6180
106838,100658,6180
106839,100659,6180
106840,100660,6180
106841,100661,6180
106842,100662,6180
106843,100663,6180
106845,100665,6180
106846,100666,6180
106847,100667,6180
106848,100668,6180
106849,100669,6180
106851,100671,6180
106853,100673,6180
106854,100674,6180
106856,100676,6180
106857,100677,6180
106859,100679,6180
106861,100681,6180
106862,100682,6180
106863,100683,6180
106864,100684,6180
106865,100685,6180
106867,100687,6180
106868,100688,6180
106870,100690,6180
106871,100691,6180
106872,100692,6180
106874,100694,6180
106875,100695,6180
106877,100697,6180
106878,100698,6180
106880,100700,6180
106881,100701,6180
106883,100703,6180
106884,100704,6180
106886,100706,6180
106887,100707,6180
106888,100708,6180
106889,100709,6180
106890,100710,6180
106892,100712,6180
106894,100712,6182
106895,100713,6182
106897,100715,6182
106898,100716,6182
106900,100718,6182
106902,100720,6182
106904,100722,6182
106905,100723,6182
106907,100725,6182
106908,100726,6182
106910,100728,6182
106911,100729,6182
106912,100730,6182
106914,100732,6182
106915,100733,6182
106916,100734,6182
106917,100735,6182
106918,100736,6182
106920,100738,6182
106921,100739,6182
106922,100740,6182
106923,100741,6182
106924,100742,6182
106925,100743,6182
106926,100744,6182
106927,100745,6182
106928,100746,6182
106930,100748,6182
106931,100749,6182
106932,100750,6182
106933,100751,6182
106934,100752,6182
106935,100753,6182
106936,100754,6182
106937,100755,6182
106938,100756,6182
106940,100758,6182
106941,100759,6182
106942,100760,6182
106943,100761,6182
106944,100762,6182
106945,100763,6182
106946,100764,6182
106947,100765,6182
106948,100766,6182
106950,100768,6182
106951,100769,6182
106952,100770,6182
106953,100771,6182
106954,100772,6182
106955,100773,6182
106956,100774,6182
106957,100775,6182
106958,100776,6182
106960,100778,6182
106961,100779,6182
106962,100780,6182
106963,100781,6182
106964,100782,6182
106965,100783,6182
106966,100784,6182
106967,100785,6182
106968,100786,6182
106970,100788,6182
106971,100789,6182
106972,100790,6182
106973,100791,6182
106974,100792,6182
106975,100793,6182
106976,100794,6182
106977,100795,6182
106978,100796,6182
106980,100798,6182
106981,100799,6182
106982,100800,6182
106983,100801,6182
106984,100802,6182
106985,100803,6182
106986,100804,6182
106987,100805,6182
106988,100806,6182
106990,100808,6182
106991,100809,6182
106992,100810,6182
106993,100811,6182
106994,100812,6182
106995,100813,6182
106996,100814,6182
106997,100815,6182
106998,100816,6182
107000,100818,6182
107001,100819,6182
107002,100820,6182
107003,100821,6182
107004,100822,6182
107005,100823,6182
107006,100824,6182
107007,100825,6182
107008,100826,6182
107010,100828,6182
107011,100829,6182
107012,100830,6182
107013,100831,6182
107014,100832,6182
107015,100833,6182
107016,100834,6182
107017,100835,6182
107018,100836,6182
107020,100838,6182
107021,100839,6182
107022,100840,6182
107023,100841,6182
107024,100842,6182
107025,100843,6182
107027,100845,6182
107029,100847,6182
107030,100848,6182
107031,100849,6182
107033,100851,6182
107035,100853,6182
107036,100854,6182
107037,100855,6182
107039,100857,6182
107040,100858,6182
107041,100859,6182
107042,100860,6182
107044,100862,6182
107045,100863,6182
107046,100864,6182
107047,100865,6182
107049,100867,6182
107051,100869,6182
107052,100870,6182
107053,100871,6182
107055,100873,6182
107057,100875,6182
107058,100876,6182
107059,100877,6182
107061,100879,6182
107063,100881,6182
107064,100882,6182
107066,100884,6182
107068,100886,6182
107069,100887,6182
107071,100889,6182
107073,100891,6182
107075,100893,6182
107076,100894,6182
107077,100895,6182
107079,100897,6182
107081,100899,6182
107082,100900,6182
107084,100902,6182
107086,100904,6182
107087,100905,6182
107088,100906,6182
107090,100908,6182
107091,100909,6182
107093,100911,6182
107094,100912,6182
107095,100913,6182
107097,100915,6182
107099,100917,6182
107100,100918,6182
107102,100920,6182
107103,100921,6182
107105,100923,6182
107106,100924,6182
107108,100926,6182
107110,100928,6182
107112,100930,6182
107113,100931,6182
107115,100933,6182
107116,100934,6182
107118,100936,6182
107119,100937,6182
107121,100939,6182
107122,100940,6182
107123,100941,6182
107124,100942,6182
107125,100943,6182
107126,100944,6182
107127,100945,6182
107128,100946,6182
107129,100947,6182
107130,100948,6182
107131,100949,6182
107132,100950,6182
107133,100951,6182
107134,100952,6182
107135,100953,6182
107137,100955,6182
107138,100956,6182
107139,100957,6182
107140,100958,6182
107142,100960,6182
107143,100961,6182
107144,100962,6182
107146,100964,6182
107148,100966,6182
107149,100967,6182
107151,100969,6182
107153,100971,6182
107155,100973,6182
107156,100974,6182
107157,100975,6182
107158,100976,6182
107159,100977,6182
107160,100978,6182
107162,100980,6182
107163,100981,6182
107165,100983,6182
107167,100985,6182
107169,100987,6182
107170,100988,6182
107172,100990,6182
107173,100991,6182
107175,100993,6182
107176,100994,6182
107177,100995,6182
107178,100996,6182
107180,100998,6182
107182,101000,6182
107183,101001,6182
107184,101002,6182
107185,101003,6182
107187,101005,6182
107189,101007,6182
107190,101008,6182
107192,101010,6182
107193,101011,6182
107194,101012,6182
107195,101013,6182
107197,101015,6182
107198,101016,6182
107199,101017,6182
107200,101018,6182
107201,101019,6182
107203,101021,6182
107204,101022,6182
107205,101023,6182
107206,101024,6182
107208,101026,6182
107209,101027,6182
107210,101028,6182
107211,101029,6182
107212,101030,6182
107214,101032,6182
107216,101034,6182
107217,101035,6182
107219,101037,6182
107220,101038,6182
107221,101039,6182
107222,101040,6182
107223,101041,6182
107225,101043,6182
107227,101045,6182
107228,101046,6182
107229,101047,6182
107230,101048,6182
107231,101049,6182
107233,101051,6182
107235,101053,6182
107236,101054,6182
107237,101055,6182
107238,101056,6182
107240,101058,6182
107242,101060,6182
107243,101061,6182
107244,101062,6182
107245,101063,6182
107247,101065,6182
107248,101066,6182
107250,101068,6182
107252,101070,6182
107254,101072,6182
107255,101073,6182
107256,101074,6182
107257,101075,6182
107259,101077,6182
107260,101078,6182
107261,101079,6182
107262,101080,6182
107263,101081,6182
107264,101082,6182
107266,101084,6182
107267,101085,6182
107269,101087,6182
107271,101089,6182
107272,101090,6182
107273,101091,6182
107274,101092,6182
107276,101094,6182
107278,101096,6182
107279,101097,6182
107280,101098,6182
107281,101099,6182
107282,101100,6182
107283,101101,6182
107284,101102,6182
107285,101103,6182
107286,101104,6182
107287,101105,6182
107288,101106,6182
107290,101108,6182
107291,101109,6182
107293,101111,6182
107294,101112,6182
107295,101113,6182
107296,101114,6182
107297,101115,6182
107299,101117,6182
107300,101118,6182
107301,101119,6182
107302,101120,6182
107304,101122,6182
107306,101124,6182
107307,101125,6182
107308,101126,6182
107309,101127,6182
107310,101128,6182
107312,101130,6182
107313,101131,6182
107315,101133,6182
107316,101134,6182
107317,101135,6182
107318,101136,6182
107319,101137,6182
107321,101139,6182
107323,101141,6182
107325,101143,6182
107326,101144,6182
107327,101145,6182
107328,101146,6182
107330,101148,6182
107332,101150,6182
107334,101152,6182
107335,101153,6182
107336,101154,6182
107338,101156,6182
107340,101158,6182
107341,101159,6182
107342,101160,6182
107343,101161,6182
107345,101163,6182
107346,101164,6182
107347,101165,6182
107349,101167,6182
107350,101168,6182
107351,101169,6182
107352,101170,6182
107353,101171,6182
107355,101173,6182
107356,101174,6182
107357,101175,6182
107358,101176,6182
107359,101177,6182
107360,101178,6182
107362,101180,6182
107363,101181,6182
107365,101183,6182
107367,101185,6182
107368,101186,6182
107369,101187,6182
107370,101188,6182
107372,101190,6182
107374,101192,6182
107375,101193,6182
107376,101194,6182
107377,101195,6182
107378,101196,6182
107379,101197,6182
107380,101198,6182
107381,101199,6182
107382,101200,6182
107384,101202,6182
107385,101203,6182
107387,101205,6182
107388,101206,6182
107390,101208,6182
107391,101209,6182
107392,101210,6182
107393,101211,6182
107394,101212,6182
107396,101214,6182
107397,101215,6182
107398,101216,6182
107399,101217,6182
107401,101219,6182
107403,101221,6182
107404,101222,6182
107405,101223,6182
107406,101224,6182
107407,101225,6182
107409,101227,6182
107410,101228,6182
107412,101230,6182
107413,101231,6182
107414,101232,6182
107416,101234,6182
107417,101235,6182
107419,101237,6182
107421,101239,6182
107423,101241,6182
107424,101242,6182
107426,101244,6182
107427,101245,6182
107429,101247,6182
107431,101249,6182
107433,101251,6182
107434,101252,6182
107435,101253,6182
107437,101255,6182
107439,101257,6182
107440,101258,6182
107441,101259,6182
107442,101260,6182
107444,101262,6182
107445,101263,6182
107447,101264,6183
107449,101266,6183
107450,101267,6183
107451,101268,6183
107452,101269,6183
107453,101270,6183
107455,101272,6183
107456,101273,6183
107457,101274,6183
107458,101275,6183
107459,101276,6183
107460,101277,6183
107462,101279,6183
107463,101280,6183
107465,101282,6183
107466,101283,6183
107468,101285,6183
107469,101286,6183
107470,101287,6183
107471,101288,6183
107472,101289,6183
107474,101289,6185
107476,101291,6185
107477,101292,6185
107478,101293,6185
107480,101295,6185
107482,101297,6185
107483,101298,6185
107484,101299,6185
107485,101300,6185
107486,101301,6185
107488,101303,6185
107490,101305,6185
107491,101306,6185
107493,101308,6185
107494,101309,6185
107495,101310,6185
107497,101312,6185
107498,101313,6185
107500,101315,6185
107501,101316,6185
107503,101318,6185
107505,101320,6185
107507,101322,6185
107508,101323,6185
107509,101324,6185
107511,101326,6185
107512,101326,6186
107513,101327,6186
107514,101328,6186
107515,101329,6186
107516,101330,6186
107517,101331,6186
107518,101332,6186
107519,101333,6186
107521,101335,6186
107522,101336,6186
107523,101337,6186
107524,101338,6186
107525,101339,6186
107526,101340,6186
107527,101341,6186
107529,101343,6186
107531,101345,6186
107532,101346,6186
107533,101347,6186
107534,101348,6186
107536,101350,6186
107538,101352,6186
107540,101354,6186
107542,101356,6186
107543,101357,6186
107545,101359,6186
107546,101360,6186
107548,101362,6186
107549,101363,6186
107550,101364,6186
107551,101365,6186
107553,101367,6186
107555,101369,6186
107556,101370,6186
107557,101371,6186
107558,101372,6186
107559,101373,6186
107561,101375,6186
107563,101377,6186
107564,101378,6186
107566,101380,6186
107567,101381,6186
107568,101382,6186
107570,101384,6186
107572,101386,6186
107573,101387,6186
107574,101388,6186
107575,101389,6186
107576,101390,6186
107577,101391,6186
107578,101392,6186
107579,101393,6186
107580,101394,6186
107581,101395,6186
107582,101396,6186
107583,101397,6186
107584,101398,6186
107585,101399,6186
107587,101401,6186
107589,101403,6186
107590,101404,6186
107591,101405,6186
107593,101406,6187
107594,101407,6187
107595,101408,6187
107596,101409,6187
107597,101410,6187
107599,101412,6187
107600,101413,6187
107601,101414,6187
107603,101416,6187
107604,101417,6187
107605,101418,6187
107606,101419,6187
107607,101420,6187
107608,101421,6187
107610,101423,6187
107611,101424,6187
107612,101425,6187
107613,101426,6187
107614,101427,6187
107616,101429,6187
107617,101430,6187
107619,101432,6187
107620,101433,6187
107621,101434,6187
107622,101435,6187
107623,101436,6187
107625,101438,6187
107626,101439,6187
107627,101440,6187
107628,101441,6187
107629,101442,6187
107630,101443,6187
107632,101445,6187
107633,101446,6187
107634,101447,6187
107635,101448,6187
107637,101450,6187
107638,101451,6187
107639,101452,6187
107640,101453,6187
107641,101454,6187
107642,101455,6187
107643,101456,6187
107644,101457,6187
107645,101458,6187
107647,101460,6187
107648,101461,6187
107649,101462,6187
107650,101463,6187
107651,101464,6187
107652,101465,6187
107653,101466,6187
107655,101468,6187
107656,101469,6187
107657,101470,6187
107658,101471,6187
107660,101473,6187
107661,101474,6187
107663,101476,6187
107665,101478,6187
107666,101479,6187
107667,101480,6187
107668,101481,6187
107669,101482,6187
107671,101484,6187
107672,101485,6187
107673,101486,6187
107674,101487,6187
107676,101489,6187
107677,101490,6187
107678,101491,6187
107679,101492,6187
107680,101493,6187
107681,101494,6187
107682,101495,6187
107683,101496,6187
107684,101497,6187
107685,101498,6187
107686,101499,6187
107687,101500,6187
107689,101502,6187
107690,101503,6187
107692,101505,6187
107693,101506,6187
107694,101507,6187
107695,101508,6187
107696,101509,6187
107697,101510,6187
107698,101511,6187
107699,101512,6187
107700,101513,6187
107701,101514,6187
107702,101515,6187
107703,101516,6187
107705,101518,6187
107706,101519,6187
107708,101521,6187
107709,101522,6187
107710,101523,6187
107711,101524,6187
107712,101525,6187
107714,101527,6187
107715,101528,6187
107716,101529,6187
107718,101531,6187
107720,101533,6187
107722,101535,6187
107723,101536,6187
107724,101537,6187
107725,101538,6187
107727,101540,6187
107729,101542,6187
107730,101543,6187
107731,101544,6187
107732,101545,6187
107733,101546,6187
107735,101548,6187
107736,101549,6187
107737,101550,6187
107739,101552,6187
107740,101553,6187
107741,101554,6187
107743,101556,6187
107745,101558,6187
107746,101559,6187
107747,101560,6187
107748,101561,6187
107749,101562,6187
107750,101563,6187
107752,101565,6187
107754,101567,6187
107755,101568,6187
107756,101569,6187
107757,101570,6187
107758,101571,6187
107759,101572,6187
107760,101573,6187
107761,101574,6187
107762,101575,6187
107763,101576,6187
107764,101577,6187
107766,101579,6187
107767,101580,6187
107768,101581,6187
107769,101582,6187
107771,101584,6187
107772,101585,6187
107773,101586,6187
107775,101588,6187
107776,101589,6187
107777,101590,6187
107778,101591,6187
107779,101592,6187
107780,101593,6187
107781,101594,6187
107783,101596,6187
107784,101597,6187
107785,101598,6187
107786,101599,6187
107787,101600,6187
107789,101602,6187
107790,101603,6187
107791,101604,6187
107792,101605,6187
107793,101606,6187
107794,101607,6187
107796,101609,6187
107797,101610,6187
107798,101611,6187
107799,101612,6187
107801,101614,6187
107803,101616,6187
107804,101617,6187
107805,101618,6187
107806,101619,6187
107808,101621,6187
107809,101622,6187
107811,101624,6187
107812,101625,6187
107813,101626,6187
107814,101627,6187
107815,101628,6187
107816,101629,6187
107817,101630,6187
107818,101631,6187
107820,101633,6187
107821,101634,6187
107823,101636,6187
107824,101637,6187
107826,101639,6187
107828,101641,6187
107830,101643,6187
107831,101644,6187
107833,101646,6187
107834,101647,6187
107836,101649,6187
107838,101651,6187
107839,101652,6187
107840,101653,6187
107842,101655,6187
107843,101656,6187
107845,101658,6187
107846,101659,6187
107847,101660,6187
107848,101661,6187
107850,101663,6187
107851,101664,6187
107852,101665,6187
107854,101667,6187
107855,101668,6187
107857,101670,6187
107858,101671,6187
107859,101672,6187
107860,101673,6187
107861,101674,6187
107862,101675,6187
107864,101677,6187
107866,101679,6187
107867,101680,6187
107868,101681,6187
107869,101682,6187
107870,101683,6187
107872,101685,6187
107873,101686,6187
107874,101687,6187
107876,101689,6187
107877,101690,6187
107878,101691,6187
107879,101692,6187
107880,101693,6187
107881,101694,6187
107883,101695,6188
107884,101696,6188
107886,101697,6189
107888,101699,6189
107889,101700,6189
107890,101701,6189
107891,101702,6189
107893,101704,6189
107894,101705,6189
107896,101706,6190
107897,101707,6190
107898,101708,6190
107900,101710,6190
107901,101711,6190
107902,101712,6190
107903,101713,6190
107904,101714,6190
107906,101716,6190
107907,101717,6190
107908,101718,6190
107909,101719,6190
107911,101721,6190
107912,101722,6190
107913,101723,6190
107914,101723,6191
107915,101724,6191
107916,101725,6191
107918,101727,6191
107919,101728,6191
107920,101729,6191
107921,101730,6191
107922,101731,6191
107924,101733,6191
107925,101734,6191
107926,101735,6191
107928,101737,6191
107929,101738,6191
107930,101738,6192
107931,101739,6192
107932,101740,6192
107934,101742,6192
107935,101743,6192
107937,101745,6192
107938,101746,6192
107940,101748,6192
107941,101749,6192
107942,101750,6192
107944,101752,6192
107945,101753,6192
107946,101754,6192
107947,101755,6192
107949,101757,6192
107950,101758,6192
107951,101759,6192
107952,101760,6192
107954,101762,6192
107955,101763,6192
107956,101764,6192
107957,101765,6192
107959,101767,6192
107960,101768,6192
107961,101769,6192
107962,101770,6192
107964,101772,6192
107966,101774,6192
107967,101775,6192
107969,101777,6192
107970,101778,6192
107971,101779,6192
107972,101780,6192
107973,101781,6192
107975,101783,6192
107976,101784,6192
107977,101785,6192
107978,101786,6192
107979,101787,6192
107980,101788,6192
107981,101789,6192
107983,101791,6192
107984,101792,6192
107985,101793,6192
107986,101794,6192
107987,101795,6192
107989,101797,6192
107991,101799,6192
107992,101800,6192
107994,101802,6192
107995,101803,6192
107997,101805,6192
107999,101807,6192
108000,101808,6192
108001,101809,6192
108002,101810,6192
108003,101811,6192
108005,101813,6192
108006,101814,6192
108008,101816,6192
108009,101817,6192
108010,101818,6192
108012,101820,6192
108013,101821,6192
108015,101823,6192
108016,101824,6192
108018,101826,6192
108019,101827,6192
108021,101829,6192
108022,101830,6192
108024,101832,6192
108025,101833,6192
108026,101834,6192
108027,101835,6192
108028,101836,6192
108030,101838,6192
108031,101838,6193
108032,101839,6193
108034,101841,6193
108035,101842,6193
108037,101844,6193
108039,101846,6193
108041,101848,6193
108042,101849,6193
108044,101851,6193
108045,101852,6193
108047,101854,6193
108048,101855,6193
108049,101856,6193
108051,101858,6193
108052,101859,6193
108053,101860,6193
108054,101861,6193
108055,101862,6193
108057,101864,6193
108058,101865,6193
108059,101866,6193
108060,101867,6193
108061,101868,6193
108062,101869,6193
108063,101870,6193
108064,101871,6193
108065,101872,6193
108067,101874,6193
108068,101875,6193
108070,101876,6194
108071,101877,6194
108072,101878,6194
108073,101879,6194
108074,101880,6194
108075,101881,6194
108076,101882,6194
108078,101884,6194
108079,101885,6194
108080,101886,6194
108081,101887,6194
108082,101888,6194
108083,101889,6194
108084,101890,6194
108085,101891,6194
108086,101892,6194
108088,101894,6194
108089,101895,6194
108090,101896,6194
108091,101897,6194
108092,101898,6194
108093,101899,6194
108094,101900,6194
108095,101901,6194
108096,101902,6194
108098,101904,6194
108099,101905,6194
108100,101906,6194
108101,101907,6194
108102,101908,6194
108103,101909,6194
108104,101910,6194
108105,101911,6194
108106,101912,6194
108108,101914,6194
108109,101915,6194
108110,101916,6194
108111,101917,6194
108112,101918,6194
108113,101919,6194
108114,101920,6194
108115,101921,6194
108116,101922,6194
108118,101924,6194
108119,101925,6194
108120,101926,6194
108121,101927,6194
108122,101928,6194
108123,101929,6194
108124,101930,6194
108125,101931,6194
108126,101932,6194
108128,101934,6194
108129,101935,6194
108130,101936,6194
108131,101937,6194
108132,101938,6194
108133,101939,6194
108134,101940,6194
108135,101941,6194
108136,101942,6194
108138,101944,6194
108139,101945,6194
108140,101946,6194
108141,101947,6194
108142,101948,6194
108143,101949,6194
108144,101950,6194
108145,101951,6194
108146,101952,6194
108148,101954,6194
108149,101955,6194
108150,101956,6194
108151,101957,6194
108152,101958,6194
108153,101959,6194
108155,101961,6194
108157,101963,6194
108158,101964,6194
108159,101965,6194
108161,101967,6194
108163,101969,6194
108164,101970,6194
108165,101971,6194
108167,101973,6194
108168,101974,6194
108169,101975,6194
108170,101976,6194
108172,101978,6194
108173,101979,6194
108174,101980,6194
108175,101981,6194
108177,101983,6194
108179,101985,6194
108180,101986,6194
108181,101987,6194
108183,101989,6194
108185,101991,6194
108186,101992,6194
108187,101993,6194
108189,101995,6194
108191,101997,6194
108192,101998,6194
108194,102000,6194
108196,102002,6194
108197,102003,6194
108199,102005,6194
108201,102007,6194
108203,102009,6194
108204,102010,6194
108205,102011,6194
108207,102013,6194
108209,102015,6194
108210,102016,6194
108212,102018,6194
108214,102020,6194
108215,102021,6194
108216,102022,6194
108218,102024,6194
108219,102025,6194
108221,102027,6194
108222,102028,6194
108223,102029,6194
108225,102031,6194
108227,102033,6194
108228,102034,6194
108230,102036,6194
108231,102037,6194
108233,102039,6194
108234,102040,6194
108236,102042,6194
108238,102044,6194
108240,102046,6194
108241,102047,6194
108243,102049,6194
108244,102050,6194
108246,102052,6194
108247,102053,6194
108249,102055,6194
108250,102056,6194
108251,102057,6194
108252,102058,6194
108253,102059,6194
108254,102060,6194
108255,102061,6194
108256,102062,6194
108257,102063,6194
108258,102064,6194
108259,102065,6194
108260,102066,6194
108261,102067,6194
108262,102068,6194
108263,102069,6194
108265,102071,6194
108266,102072,6194
108267,102073,6194
108268,102074,6194
108270,102076,6194
108271,102077,6194
108272,102078,6194
108274,102080,6194
108276,102082,6194
108277,102083,6194
108279,102085,6194
108281,102087,6194
108283,102089,6194
108284,102090,6194
108285,102091,6194
108286,102092,6194
108287,102093,6194
108288,102094,6194
108290,102096,6194
108291,102097,6194
108293,102099,6194
108295,102101,6194
108297,102103,6194
108298,102104,6194
108300,102106,6194
108301,102107,6194
108303,102109,6194
108304,102110,6194
108305,102111,6194
108306,102112,6194
108308,102114,6194
108310,102116,6194
108311,102117,6194
108312,102118,6194
108313,102119,6194
108315,102121,6194
108317,102123,6194
108318,102124,6194
108320,102126,6194
108321,102127,6194
108322,102128,6194
108323,102129,6194
108325,102131,6194
108326,102132,6194
108327,102133,6194
108328,102134,6194
108329,102135,6194
108331,102137,6194
108332,102138,6194
108333,102139,6194
108334,102140,6194
108336,102142,6194
108337,102143,6194
108338,102144,6194
108339,102145,6194
108340,102146,6194
108342,102148,6194
108344,102150,6194
108345,102151,6194
108347,102153,6194
108348,102154,6194
108349,102155,6194
108350,102156,6194
108351,102157,6194
108353,102159,6194
108355,102161,6194
108356,102162,6194
108357,102163,6194
108358,102164,6194
108359,102165,6194
108361,102167,6194
108363,102169,6194
108364,102170,6194
108365,102171,6194
108366,102172,6194
108368,102174,6194
108370,102176,6194
108371,102177,6194
108372,102178,6194
108373,102179,6194
108375,102181,6194
108376,102182,6194
108378,102184,6194
108380,102186,6194
108382,102188,6194
108383,102189,6194
108384,102190,6194
108385,102191,6194
108387,102193,6194
108388,102194,6194
108389,102195,6194
108390,102196,6194
108391,102197,6194
108392,102198,6194
108394,102200,6194
108395,102201,6194
108397,102203,6194
108399,102205,6194
108400,102206,6194
108401,102207,6194
108402,102208,6194
108404,102210,6194
108406,102212,6194
108407,102213,6194
108408,102214,6194
108409,102215,6194
108410,102216,6194
108411,102217,6194
108412,102218,6194
108413,102219,6194
108414,102220,6194
108415,102221,6194
108416,102222,6194
108418,102224,6194
108419,102225,6194
108421,102227,6194
108422,102228,6194
108423,102229,6194
108424,102230,6194
108425,102231,6194
108427,102233,6194
108428,102234,6194
108429,102235,6194
108430,102236,6194
108432,102238,6194
108434,102240,6194
108435,102241,6194
108436,102242,6194
108437,102243,6194
108438,102244,6194
108440,102246,6194
108441,102247,6194
108443,102249,6194
108444,102250,6194
108445,102251,6194
108446,102252,6194
108447,102253,6194
108449,102255,6194
108451,102257,6194
108453,102259,6194
108454,102260,6194
108455,102261,6194
108456,102262,6194
108458,102264,6194
108460,102266,6194
108462,102268,6194
108463,102269,6194
108464,102270,6194
108466,102272,6194
108468,102274,6194
108469,102275,6194
108470,102276,6194
108471,102277,6194
108473,102279,6194
108474,102280,6194
108475,102281,6194
108477,102283,6194
108478,102284,6194
108479,102285,6194
108480,102286,6194
108481,102287,6194
108483,102289,6194
108484,102290,6194
108485,102291,6194
108486,102292,6194
108487,102293,6194
108488,102294,6194
108490,102296,6194
108491,102297,6194
108493,102299,6194
108495,102301,6194
108496,102302,6194
108497,102303,6194
108498,102304,6194
108500,102306,6194
108502,102308,6194
108503,102309,6194
108504,102310,6194
108505,102311,6194
108506,102312,6194
108507,102313,6194
108508,102314,6194
108509,102315,6194
108510,102316,6194
108512,102318,6194
108513,102319,6194
108515,102321,6194
108516,102322,6194
108518,102324,6194
108519,102325,6194
108520,102326,6194
108521,102327,6194
108522,102328,6194
108524,102330,6194
108525,102331,6194
108526,102332,6194
108527,102333,6194
108529,102335,6194
108531,102337,6194
108532,102338,6194
108533,102339,6194
108534,102340,6194
108535,102341,6194
108537,102343,6194
108538,102344,6194
108540,102346,6194
108541,102347,6194
108542,102348,6194
108544,102350,6194
108545,102351,6194
108547,102353,6194
108549,102355,6194
108551,102357,6194
108552,102358,6194
108554,102360,6194
108555,102361,6194
108557,102363,6194
108559,102365,6194
108561,102367,6194
108562,102368,6194
108563,102369,6194
108565,102371,6194
108567,102373,6194
108568,102374,6194
108569,102375,6194
108570,102376,6194
108572,102378,6194
108573,102379,6194
108574,102380,6194
108576,102382,6194
108577,102383,6194
108578,102384,6194
108579,102385,6194
108580,102386,6194
108582,102388,6194
108583,102389,6194
108584,102390,6194
108585,102391,6194
108586,102392,6194
108587,102393,6194
108589,102395,6194
108590,102396,6194
108592,102398,6194
108593,102399,6194
108595,102401,6194
108596,102402,6194
108597,102403,6194
108598,102404,6194
108599,102405,6194
108601,102405,6196
108603,102407,6196
108604,102408,6196
108605,102409,6196
108607,102411,6196
108609,102413,6196
108610,102414,6196
108611,102415,6196
108612,102416,6196
108613,102417,6196
108615,102419,6196
108617,102421,6196
108618,102422,6196
108620,102424,6196
108621,102425,6196
108622,102426,6196
108624,102428,6196
108625,102429,6196
108627,102431,6196
108628,102432,6196
108630,102434,6196
108632,102436,6196
108634,102438,6196
108635,102439,6196
108636,102440,6196
108638,102442,6196
108639,102442,6197
108640,102443,6197
108641,102444,6197
108642,102445,6197
108643,102446,6197
108644,102447,6197
108645,102448,6197
108646,102449,6197
108648,102451,6197
108650,102452,6198
108651,102453,6198
108652,102454,6198
108653,102455,6198
108654,102456,6198
108655,102457,6198
108657,102459,6198
108659,102461,6198
108660,102462,6198
108661,102463,6198
108662,102464,6198
108664,102466,6198
108666,102468,6198
108668,102470,6198
108670,102472,6198
108671,102473,6198
108673,102475,6198
108674,102476,6198
108676,102478,6198
108677,102479,6198
108678,102480,6198
108679,102481,6198
108681,102483,6198
108683,102485,6198
108684,102486,6198
108685,102487,6198
108686,102488,6198
108687,102489,6198
108689,102491,6198
108691,102493,6198
108692,102494,6198
108694,102496,6198
108695,102497,6198
108696,102498,6198
108698,102500,6198
108700,102502,6198
108701,102503,6198
108702,102504,6198
108703,102505,6198
108704,102506,6198
108705,102507,6198
108706,102508,6198
108707,102509,6198
108708,102510,6198
108709,102511,6198
108710,102512,6198
108711,102513,6198
108712,102514,6198
108713,102515,6198
108715,102517,6198
108717,102519,6198
108718,102520,6198
108719,102521,6198
108721,102522,6199
108722,102523,6199
108723,102524,6199
108724,102525,6199
108725,102526,6199
108727,102528,6199
108728,102529,6199
108729,102530,6199
108731,102532,6199
108732,102533,6199
108733,102534,6199
108734,102535,6199
108735,102536,6199
108736,102537,6199
108738,102539,6199
108739,102540,6199
108740,102541,6199
108741,102542,6199
108742,102543,6199
108744,102545,6199
108745,102546,6199
108747,102548,6199
108748,102549,6199
108749,102550,6199
108750,102551,6199
108751,102552,6199
108753,102554,6199
108754,102555,6199
108755,102556,6199
108756,102557,6199
108757,102558,6199
108758,102559,6199
108760,102561,6199
108761,102562,6199
108762,102563,6199
108763,102564,6199
108765,102566,6199
108766,102567,6199
108767,102568,6199
108768,102569,6199
108769,102570,6199
108770,102571,6199
108771,102572,6199
108772,102573,6199
108773,102574,6199
108775,102576,6199
108776,102577,6199
108777,102578,6199
108778,102579,6199
108779,102580,6199
108780,102581,6199
108781,102582,6199
108783,102584,6199
108784,102585,6199
108785,102586,6199
108786,102587,6199
108788,102589,6199
108789,102590,6199
108791,102592,6199
108793,102594,6199
108794,102595,6199
108795,102596,6199
108796,102597,6199
108797,102598,6199
108799,102600,6199
108800,102601,6199
108801,102602,6199
108802,102603,6199
108804,102605,6199
108805,102606,6199
108806,102607,6199
108807,102608,6199
108808,102609,6199
108809,102610,6199
108810,102611,6199
108811,102612,6199
108812,102613,6199
108813,102614,6199
108814,102615,6199
108815,102616,6199
108817,102618,6199
108818,102619,6199
108820,102621,6199
108821,102622,6199
108822,102623,6199
108823,102624,6199
108824,102625,6199
108825,102626,6199
108826,102627,6199
108827,102628,6199
108828,102629,6199
108829,102630,6199
108830,102631,6199
108831,102632,6199
108833,102634,6199
108834,102635,6199
108836,102637,6199
108837,102638,6199
108838,102639,6199
108839,102640,6199
108840,102641,6199
108842,102643,6199
108843,102644,6199
108844,102645,6199
108846,102647,6199
108848,102649,6199
108850,102651,6199
108851,102652,6199
108852,102653,6199
108853,102654,6199
108855,102656,6199
108857,102658,6199
108858,102659,6199
108859,102660,6199
108860,102661,6199
108861,102662,6199
108863,102664,6199
108864,102665,6199
108865,102666,6199
108866,102667,6199
108867,102668,6199
108868,102669,6199
108870,102671,6199
108872,102673,6199
108873,102674,6199
108874,102675,6199
108875,102676,6199
108876,102677,6199
108877,102678,6199
108879,102680,6199
108881,102682,6199
108882,102683,6199
108883,102684,6199
108884,102685,6199
108885,102686,6199
108886,102687,6199
108887,102688,6199
108888,102689,6199
108889,102690,6199
108890,102691,6199
108891,102692,6199
108893,102694,6199
108894,102695,6199
108895,102696,6199
108896,102697,6199
108898,102699,6199
108899,102700,6199
108900,102701,6199
108902,102703,6199
108903,102704,6199
108904,102705,6199
108905,102706,6199
108906,102707,6199
108907,102708,6199
108908,102709,6199
108910,102711,6199
108911,102712,6199
108912,102713,6199
108913,102714,6199
108914,102715,6199
108916,102717,6199
108917,102718,6199
108918,102719,6199
108919,102720,6199
108920,102721,6199
108921,102722,6199
108923,102724,6199
108924,102725,6199
108925,102726,6199
108926,102727,6199
108928,102729,6199
108930,102731,6199
108931,102732,6199
108932,102733,6199
108933,102734,6199
108935,102736,6199
108936,102737,6199
108938,102739,6199
108939,102740,6199
108940,102741,6199
108941,102742,6199
108942,102743,6199
108943,102744,6199
108944,102745,6199
108945,102746,6199
108947,102748,6199
108948,102749,6199
108950,102751,6199
108951,102752,6199
108953,102754,6199
108955,102756,6199
108957,102758,6199
108958,102759,6199
108960,102761,6199
108961,102762,6199
108963,102764,6199
108965,102766,6199
108966,102767,6199
108967,102768,6199
108969,102770,6199
108970,102771,6199
108972,102773,6199
108973,102774,6199
108974,102775,6199
108975,102776,6199
108977,102778,6199
108978,102779,6199
108979,102780,6199
108981,102782,6199
108982,102783,6199
108984,102785,6199
108985,102786,6199
108986,102787,6199
108987,102788,6199
108988,102789,6199
108989,102790,6199
108991,102792,6199
108993,102794,6199
108994,102795,6199
108995,102796,6199
108996,102797,6199
108997,102798,6199
108999,102800,6199
109000,102801,6199
109001,102802,6199
109003,102804,6199
109004,102805,6199
109005,102806,6199
109006,102807,6199
109007,102808,6199
109008,102809,6199
109009,102810,6199
109010,102811,6199
109011,102812,6199
109013,102814,6199
109014,102815,6199
109015,102816,6199
109016,102817,6199
109018,102819,6199
109019,102820,6199
109020,102820,6200
109021,102821,6200
109022,102822,6200
109024,102824,6200
109025,102825,6200
109026,102826,6200
109027,102827,6200
109028,102828,6200
109030,102830,6200
109031,102831,6200
109033,102833,6200
109034,102834,6200
109036,102836,6200
109037,102837,6200
109038,102838,6200
109039,102838,6201
109040,102839,6201
109041,102840,6201
109043,102842,6201
109044,102843,6201
109045,102844,6201
109046,102845,6201
109047,102846,6201
109049,102848,6201
109050,102849,6201
109051,102850,6201
109053,102852,6201
109054,102853,6201
109055,102853,6202
109056,102854,6202
109057,102855,6202
109059,102857,6202
109060,102858,6202
109062,102860,6202
109063,102861,6202
109065,102863,6202
109066,102864,6202
109067,102865,6202
109069,102867,6202
109070,102868,6202
109071,102869,6202
109072,102870,6202
109074,102872,6202
109075,102873,6202
109076,102874,6202
109077,102875,6202
109079,102877,6202
109080,102878,6202
109081,102879,6202
109082,102880,6202
109084,102882,6202
109085,102883,6202
109086,102884,6202
109087,102885,6202
109089,102887,6202
109091,102889,6202
109092,102890,6202
109094,102892,6202
109095,102893,6202
109096,102894,6202
109097,102895,6202
109098,102896,6202
109100,102898,6202
109101,102899,6202
109102,102900,6202
109103,102901,6202
109104,102902,6202
109105,102903,6202
109106,102904,6202
109108,102906,6202
109109,102907,6202
109110,102908,6202
109111,102909,6202
109112,102910,6202
109114,102912,6202
109116,102914,6202
109117,102915,6202
109119,102917,6202
109120,102918,6202
109122,102920,6202
109124,102922,6202
109125,102923,6202
109126,102924,6202
109127,102925,6202
109128,102926,6202
109130,102928,6202
109131,102929,6202
109133,102931,6202
109134,102932,6202
109135,102933,6202
109137,102935,6202
109138,102936,6202
109140,102938,6202
109141,102939,6202
109143,102941,6202
109144,102942,6202
109146,102944,6202
109147,102945,6202
109149,102947,6202
109150,102948,6202
109151,102949,6202
109152,102950,6202
109153,102951,6202
109155,102953,6202
109156,102953,6203
109157,102954,6203
109159,102956,6203
109160,102957,6203
109162,102959,6203
109164,102961,6203
109166,102963,6203
109167,102964,6203
109169,102966,6203
109170,102967,6203
109172,102969,6203
109173,102970,6203
109174,102971,6203
109176,102973,6203
109177,102974,6203
109178,102975,6203
109179,102976,6203
109180,102977,6203
109182,102979,6203
109183,102980,6203
109184,102981,6203
109185,102982,6203
109186,102983,6203
109187,102984,6203
109188,102985,6203
109189,102986,6203
109190,102987,6203
109192,102989,6203
109193,102990,6203
109194,102991,6203
109195,102992,6203
109196,102993,6203
109197,102994,6203
109198,102995,6203
109199,102996,6203
109200,102997,6203
109202,102999,6203
109203,103000,6203
109204,103001,6203
109205,103002,6203
109206,103003,6203
109207,103004,6203
109208,103005,6203
109209,103006,6203
109210,103007,6203
109212,103009,6203
109213,103010,6203
109214,103011,6203
109215,103012,6203
109216,103013,6203
109217,103014,6203
109218,103015,6203
109219,103016,6203
109220,103017,6203
109222,103019,6203
109223,103020,6203
109224,103021,6203
109225,103022,6203
109226,103023,6203
109227,103024,6203
109228,103025,6203
109229,103026,6203
109230,103027,6203
109232,103029,6203
109233,103030,6203
109234,103031,6203
109235,103032,6203
109236,103033,6203
109237,103034,6203
109238,103035,6203
109239,103036,6203
109240,103037,6203
109242,103039,6203
109243,103040,6203
109244,103041,6203
109245,103042,6203
109246,103043,6203
109247,103044,6203
109248,103045,6203
109249,103046,6203
109250,103047,6203
109252,103049,6203
109253,103050,6203
109254,103051,6203
109255,103052,6203
109256,103053,6203
109257,103054,6203
109258,103055,6203
109259,103056,6203
109260,103057,6203
109262,103059,6203
109263,103060,6203
109264,103061,6203
109265,103062,6203
109266,103063,6203
109267,103064,6203
109268,103065,6203
109269,103066,6203
109270,103067,6203
109272,103069,6203
109273,103070,6203
109274,103071,6203
109275,103072,6203
109276,103073,6203
109277,103074,6203
109278,103075,6203
109279,103076,6203
109280,103077,6203
109282,103079,6203
109283,103080,6203
109284,103081,6203
109285,103082,6203
109286,103083,6203
109287,103084,6203
109288,103085,6203
109289,103086,6203
109290,103087,6203
109292,103089,6203
109293,103090,6203
109295,103091,6204
109296,103092,6204
109297,103093,6204
109298,103094,6204
109299,103095,6204
109300,103096,6204
109301,103097,6204
109303,103099,6204
109304,103100,6204
109305,103101,6204
109306,103102,6204
109307,103103,6204
109308,103104,6204
109309,103105,6204
109310,103106,6204
109311,103107,6204
109313,103109,6204
109314,103110,6204
109315,103111,6204
109316,103112,6204
109317,103113,6204
109318,103114,6204
109319,103115,6204
109320,103116,6204
109321,103117,6204
109323,103119,6204
109324,103120,6204
109325,103121,6204
109326,103122,6204
109327,103123,6204
109328,103124,6204
109329,103125,6204
109330,103126,6204
109331,103127,6204
109333,103129,6204
109334,103130,6204
109335,103131,6204
109336,103132,6204
109337,103133,6204
109338,103134,6204
109339,103135,6204
109340,103136,6204
109341,103137,6204
109343,103139,6204
109344,103140,6204
109345,103141,6204
109346,103142,6204
109347,103143,6204
109348,103144,6204
109349,103145,6204
109350,103146,6204
109351,103147,6204
109353,103149,6204
109354,103150,6204
109355,103151,6204
109356,103152,6204
109357,103153,6204
109358,103154,6204
109359,103155,6204
109360,103156,6204
109361,103157,6204
109363,103159,6204
109364,103160,6204
109365,103161,6204
109366,103162,6204
109367,103163,6204
109368,103164,6204
109370,103166,6204
109372,103168,6204
109373,103169,6204
109374,103170,6204
109376,103172,6204
109378,103174,6204
109379,103175,6204
109380,103176,6204
109382,103178,6204
109383,103179,6204
109384,103180,6204
109385,103181,6204
109387,103183,6204
109388,103184,6204
109389,103185,6204
109390,103186,6204
109392,103188,6204
109394,103190,6204
109395,103191,6204
109396,103192,6204
109398,103194,6204
109400,103196,6204
109401,103197,6204
109402,103198,6204
109404,103200,6204
109406,103202,6204
109407,103203,6204
109409,103205,6204
109411,103207,6204
109412,103208,6204
109414,103210,6204
109416,103212,6204
109418,103214,6204
109419,103215,6204
109420,103216,6204
109422,103218,6204
109424,103220,6204
109425,103221,6204
109427,103223,6204
109429,103225,6204
109430,103226,6204
109431,103227,6204
109433,103229,6204
109434,103230,6204
109436,103232,6204
109437,103233,6204
109438,103234,6204
109440,103236,6204
109442,103238,6204
109443,103239,6204
109445,103241,6204
109446,103242,6204
109448,103244,6204
109449,103245,6204
109451,103247,6204
109453,103249,6204
109455,103251,6204
109456,103252,6204
109458,103254,6204
109459,103255,6204
109461,103257,6204
109462,103258,6204
109464,103260,6204
109465,103261,6204
109466,103262,6204
109467,103263,6204
109468,103264,6204
109469,103265,6204
109470,103266,6204
109471,103267,6204
109472,103268,6204
109473,103269,6204
109474,103270,6204
109475,103271,6204
109476,103272,6204
109477,103273,6204
109478,103274,6204
109480,103276,6204
109481,103277,6204
109482,103278,6204
109483,103279,6204
109485,103281,6204
109486,103282,6204
109487,103283,6204
109489,103285,6204
109491,103287,6204
109492,103288,6204
109494,103290,6204
109496,103292,6204
109498,103294,6204
109499,103295,6204
109500,103296,6204
109501,103297,6204
109502,103298,6204
109503,103299,6204
109505,103301,6204
109506,103302,6204
109508,103304,6204
109510,103306,6204
109512,103308,6204
109513,103309,6204
109515,103311,6204
109516,103312,6204
109518,103314,6204
109519,103315,6204
109520,103316,6204
109521,103317,6204
109523,103319,6204
109525,103321,6204
109526,103322,6204
109527,103323,6204
109528,103324,6204
109530,103326,6204
109532,103328,6204
109533,103329,6204
109535,103331,6204
109536,103332,6204
109537,103333,6204
109538,103334,6204
109540,103336,6204
109541,103337,6204
109542,103338,6204
109543,103339,6204
109544,103340,6204
109546,103342,6204
109547,103343,6204
109548,103344,6204
109549,103345,6204
109551,103347,6204
109552,103348,6204
109553,103349,6204
109554,103350,6204
109555,103351,6204
109557,103353,6204
109559,103355,6204
109560,103356,6204
109562,103358,6204
109563,103359,6204
109564,103360,6204
109565,103361,6204
109566,103362,6204
109568,103364,6204
109570,103366,6204
109571,103367,6204
109572,103368,6204
109573,103369,6204
109574,103370,6204
109576,103372,6204
109578,103374,6204
109579,103375,6204
109580,103376,6204
109581,103377,6204
109583,103379,6204
109585,103381,6204
109586,103382,6204
109587,103383,6204
109588,103384,6204
109590,103386,6204
109591,103387,6204
109593,103389,6204
109595,103391,6204
109597,103393,6204
109598,103394,6204
109599,103395,6204
109600,103396,6204
109602,103398,6204
109603,103399,6204
109604,103400,6204
109605,103401,6204
109606,103402,6204
109607,103403,6204
109609,103405,6204
109610,103406,6204
109612,103408,6204
109614,103410,6204
109615,103411,6204
109616,103412,6204
109617,103413,6204
109619,103415,6204
109621,103417,6204
109622,103418,6204
109623,103419,6204
109624,103420,6204
109625,103421,6204
109626,103422,6204
109627,103423,6204
109628,103424,6204
109629,103425,6204
109630,103426,6204
109631,103427,6204
109633,103429,6204
109634,103430,6204
109636,103432,6204
109637,103433,6204
109638,103434,6204
109639,103435,6204
109640,103436,6204
109642,103438,6204
109643,103439,6204
109644,103440,6204
109645,103441,6204
109647,103443,6204
109649,103445,6204
109650,103446,6204
109651,103447,6204
109652,103448,6204
109653,103449,6204
109655,103451,6204
109656,103452,6204
109658,103454,6204
109659,103455,6204
109660,103456,6204
109661,103457,6204
109662,103458,6204
109664,103460,6204
109666,103462,6204
109668,103464,6204
109669,103465,6204
109670,103466,6204
109671,103467,6204
109673,103469,6204
109675,103471,6204
109677,103473,6204
109678,103474,6204
109679,103475,6204
109681,103477,6204
109683,103479,6204
109684,103480,6204
109685,103481,6204
109686,103482,6204
109688,103484,6204
109689,103485,6204
109690,103486,6204
109692,103488,6204
109693,103489,6204
109694,103490,6204
109695,103491,6204
109696,103492,6204
109698,103494,6204
109699,103495,6204
109700,103496,6204
109701,103497,6204
109702,103498,6204
109703,103499,6204
109705,103501,6204
109706,103502,6204
109708,103504,6204
109710,103506,6204
109711,103507,6204
109712,103508,6204
109713,103509,6204
109715,103511,6204
109717,103513,6204
109718,103514,6204
109719,103515,6204
109720,103516,6204
109721,103517,6204
109722,103518,6204
109723,103519,6204
109724,103520,6204
109725,103521,6204
109727,103523,6204
109728,103524,6204
109730,103526,6204
109731,103527,6204
109733,103529,6204
109734,103530,6204
109735,103531,6204
109736,103532,6204
109737,103533,6204
109739,103535,6204
109740,103536,6204
109741,103537,6204
109742,103538,6204
109744,103540,6204
109746,103542,6204
109747,103543,6204
109748,103544,6204
109749,103545,6204
109750,103546,6204
109752,103548,6204
109753,103549,6204
109755,103551,6204
109756,103552,6204
109757,103553,6204
109759,103555,6204
109760,103556,6204
109762,103558,6204
109764,103560,6204
109766,103562,6204
109767,103563,6204
109769,103565,6204
109770,103566,6204
109772,103568,6204
109774,103570,6204
109776,103572,6204
109777,103573,6204
109778,103574,6204
109780,103576,6204
109782,103578,6204
109783,103579,6204
109784,103580,6204
109785,103581,6204
109787,103583,6204
109788,103584,6204
109790,103584,6206
109792,103586,6206
109793,103587,6206
109794,103588,6206
109795,103589,6206
109796,103590,6206
109798,103592,6206
109799,103593,6206
109800,103594,6206
109801,103595,6206
109802,103596,6206
109803,103597,6206
109805,103599,6206
109806,103600,6206
109808,103602,6206
109809,103603,6206
109811,103605,6206
109812,103606,6206
109813,103607,6206
109814,103608,6206
109815,103609,6206
109817,103609,6208
109819,103611,6208
109820,103612,6208
109821,103613,6208
109823,103615,6208
109825,103617,6208
109826,103618,6208
109827,103619,6208
109828,103620,6208
109829,103621,6208
109831,103623,6208
109833,103625,6208
109834,103626,6208
109836,103628,6208
109837,103629,6208
109838,103630,6208
109840,103632,6208
109841,103633,6208
109843,103635,6208
109844,103636,6208
109846,103638,6208
109848,103640,6208
109850,103642,6208
109851,103643,6208
109852,103644,6208
109854,103646,6208
109855,103646,6209
109856,103647,6209
109857,103648,6209
109858,103649,6209
109859,103650,6209
109860,103651,6209
109861,103652,6209
109862,103653,6209
109864,103655,6209
109865,103656,6209
109866,103657,6209
109867,103658,6209
109868,103659,6209
109869,103660,6209
109870,103661,6209
109872,103663,6209
109874,103665,6209
109875,103666,6209
109876,103667,6209
109877,103668,6209
109879,103670,6209
109881,103672,6209
109883,103674,6209
109885,103676,6209
109886,103677,6209
109888,103679,6209
109889,103680,6209
109891,103682,6209
109892,103683,6209
109893,103684,6209
109894,103685,6209
109896,103687,6209
109898,103689,6209
109899,103690,6209
109900,103691,6209
109901,103692,6209
109902,103693,6209
109904,103695,6209
109906,103697,6209
109907,103698,6209
109909,103700,6209
109910,103701,6209
109911,103702,6209
109913,103704,6209
109915,103706,6209
109916,103707,6209
109917,103708,6209
109918,103709,6209
109919,103710,6209
109920,103711,6209
109921,103712,6209
109922,103713,6209
109923,103714,6209
109924,103715,6209
109925,103716,6209
109926,103717,6209
109927,103718,6209
109928,103719,6209
109930,103721,6209
109932,103723,6209
109933,103724,6209
109934,103725,6209
109936,103726,6210
109937,103727,6210
109938,103728,6210
109939,103729,6210
109940,103730,6210
109942,103732,6210
109943,103733,6210
109944,103734,6210
109946,103736,6210
109947,103737,6210
109948,103738,6210
109949,103739,6210
109950,103740,6210
109951,103741,6210
109953,103743,6210
109954,103744,6210
109955,103745,6210
109956,103746,6210
109957,103747,6210
109959,103749,6210
109960,103750,6210
109962,103752,6210
109963,103753,6210
109964,103754,6210
109965,103755,6210
109966,103756,6210
109968,103758,6210
109969,103759,6210
109970,103760,6210
109971,103761,6210
109972,103762,6210
109973,103763,6210
109975,103765,6210
109976,103766,6210
109977,103767,6210
109978,103768,6210
109980,103770,6210
109981,103771,6210
109982,103772,6210
109983,103773,6210
109984,103774,6210
109985,103775,6210
109986,103776,6210
109987,103777,6210
109988,103778,6210
109990,103780,6210
109991,103781,6210
109992,103782,6210
109993,103783,6210
109994,103784,6210
109995,103785,6210
109996,103786,6210
109998,103788,6210
109999,103789,6210
110000,103790,6210
110001,103791,6210
110003,103793,6210
110004,103794,6210
110006,103796,6210
110008,103798,6210
110009,103799,6210
110010,103800,6210
110011,103801,6210
110012,103802,6210
110014,103804,6210
110015,103805,6210
110016,103806,6210
110017,103807,6210
110019,103809,6210
110020,103810,6210
110021,103811,6210
110022,103812,6210
110023,103813,6210
110024,103814,6210
110025,103815,6210
110026,103816,6210
110027,103817,6210
110028,103818,6210
110029,103819,6210
110030,103820,6210
110032,103822,6210
110033,103823,6210
110035,103825,6210
110036,103826,6210
110037,103827,6210
110038,103828,6210
110039,103829,6210
110040,103830,6210
110041,103831,6210
110042,103832,6210
110043,103833,6210
110044,103834,6210
110045,103835,6210
110046,103836,6210
110048,103838,6210
110049,103839,6210
110051,103841,6210
110052,103842,6210
110053,103843,6210
110054,103844,6210
110055,103845,6210
110057,103847,6210
110058,103848,6210
110059,103849,6210
110061,103851,6210
110063,103853,6210
110065,103855,6210
110066,103856,6210
110067,103857,6210
110068,103858,6210
110070,103860,6210
110072,103862,6210
110073,103863,6210
110074,103864,6210
110075,103865,6210
110076,103866,6210
110078,103868,6210
110079,103869,6210
110080,103870,6210
110081,103871,6210
110082,103872,6210
110083,103873,6210
110085,103875,6210
110087,103877,6210
110088,103878,6210
110089,103879,6210
110090,103880,6210
110091,103881,6210
110092,103882,6210
110094,103884,6210
110096,103886,6210
110097,103887,6210
110098,103888,6210
110099,103889,6210
110100,103890,6210
110101,103891,6210
110102,103892,6210
110103,103893,6210
110104,103894,6210
110105,103895,6210
110106,103896,6210
110108,103898,6210
110109,103899,6210
110110,103900,6210
110111,103901,6210
110113,103903,6210
110114,103904,6210
110115,103905,6210
110117,103907,6210
110118,103908,6210
110119,103909,6210
110120,103910,6210
110121,103911,6210
110122,103912,6210
110123,103913,6210
110125,103915,6210
110126,103916,6210
110127,103917,6210
110128,103918,6210
110129,103919,6210
110131,103921,6210
110132,103922,6210
110133,103923,6210
110134,103924,6210
110135,103925,6210
110136,103926,6210
110138,103928,6210
110139,103929,6210
110140,103930,6210
110141,103931,6210
110143,103933,6210
110145,103935,6210
110146,103936,6210
110147,103937,6210
110148,103938,6210
110150,103940,6210
110151,103941,6210
110153,103943,6210
110154,103944,6210
110155,103945,6210
110156,103946,6210
110157,103947,6210
110158,103948,6210
110159,103949,6210
110160,103950,6210
110162,103952,6210
110163,103953,6210
110165,103955,6210
110166,103956,6210
110168,103958,6210
110170,103960,6210
110172,103962,6210
110173,103963,6210
110175,103965,6210
110176,103966,6210
110178,103968,6210
110180,103970,6210
110181,103971,6210
110182,103972,6210
110184,103974,6210
110185,103975,6210
110187,103977,6210
110188,103978,6210
110189,103979,6210
110190,103980,6210
110192,103982,6210
110193,103983,6210
110194,103984,6210
110196,103986,6210
110197,103987,6210
110199,103989,6210
110200,103990,6210
110201,103991,6210
110202,103992,6210
110203,103993,6210
110204,103994,6210
110206,103996,6210
110208,103998,6210
110209,103999,6210
110210,104000,6210
110211,104001,6210
110212,104002,6210
110214,104004,6210
110215,104005,6210
110216,104006,6210
110218,104008,6210
110219,104009,6210
110220,104010,6210
110221,104011,6210
110222,104012,6210
110223,104013,6210
110225,104014,6211
110226,104015,6211
110228,104016,6212
110230,104018,6212
110231,104019,6212
110232,104020,6212
110233,104021,6212
110235,104023,6212
110236,104024,6212
110238,104025,6213
110239,104026,6213
110240,104027,6213
110242,104029,6213
110243,104030,6213
110244,104031,6213
110245,104032,6213
110246,104033,6213
110248,104035,6213
110249,104036,6213
110250,104037,6213
110251,104038,6213
110253,104040,6213
110254,104041,6213
110255,104042,6213
110256,104043,6213
110257,104044,6213
110258,104045,6213
110260,104047,6213
110261,104048,6213
110262,104049,6213
110263,104050,6213
110264,104051,6213
110266,104053,6213
110267,104054,6213
110268,104055,6213
110270,104057,6213
110271,104058,6213
110272,104058,6214
110273,104059,6214
110274,104060,6214
110276,104062,6214
110277,104063,6214
110279,104065,6214
110280,104066,6214
110282,104068,6214
110283,104069,6214
110284,104070,6214
110286,104072,6214
110287,104073,6214
110288,104074,6214
110289,104075,6214
110291,104077,6214
110292,104078,6214
110293,104079,6214
110294,104080,6214
110296,104082,6214
110297,104083,6214
110298,104084,6214
110299,104085,6214
110301,104087,6214
110302,104088,6214
110303,104089,6214
110304,104090,6214
110306,104092,6214
110308,104094,6214
110309,104095,6214
110311,104097,6214
110312,104098,6214
110313,104099,6214
110314,104100,6214
110315,104101,6214
110317,104103,6214
110318,104104,6214
110319,104105,6214
110320,104106,6214
110321,104107,6214
110322,104108,6214
110323,104109,6214
110325,104111,6214
110326,104112,6214
110327,104113,6214
110328,104114,6214
110329,104115,6214
110331,104117,6214
110333,104119,6214
110334,104120,6214
110336,104122,6214
110337,104123,6214
110339,104125,6214
110341,104127,6214
110342,104128,6214
110343,104129,6214
110344,104130,6214
110345,104131,6214
110347,104133,6214
110348,104134,6214
110350,104136,6214
110351,104137,6214
110352,104138,6214
110354,104140,6214
110355,104141,6214
110357,104143,6214
110358,104144,6214
110360,104146,6214
110361,104147,6214
110363,104149,6214
110364,104150,6214
110366,104152,6214
110367,104153,6214
110368,104154,6214
110369,104155,6214
110370,104156,6214
110372,104158,6214
110373,104158,6215
110374,104159,6215
110376,104161,6215
110377,104162,6215
110379,104164,6215
110381,104166,6215
110383,104168,6215
110384,104169,6215
110386,104171,6215
110387,104172,6215
110389,104174,6215
110390,104175,6215
110391,104176,6215
110393,104178,6215
110394,104179,6215
110395,104180,6215
110396,104181,6215
110397,104182,6215
110399,104184,6215
110400,104185,6215
110401,104186,6215
110402,104187,6215
110403,104188,6215
110404,104189,6215
110405,104190,6215
110406,104191,6215
110407,104192,6215
110409,104194,6215
110410,104195,6215
110411,104196,6215
110412,104197,6215
110413,104198,6215
110414,104199,6215
110415,104200,6215
110416,104201,6215
110417,104202,6215
110419,104204,6215
110420,104205,6215
110421,104206,6215
110422,104207,6215
110423,104208,6215
110424,104209,6215
110425,104210,6215
110426,104211,6215
110427,104212,6215
110429,104214,6215
110430,104215,6215
110431,104216,6215
110432,104217,6215
110433,104218,6215
110434,104219,6215
110435,104220,6215
110436,104221,6215
110437,104222,6215
110439,104224,6215
110440,104225,6215
110441,104226,6215
110442,104227,6215
110443,104228,6215
110444,104229,6215
110445,104230,6215
110446,104231,6215
110447,104232,6215
110449,104234,6215
110450,104235,6215
110452,104236,6216
110453,104237,6216
110454,104238,6216
110455,104239,6216
110456,104240,6216
110457,104241,6216
110458,104242,6216
110460,104244,6216
110461,104245,6216
110462,104246,6216
110463,104247,6216
110464,104248,6216
110465,104249,6216
110466,104250,6216
110467,104251,6216
110468,104252,6216
110470,104254,6216
110471,104255,6216
110472,104256,6216
110473,104257,6216
110474,104258,6216
110475,104259,6216
110476,104260,6216
110477,104261,6216
110478,104262,6216
110480,104264,6216
110481,104265,6216
110482,104266,6216
110483,104267,6216
110484,104268,6216
110485,104269,6216
110486,104270,6216
110487,104271,6216
110488,104272,6216
110490,104274,6216
110491,104275,6216
110492,104276,6216
110493,104277,6216
110494,104278,6216
110495,104279,6216
110496,104280,6216
110497,104281,6216
110498,104282,6216
110500,104284,6216
110501,104285,6216
110502,104286,6216
110503,104287,6216
110504,104288,6216
110505,104289,6216
110506,104290,6216
110507,104291,6216
110508,104292,6216
110510,104294,6216
110511,104295,6216
110512,104296,6216
110513,104297,6216
110514,104298,6216
110515,104299,6216
110516,104300,6216
110517,104301,6216
110518,104302,6216
110520,104304,6216
110521,104305,6216
110522,104306,6216
110523,104307,6216
110524,104308,6216
110525,104309,6216
110526,104310,6216
110527,104311,6216
110528,104312,6216
110530,104314,6216
110531,104315,6216
110532,104316,6216
110533,104317,6216
110534,104318,6216
110535,104319,6216
110536,104320,6216
110537,104321,6216
110538,104322,6216
110540,104324,6216
110541,104325,6216
110542,104326,6216
110543,104327,6216
110544,104328,6216
110545,104329,6216
110546,104330,6216
110547,104331,6216
110548,104332,6216
110550,104334,6216
110551,104335,6216
110552,104336,6216
110553,104337,6216
110554,104338,6216
110555,104339,6216
110557,104341,6216
110559,104343,6216
110560,104344,6216
110561,104345,6216
110563,104347,6216
110565,104349,6216
110566,104350,6216
110567,104351,6216
110569,104353,6216
110570,104354,6216
110571,104355,6216
110572,104356,6216
110574,104358,6216
110575,104359,6216
110576,104360,6216
110577,104361,6216
110579,104363,6216
110581,104365,6216
110582,104366,6216
110583,104367,6216
110585,104369,6216
110587,104371,6216
110588,104372,6216
110589,104373,6216
110591,104375,6216
110593,104377,6216
110594,104378,6216
110596,104380,6216
110598,104382,6216
110599,104383,6216
110601,104385,6216
110603,104387,6216
110605,104389,6216
110606,104390,6216
110607,104391,6216
110609,104393,6216
110611,104395,6216
110612,104396,6216
110614,104398,6216
110616,104400,6216
110617,104401,6216
110618,104402,6216
110620,104404,6216
110621,104405,6216
110623,104407,6216
110624,104408,6216
110625,104409,6216
110627,104411,6216
110629,104413,6216
110630,104414,6216
110632,104416,6216
110633,104417,6216
110635,104419,6216
110636,104420,6216
110638,104422,6216
110640,104424,6216
110642,104426,6216
110643,104427,6216
110645,104429,6216
110646,104430,6216
110648,104432,6216
110649,104433,6216
110651,104435,6216
110652,104436,6216
110653,104437,6216
110654,104438,6216
110655,104439,6216
110656,104440,6216
110657,104441,6216
110658,104442,6216
110659,104443,6216
110660,104444,6216
110661,104445,6216
110662,104446,6216
110663,104447,6216
110664,104448,6216
110665,104449,6216
110667,104451,6216
110668,104452,6216
110669,104453,6216
110670,104454,6216
110672,104456,6216
110673,104457,6216
110674,104458,6216
110676,104460,6216
110678,104462,6216
110679,104463,6216
110681,104465,6216
110683,104467,6216
110685,104469,6216
110686,104470,6216
110687,104471,6216
110688,104472,6216
110689,104473,6216
110690,104474,6216
110692,104476,6216
110693,104477,6216
110695,104479,6216
110697,104481,6216
110699,104483,6216
110700,104484,6216
110702,104486,6216
110703,104487,6216
110705,104489,6216
110706,104490,6216
110707,104491,6216
110708,104492,6216
110710,104494,6216
110712,104496,6216
110713,104497,6216
110714,104498,6216
110715,104499,6216
110717,104501,6216
110719,104503,6216
110720,104504,6216
110722,104506,6216
110723,104507,6216
110724,104508,6216
110725,104509,6216
110727,104511,6216
110728,104512,6216
110729,104513,6216
110730,104514,6216
110731,104515,6216
110733,104517,6216
110734,104518,6216
110735,104519,6216
110736,104520,6216
110738,104522,6216
110739,104523,6216
110740,104524,6216
110741,104525,6216
110742,104526,6216
110744,104528,6216
110746,104530,6216
110747,104531,6216
110749,104533,6216
110750,104534,6216
110751,104535,6216
110752,104536,6216
110753,104537,6216
110755,104539,6216
110757,104541,6216
110758,104542,6216
110759,104543,6216
110760,104544,6216
110761,104545,6216
110763,104547,6216
110765,104549,6216
110766,104550,6216
110767,104551,6216
110768,104552,6216
110770,104554,6216
110772,104556,6216
110773,104557,6216
110774,104558,6216
110775,104559,6216
110777,104561,6216
110778,104562,6216
110780,104564,6216
110782,104566,6216
110784,104568,6216
110785,104569,6216
110786,104570,6216
110787,104571,6216
110789,104573,6216
110790,104574,6216
110791,104575,6216
110792,104576,6216
110793,104577,6216
110794,104578,6216
110796,104580,6216
110797,104581,6216
110799,104583,6216
110801,104585,6216
110802,104586,6216
110803,104587,6216
110804,104588,6216
110806,104590,6216
110808,104592,6216
110809,104593,6216
110810,104594,6216
110811,104595,6216
110812,104596,6216
110813,104597,6216
110814,104598,6216
110815,104599,6216
110816,104600,6216
110817,104601,6216
110818,104602,6216
110820,104604,6216
110821,104605,6216
110823,104607,6216
110824,104608,6216
110825,104609,6216
110826,104610,6216
110827,104611,6216
110829,104613,6216
110830,104614,6216
110831,104615,6216
110832,104616,6216
110834,104618,6216
110836,104620,6216
110837,104621,6216
110838,104622,6216
110839,104623,6216
110840,104624,6216
110842,104626,6216
110843,104627,6216
110845,104629,6216
110846,104630,6216
110847,104631,6216
110848,104632,6216
110849,104633,6216
110851,104635,6216
110853,104637,6216
110855,104639,6216
110856,104640,6216
110857,104641,6216
110858,104642,6216
110860,104644,6216
110862,104646,6216
110864,104648,6216
110865,104649,6216
110866,104650,6216
110868,104652,6216
110870,104654,6216
110871,104655,6216
110872,104656,6216
110873,104657,6216
110875,104659,6216
110876,104660,6216
110877,104661,6216
110879,104663,6216
110880,104664,6216
110881,104665,6216
110882,104666,6216
110883,104667,6216
110885,104669,6216
110886,104670,6216
110887,104671,6216
110888,104672,6216
110889,104673,6216
110890,104674,6216
110892,104676,6216
110893,104677,6216
110895,104679,6216
110897,104681,6216
110898,104682,6216
110899,104683,6216
110900,104684,6216
110902,104686,6216
110904,104688,6216
110905,104689,6216
110906,104690,6216
110907,104691,6216
110908,104692,6216
110909,104693,6216
110910,104694,6216
110911,104695,6216
110912,104696,6216
110914,104698,6216
110915,104699,6216
110917,104701,6216
110918,104702,6216
110920,104704,6216
110921,104705,6216
110922,104706,6216
110923,104707,6216
110924,104708,6216
110926,104710,6216
110927,104711,6216
110928,104712,6216
110929,104713,6216
110931,104715,6216
110933,104717,6216
110934,104718,6216
110935,104719,6216
110936,104720,6216
110937,104721,6216
110939,104723,6216
110940,104724,6216
110942,104726,6216
110943,104727,6216
110944,104728,6216
110946,104730,6216
110947,104731,6216
110949,104733,6216
110951,104735,6216
110953,104737,6216
110954,104738,6216
110956,104740,6216
110957,104741,6216
110959,104743,6216
110961,104745,6216
110963,104747,6216
110964,104748,6216
110965,104749,6216
110967,104751,6216
110969,104753,6216
110970,104754,6216
110971,104755,6216
110972,104756,6216
110974,104758,6216
110975,104759,6216
110977,104760,6217
110979,104762,6217
110980,104763,6217
110981,104764,6217
110982,104765,6217
110983,104766,6217
110985,104768,6217
110986,104769,6217
110987,104770,6217
110988,104771,6217
110989,104772,6217
110990,104773,6217
110992,104775,6217
110993,104776,6217
110995,104778,6217
110996,104779,6217
110998,104781,6217
110999,104782,6217
111000,104783,6217
111001,104784,6217
111002,104785,6217
111004,104786,6218
111006,104788,6218
111007,104789,6218
111008,104790,6218
111010,104792,6218
111012,104794,6218
111013,104795,6218
111014,104796,6218
111015,104797,6218
111016,104798,6218
111018,104800,6218
111020,104802,6218
111021,104803,6218
111023,104805,6218
111024,104806,6218
111025,104807,6218
111027,104809,6218
111028,104810,6218
111030,104812,6218
111031,104813,6218
111033,104815,6218
111035,104817,6218
111037,104819,6218
111038,104820,6218
111039,104821,6218
111041,104823,6218
111042,104824,6218
111043,104825,6218
111044,104826,6218
111045,104827,6218
111046,104828,6218
111047,104829,6218
111048,104830,6218
111049,104831,6218
111051,104833,6218
111053,104834,6219
111054,104835,6219
111055,104836,6219
111056,104837,6219
111057,104838,6219
111058,104839,6219
111059,104840,6219
111060,104841,6219
111062,104843,6219
111063,104844,6219
111064,104845,6219
111065,104846,6219
111066,104847,6219
111067,104848,6219
111068,104849,6219
111069,104850,6219
111070,104851,6219
111072,104853,6219
111073,104854,6219
111074,104855,6219
111075,104856,6219
111076,104857,6219
111077,104858,6219
111078,104859,6219
111080,104861,6219
111082,104863,6219
111083,104864,6219
111084,104865,6219
111085,104866,6219
111087,104868,6219
111089,104870,6219
111091,104872,6219
111093,104874,6219
111094,104875,6219
111096,104877,6219
111097,104878,6219
111099,104880,6219
111100,104881,6219
111101,104882,6219
111102,104883,6219
111104,104885,6219
111106,104887,6219
111107,104888,6219
111108,104889,6219
111109,104890,6219
111110,104891,6219
111112,104893,6219
111114,104895,6219
111115,104896,6219
111117,104898,6219
111118,104899,6219
111119,104900,6219
111121,104902,6219
111123,104904,6219
111124,104905,6219
111125,104906,6219
111126,104907,6219
111127,104908,6219
111128,104909,6219
111129,104910,6219
111130,104911,6219
111131,104912,6219
111132,104913,6219
111133,104914,6219
111134,104915,6219
111135,104916,6219
111136,104917,6219
111138,104919,6219
111140,104921,6219
111141,104922,6219
111142,104923,6219
111144,104924,6220
111145,104925,6220
111146,104926,6220
111147,104927,6220
111148,104928,6220
111150,104930,6220
111151,104931,6220
111152,104932,6220
111154,104934,6220
111155,104935,6220
111156,104936,6220
111157,104937,6220
111158,104938,6220
111159,104939,6220
111161,104941,6220
111162,104942,6220
111163,104943,6220
111164,104944,6220
111165,104945,6220
111167,104947,6220
111168,104948,6220
111170,104950,6220
111171,104951,6220
111172,104952,6220
111173,104953,6220
111174,104954,6220
111176,104956,6220
111177,104957,6220
111178,104958,6220
111179,104959,6220
111180,104960,6220
111181,104961,6220
111183,104963,6220
111184,104964,6220
111185,104965,6220
111186,104966,6220
111188,104968,6220
111189,104969,6220
111190,104970,6220
111191,104971,6220
111192,104972,6220
111193,104973,6220
111194,104974,6220
111195,104975,6220
111196,104976,6220
111198,104978,6220
111199,104979,6220
111200,104980,6220
111201,104981,6220
111202,104982,6220
111203,104983,6220
111204,104984,6220
111206,104986,6220
111207,104987,6220
111208,104988,6220
111209,104989,6220
111211,104991,6220
111212,104992,6220
111214,104994,6220
111216,104996,6220
111217,104997,6220
111218,104998,6220
111219,104999,6220
111220,105000,6220
111222,105002,6220
111223,105003,6220
111224,105004,6220
111225,105005,6220
111227,105007,6220
111228,105008,6220
111229,105009,6220
111230,105010,6220
111231,105011,6220
111232,105012,6220
111233,105013,6220
111234,105014,6220
111235,105015,6220
111236,105016,6220
111237,105017,6220
111238,105018,6220
111240,105020,6220
111241,105021,6220
111243,105023,6220
111244,105024,6220
111245,105025,6220
111246,105026,6220
111247,105027,6220
111248,105028,6220
111249,105029,6220
111250,105030,6220
111251,105031,6220
111252,105032,6220
111253,105033,6220
111254,105034,6220
111256,105036,6220
111257,105037,6220
111259,105039,6220
111260,105040,6220
111261,105041,6220
111262,105042,6220
111263,105043,6220
111265,105045,6220
111266,105046,6220
111267,105047,6220
111269,105049,6220
111271,105051,6220
111273,105053,6220
111274,105054,6220
111275,105055,6220
111276,105056,6220
111278,105058,6220
111280,105060,6220
111281,105061,6220
111282,105062,6220
111283,105063,6220
111284,105064,6220
111286,105066,6220
111287,105067,6220
111288,105068,6220
111289,105069,6220
111290,105070,6220
111291,105071,6220
111293,105073,6220
111295,105075,6220
111296,105076,6220
111297,105077,6220
111298,105078,6220
111299,105079,6220
111300,105080,6220
111302,105082,6220
111304,105084,6220
111305,105085,6220
111306,105086,6220
111307,105087,6220
111308,105088,6220
111309,105089,6220
111310,105090,6220
111311,105091,6220
111312,105092,6220
111313,105093,6220
111314,105094,6220
111316,105096,6220
111317,105097,6220
111318,105098,6220
111319,105099,6220
111321,105101,6220
111322,105102,6220
111323,105103,6220
111325,105105,6220
111326,105106,6220
111327,105107,6220
111328,105108,6220
111329,105109,6220
111330,105110,6220
111331,105111,6220
111333,105113,6220
111334,105114,6220
111335,105115,6220
111336,105116,6220
111337,105117,6220
111339,105119,6220
111340,105120,6220
111341,105121,6220
111342,105122,6220
111343,105123,6220
111344,105124,6220
111346,105126,6220
111347,105127,6220
111348,105128,6220
111349,105129,6220
111351,105131,6220
111353,105133,6220
111354,105134,6220
111355,105135,6220
111356,105136,6220
111358,105138,6220
111359,105139,6220
111361,105141,6220
111362,105142,6220
111363,105143,6220
111364,105144,6220
111365,105145,6220
111366,105146,6220
111367,105147,6220
111368,105148,6220
111370,105150,6220
111371,105151,6220
111373,105153,6220
111374,105154,6220
111376,105156,6220
111378,105158,6220
111380,105160,6220
111381,105161,6220
111383,105163,6220
111384,105164,6220
111386,105166,6220
111388,105168,6220
111389,105169,6220
111390,105170,6220
111392,105172,6220
111393,105173,6220
111395,105175,6220
111396,105176,6220
111397,105177,6220
111398,105178,6220
111400,105180,6220
111401,105181,6220
111402,105182,6220
111404,105184,6220
111405,105185,6220
111407,105187,6220
111408,105188,6220
111409,105189,6220
111410,105190,6220
111411,105191,6220
111412,105192,6220
111414,105194,6220
111416,105196,6220
111417,105197,6220
111418,105198,6220
111419,105199,6220
111420,105200,6220
111422,105202,6220
111423,105203,6220
111424,105204,6220
111426,105206,6220
111427,105207,6220
111428,105208,6220
111429,105209,6220
111430,105210,6220
111431,105211,6220
111432,105212,6220
111433,105213,6220
111434,105214,6220
111436,105216,6220
111437,105217,6220
111438,105218,6220
111439,105219,6220
111441,105221,6220
111442,105222,6220
111443,105222,6221
111444,105223,6221
111445,105224,6221
111447,105226,6221
111448,105227,6221
111449,105228,6221
111450,105229,6221
111451,105230,6221
111453,105232,6221
111454,105233,6221
111456,105235,6221
111457,105236,6221
111459,105238,6221
111460,105239,6221
111461,105240,6221
111462,105240,6222
111463,105241,6222
111464,105242,6222
111466,105244,6222
111467,105245,6222
111468,105246,6222
111469,105247,6222
111470,105248,6222
111472,105250,6222
111473,105251,6222
111474,105252,6222
111476,105254,6222
111477,105255,6222
111478,105255,6223
111479,105256,6223
111480,105257,6223
111482,105259,6223
111483,105260,6223
111485,105262,6223
111486,105263,6223
111488,105265,6223
111489,105266,6223
111490,105267,6223
111492,105269,6223
111493,105270,6223
111494,105271,6223
111495,105272,6223
111497,105274,6223
111498,105275,6223
111499,105276,6223
111500,105277,6223
111502,105279,6223
111503,105280,6223
111504,105281,6223
111505,105282,6223
111507,105284,6223
111508,105285,6223
111509,105286,6223
111510,105287,6223
111512,105289,6223
111514,105291,6223
111515,105292,6223
111517,105294,6223
111518,105295,6223
111519,105296,6223
111520,105297,6223
111521,105298,6223
111523,105300,6223
111524,105301,6223
111525,105302,6223
111526,105303,6223
111527,105304,6223
111528,105305,6223
111529,105306,6223
111531,105308,6223
111532,105309,6223
111533,105310,6223
111534,105311,6223
111535,105312,6223
111537,105314,6223
111539,105316,6223
111540,105317,6223
111542,105319,6223
111543,105320,6223
111545,105322,6223
111547,105324,6223
111548,105325,6223
111549,105326,6223
111550,105327,6223
111551,105328,6223
111553,105330,6223
111554,105331,6223
111556,105333,6223
111557,105334,6223
111558,105335,6223
111560,105337,6223
111561,105338,6223
111563,105340,6223
111564,105341,6223
111566,105343,6223
111567,105344,6223
111569,105346,6223
111570,105347,6223
111572,105349,6223
111573,105350,6223
111574,105351,6223
111575,105352,6223
111576,105353,6223
111578,105355,6223
111579,105355,6224
111580,105356,6224
111582,105358,6224
111583,105359,6224
111585,105361,6224
111587,105363,6224
111589,105365,6224
111590,105366,6224
111592,105368,6224
111593,105369,6224
111595,105371,6224
111596,105372,6224
111597,105373,6224
111599,105375,6224
111600,105376,6224
111601,105377,6224
111602,105378,6224
111603,105379,6224
111605,105381,6224
111606,105382,6224
111607,105383,6224
111608,105384,6224
111609,105385,6224
111610,105386,6224
111611,105387,6224
111612,105388,6224
111613,105389,6224
111615,105391,6224
111616,105392,6224
111617,105393,6224
111618,105394,6224
111619,105395,6224
111620,105396,6224
111621,105397,6224
111622,105398,6224
111623,105399,6224
111625,105401,6224
111626,105402,6224
111627,105403,6224
111628,105404,6224
111629,105405,6224
111630,105406,6224
111631,105407,6224
111632,105408,6224
111633,105409,6224
111635,105411,6224
111636,105412,6224
111637,105413,6224
111638,105414,6224
111639,105415,6224
111640,105416,6224
111641,105417,6224
111642,105418,6224
111643,105419,6224
111645,105421,6224
111646,105422,6224
111647,105423,6224
111648,105424,6224
111649,105425,6224
111650,105426,6224
111651,105427,6224
111652,105428,6224
111653,105429,6224
111655,105431,6224
111656,105432,6224
111658,105433,6225
111659,105434,6225
111660,105435,6225
111661,105436,6225
111662,105437,6225
111663,105438,6225
111664,105439,6225
111666,105441,6225
111667,105442,6225
111668,105443,6225
111669,105444,6225
111670,105445,6225
111671,105446,6225
111672,105447,6225
111673,105448,6225
111674,105449,6225
111676,105451,6225
111677,105452,6225
111678,105453,6225
111679,105454,6225
111680,105455,6225
111681,105456,6225
111682,105457,6225
111683,105458,6225
111684,105459,6225
111686,105461,6225
111687,105462,6225
111688,105463,6225
111689,105464,6225
111690,105465,6225
111691,105466,6225
111692,105467,6225
111693,105468,6225
111694,105469,6225
111696,105471,6225
111697,105472,6225
111698,105473,6225
111699,105474,6225
111700,105475,6225
111701,105476,6225
111702,105477,6225
111703,105478,6225
111704,105479,6225
111706,105481,6225
111707,105482,6225
111708,105483,6225
111709,105484,6225
111710,105485,6225
111711,105486,6225
111712,105487,6225
111713,105488,6225
111714,105489,6225
111716,105491,6225
111717,105492,6225
111718,105493,6225
111719,105494,6225
111720,105495,6225
111721,105496,6225
111722,105497,6225
111723,105498,6225
111724,105499,6225
111726,105501,6225
111727,105502,6225
111728,105503,6225
111729,105504,6225
111730,105505,6225
111731,105506,6225
111732,105507,6225
111733,105508,6225
111734,105509,6225
111736,105511,6225
111737,105512,6225
111738,105513,6225
111739,105514,6225
111740,105515,6225
111741,105516,6225
111742,105517,6225
111743,105518,6225
111744,105519,6225
111746,105521,6225
111747,105522,6225
111748,105523,6225
111749,105524,6225
111750,105525,6225
111751,105526,6225
111752,105527,6225
111753,105528,6225
111754,105529,6225
111756,105531,6225
111757,105532,6225
111758,105533,6225
111759,105534,6225
111760,105535,6225
111761,105536,6225
111762,105537,6225
111763,105538,6225
111764,105539,6225
111766,105541,6225
111767,105542,6225
111768,105543,6225
111769,105544,6225
111770,105545,6225
111771,105546,6225
111772,105547,6225
111773,105548,6225
111774,105549,6225
111776,105551,6225
111777,105552,6225
111778,105553,6225
111779,105554,6225
111780,105555,6225
111781,105556,6225
111782,105557,6225
111783,105558,6225
111784,105559,6225
111786,105561,6225
111787,105562,6225
111788,105563,6225
111789,105564,6225
111790,105565,6225
111791,105566,6225
111792,105567,6225
111793,105568,6225
111794,105569,6225
111796,105571,6225
111797,105572,6225
111798,105573,6225
111799,105574,6225
111800,105575,6225
111801,105576,6225
111802,105577,6225
111803,105578,6225
111804,105579,6225
111806,105581,6225
111807,105582,6225
111808,105583,6225
111809,105584,6225
111810,105585,6225
111811,105586,6225
111812,105587,6225
111813,105588,6225
111814,105589,6225
111816,105591,6225
111817,105592,6225
111819,105593,6226
111820,105594,6226
111821,105595,6226
111822,105596,6226
111823,105597,6226
111824,105598,6226
111825,105599,6226
111827,105601,6226
111828,105602,6226
111829,105603,6226
111830,105604,6226
111831,105605,6226
111832,105606,6226
111833,105607,6226
111834,105608,6226
111835,105609,6226
111837,105611,6226
111838,105612,6226
111839,105613,6226
111840,105614,6226
111841,105615,6226
111842,105616,6226
111844,105618,6226
111846,105620,6226
111847,105621,6226
111848,105622,6226
111850,105624,6226
111852,105626,6226
111853,105627,6226
111854,105628,6226
111856,105630,6226
111857,105631,6226
111858,105632,6226
111859,105633,6226
111861,105635,6226
111862,105636,6226
111863,105637,6226
111864,105638,6226
111866,105640,6226
111868,105642,6226
111869,105643,6226
111870,105644,6226
111872,105646,6226
111874,105648,6226
111875,105649,6226
111876,105650,6226
111878,105652,6226
111880,105654,6226
111881,105655,6226
111883,105657,6226
111885,105659,6226
111886,105660,6226
111888,105662,6226
111890,105664,6226
111892,105666,6226
111893,105667,6226
111894,105668,6226
111896,105670,6226
111898,105672,6226
111899,105673,6226
111901,105675,6226
111903,105677,6226
111904,105678,6226
111905,105679,6226
111907,105681,6226
111908,105682,6226
111910,105684,6226
111911,105685,6226
111912,105686,6226
111914,105688,6226
111916,105690,6226
111917,105691,6226
111919,105693,6226
111920,105694,6226
111922,105696,6226
111923,105697,6226
111925,105699,6226
111927,105701,6226
111929,105703,6226
111930,105704,6226
111932,105706,6226
111933,105707,6226
111935,105709,6226
111936,105710,6226
111938,105712,6226
111939,105713,6226
111940,105714,6226
111941,105715,6226
111942,105716,6226
111943,105717,6226
111944,105718,6226
111945,105719,6226
111946,105720,6226
111947,105721,6226
111948,105722,6226
111949,105723,6226
111950,105724,6226
111951,105725,6226
111952,105726,6226
111954,105728,6226
111955,105729,6226
111956,105730,6226
111957,105731,6226
111959,105733,6226
111960,105734,6226
111961,105735,6226
111963,105737,6226
111965,105739,6226
111966,105740,6226
111968,105742,6226
111970,105744,6226
111972,105746,6226
111973,105747,6226
111974,105748,6226
111975,105749,6226
111976,105750,6226
111977,105751,6226
111979,105753,6226
111980,105754,6226
111982,105756,6226
111984,105758,6226
111986,105760,6226
111987,105761,6226
111989,105763,6226
111990,105764,6226
111992,105766,6226
111993,105767,6226
111994,105768,6226
111995,105769,6226
111997,105771,6226
111999,105773,6226
112000,105774,6226
112001,105775,6226
112002,105776,6226
112004,105778,6226
112006,105780,6226
112007,105781,6226
112009,105783,6226
112010,105784,6226
112011,105785,6226
112012,105786,6226
112014,105788,6226
112015,105789,6226
112016,105790,6226
112017,105791,6226
112018,105792,6226
112020,105794,6226
112021,105795,6226
112022,105796,6226
112023,105797,6226
112025,105799,6226
112026,105800,6226
112027,105801,6226
112028,105802,6226
112029,105803,6226
112031,105805,6226
112033,105807,6226
112034,105808,6226
112036,105810,6226
112037,105811,6226
112038,105812,6226
112039,105813,6226
112040,105814,6226
112042,105816,6226
112044,105818,6226
112045,105819,6226
112046,105820,6226
112047,105821,6226
112048,105822,6226
112050,105824,6226
112052,105826,6226
112053,105827,6226
112054,105828,6226
112055,105829,6226
112057,105831,6226
112059,105833,6226
112060,105834,6226
112061,105835,6226
112062,105836,6226
112064,105838,6226
112065,105839,6226
112067,105841,6226
112069,105843,6226
112071,105845,6226
112072,105846,6226
112073,105847,6226
112074,105848,6226
112076,105850,6226
112077,105851,6226
112078,105852,6226
112079,105853,6226
112080,105854,6226
112081,105855,6226
112083,105857,6226
112084,105858,6226
112086,105860,6226
112088,105862,6226
112089,105863,6226
112090,105864,6226
112091,105865,6226
112093,105867,6226
112095,105869,6226
112096,105870,6226
112097,105871,6226
112098,105872,6226
112099,105873,6226
112100,105874,6226
112101,105875,6226
112102,105876,6226
112103,105877,6226
112104,105878,6226
112105,105879,6226
112107,105881,6226
112108,105882,6226
112110,105884,6226
112111,105885,6226
112112,105886,6226
112113,105887,6226
112114,105888,6226
112116,105890,6226
112117,105891,6226
112118,105892,6226
112119,105893,6226
112121,105895,6226
112123,105897,6226
112124,105898,6226
112125,105899,6226
112126,105900,6226
112127,105901,6226
112129,105903,6226
112130,105904,6226
112132,105906,6226
112133,105907,6226
112134,105908,6226
112135,105909,6226
112136,105910,6226
112138,105912,6226
112140,105914,6226
112142,105916,6226
112143,105917,6226
112144,105918,6226
112145,105919,6226
112147,105921,6226
112149,105923,6226
112151,105925,6226
112152,105926,6226
112153,105927,6226
112155,105929,6226
112157,105931,6226
112158,105932,6226
112159,105933,6226
112160,105934,6226
112162,105936,6226
112163,105937,6226
112164,105938,6226
112166,105940,6226
112167,105941,6226
112168,105942,6226
112169,105943,6226
112170,105944,6226
112172,105946,6226
112173,105947,6226
112174,105948,6226
112175,105949,6226
112176,105950,6226
112177,105951,6226
112179,105953,6226
112180,105954,6226
112182,105956,6226
112184,105958,6226
112185,105959,6226
112186,105960,6226
112187,105961,6226
112189,105963,6226
112191,105965,6226
112192,105966,6226
112193,105967,6226
112194,105968,6226
112195,105969,6226
112196,105970,6226
112197,105971,6226
112198,105972,6226
112199,105973,6226
112201,105975,6226
112202,105976,6226
112204,105978,6226
112205,105979,6226
112207,105981,6226
112208,105982,6226
112209,105983,6226
112210,105984,6226
112211,105985,6226
112213,105987,6226
112214,105988,6226
112215,105989,6226
112216,105990,6226
112218,105992,6226
112220,105994,6226
112221,105995,6226
112222,105996,6226
112223,105997,6226
112224,105998,6226
112226,106000,6226
112227,106001,6226
112229,106003,6226
112230,106004,6226
112231,106005,6226
112233,106007,6226
112234,106008,6226
112236,106010,6226
112238,106012,6226
112240,106014,6226
112241,106015,6226
112243,106017,6226
112244,106018,6226
112246,106020,6226
112248,106022,6226
112250,106024,6226
112251,106025,6226
112252,106026,6226
112254,106028,6226
112256,106030,6226
112257,106031,6226
112258,106032,6226
112259,106033,6226
112261,106035,6226
112262,106036,6226
112263,106037,6226
112265,106039,6226
112266,106040,6226
112267,106041,6226
112268,106042,6226
112269,106043,6226
112271,106045,6226
112272,106046,6226
112273,106047,6226
112274,106048,6226
112275,106049,6226
112276,106050,6226
112278,106052,6226
112279,106053,6226
112281,106055,6226
112282,106056,6226
112284,106058,6226
112285,106059,6226
112286,106060,6226
112287,106061,6226
112288,106062,6226
112289,106062,6227
112291,106064,6227
112292,106065,6227
112293,106066,6227
112295,106068,6227
112297,106070,6227
112298,106071,6227
112299,106072,6227
112300,106073,6227
112301,106074,6227
112303,106076,6227
112305,106078,6227
112306,106079,6227
112308,106081,6227
112309,106082,6227
112310,106083,6227
112312,106085,6227
112313,106086,6227
112315,106088,6227
112316,106089,6227
112318,106091,6227
112320,106093,6227
112322,106095,6227
112323,106096,6227
112324,106097,6227
112326,106099,6227
112327,106099,6228
112328,106100,6228
112329,106101,6228
112330,106102,6228
112331,106103,6228
112332,106104,6228
112334,106106,6228
112336,106108,6228
112337,106109,6228
112338,106110,6228
112339,106111,6228
112341,106113,6228
112343,106115,6228
112345,106117,6228
112347,106119,6228
112348,106120,6228
112350,106122,6228
112351,106123,6228
112353,106125,6228
112354,106126,6228
112355,106127,6228
112356,106128,6228
112358,106130,6228
112360,106132,6228
112361,106133,6228
112362,106134,6228
112363,106135,6228
112364,106136,6228
112366,106138,6228
112368,106140,6228
112369,106141,6228
112371,106143,6228
112372,106144,6228
112373,106145,6228
112375,106147,6228
112377,106149,6228
112378,106150,6228
112379,106151,6228
112380,106152,6228
112381,106153,6228
112382,106154,6228
112383,106155,6228
112384,106156,6228
112385,106157,6228
112386,106158,6228
112387,106159,6228
112388,106160,6228
112389,106161,6228
112390,106162,6228
112392,106164,6228
112394,106166,6228
112395,106167,6228
112396,106168,6228
112397,106168,6229
112398,106169,6229
112399,106170,6229
112400,106171,6229
112402,106173,6229
112404,106175,6229
112405,106176,6229
112406,106177,6229
112408,106179,6229
112409,106180,6229
112410,106181,6229
112411,106182,6229
112412,106183,6229
112413,106184,6229
112415,106186,6229
112416,106187,6229
112417,106188,6229
112418,106189,6229
112419,106190,6229
112421,106192,6229
112422,106193,6229
112424,106195,6229
112425,106196,6229
112426,106197,6229
112427,106198,6229
112428,106199,6229
112430,106201,6229
112431,106202,6229
112432,106203,6229
112433,106204,6229
112434,106205,6229
112435,106206,6229
112437,106208,6229
112438,106209,6229
112439,106210,6229
112440,106211,6229
112442,106213,6229
112443,106214,6229
112444,106215,6229
112445,106216,6229
112446,106217,6229
112447,106218,6229
112448,106219,6229
112449,106220,6229
112450,106221,6229
112452,106223,6229
112453,106224,6229
112454,106225,6229
112455,106226,6229
112456,106227,6229
112457,106228,6229
112458,106229,6229
112460,106231,6229
112461,106232,6229
112462,106233,6229
112463,106234,6229
112465,106236,6229
112466,106237,6229
112468,106239,6229
112470,106241,6229
112471,106242,6229
112472,106243,6229
112473,106244,6229
112474,106245,6229
112476,106247,6229
112477,106248,6229
112478,106249,6229
112479,106250,6229
112481,106252,6229
112482,106253,6229
112483,106254,6229
112484,106255,6229
112485,106256,6229
112486,106257,6229
112487,106258,6229
112488,106259,6229
112489,106260,6229
112490,106261,6229
112491,106262,6229
112492,106263,6229
112494,106265,6229
112495,106266,6229
112497,106268,6229
112498,106269,6229
112499,106270,6229
112500,106271,6229
112501,106272,6229
112502,106273,6229
112503,106274,6229
112504,106275,6229
112505,106276,6229
112506,106277,6229
112507,106278,6229
112508,106279,6229
112510,106281,6229
112511,106282,6229
112513,106284,6229
112514,106285,6229
112515,106286,6229
112516,106287,6229
112517,106288,6229
112519,106290,6229
112520,106291,6229
112521,106292,6229
112523,106294,6229
112525,106296,6229
112527,106298,6229
112528,106299,6229
112529,106300,6229
112530,106301,6229
112532,106303,6229
112534,106305,6229
112535,106306,6229
112536,106307,6229
112537,106308,6229
112538,106309,6229
112540,106311,6229
112541,106312,6229
112542,106313,6229
112543,106314,6229
112544,106315,6229
112545,106316,6229
112547,106318,6229
112549,106320,6229
112550,106321,6229
112551,106322,6229
112552,106323,6229
112553,106324,6229
112554,106325,6229
112556,106327,6229
112558,106329,6229
112559,106330,6229
112560,106331,6229
112561,106332,6229
112562,106333,6229
112563,106334,6229
112564,106335,6229
112565,106336,6229
112566,106337,6229
112567,106338,6229
112568,106339,6229
112570,106341,6229
112571,106342,6229
112572,106343,6229
112573,106344,6229
112575,106346,6229
112576,106347,6229
112577,106348,6229
112579,106350,6229
112580,106351,6229
112581,106352,6229
112582,106353,6229
112583,106354,6229
112584,106355,6229
112585,106356,6229
112587,106358,6229
112588,106359,6229
112589,106360,6229
112590,106361,6229
112591,106362,6229
112593,106364,6229
112594,106365,6229
112595,106366,6229
112596,106367,6229
112597,106368,6229
112598,106369,6229
112600,106371,6229
112601,106372,6229
112602,106373,6229
112603,106374,6229
112605,106376,6229
112607,106378,6229
112608,106379,6229
112609,106380,6229
112610,106381,6229
112612,106383,6229
112613,106384,6229
112615,106386,6229
112616,106387,6229
112617,106388,6229
112618,106389,6229
112619,106390,6229
112620,106391,6229
112621,106392,6229
112622,106393,6229
112624,106395,6229
112625,106396,6229
112627,106398,6229
112628,106399,6229
112630,106401,6229
112632,106403,6229
112634,106405,6229
112635,106406,6229
112637,106408,6229
112638,106409,6229
112640,106411,6229
112642,106413,6229
112643,106414,6229
112644,106415,6229
112646,106417,6229
112647,106418,6229
112649,106420,6229
112650,106421,6229
112651,106422,6229
112652,106423,6229
112654,106425,6229
112655,106426,6229
112656,106427,6229
112658,106429,6229
112659,106430,6229
112661,106432,6229
112662,106433,6229
112663,106434,6229
112664,106435,6229
112665,106436,6229
112666,106437,6229
112668,106439,6229
112669,106440,6229
112670,106441,6229
112671,106442,6229
112672,106443,6229
112673,106444,6229
112675,106446,6229
112676,106447,6229
112677,106448,6229
112679,106450,6229
112680,106451,6229
112681,106452,6229
112682,106453,6229
112683,106454,6229
112684,106455,6229
112686,106456,6230
112687,106457,6230
112689,106458,6231
112691,106460,6231
112692,106461,6231
112693,106462,6231
112694,106463,6231
112696,106465,6231
112697,106466,6231
112699,106467,6232
112700,106468,6232
112701,106469,6232
112703,106471,6232
112704,106472,6232
112705,106473,6232
112706,106474,6232
112707,106475,6232
112709,106477,6232
112710,106478,6232
112711,106479,6232
112712,106480,6232
112714,106482,6232
112715,106483,6232
112716,106484,6232
112717,106484,6233
112718,106485,6233
112719,106486,6233
112721,106488,6233
112722,106489,6233
112723,106490,6233
112724,106491,6233
112725,106492,6233
112727,106494,6233
112728,106495,6233
112729,106496,6233
112731,106498,6233
112732,106499,6233
112733,106499,6234
112734,106500,6234
112735,106501,6234
112737,106503,6234
112738,106504,6234
112740,106506,6234
112741,106507,6234
112743,106509,6234
112744,106510,6234
112745,106511,6234
112747,106513,6234
112748,106514,6234
112749,106515,6234
112750,106516,6234
112752,106518,6234
112753,106519,6234
112754,106520,6234
112755,106521,6234
112757,106523,6234
112758,106524,6234
112759,106525,6234
112760,106526,6234
112762,106528,6234
112763,106529,6234
112764,106530,6234
112765,106531,6234
112767,106533,6234
112769,106535,6234
112770,106536,6234
112772,106538,6234
112773,106539,6234
112774,106540,6234
112775,106541,6234
112776,106542,6234
112778,106544,6234
112779,106545,6234
112780,106546,6234
112781,106547,6234
112782,106548,6234
112783,106549,6234
112784,106550,6234
112786,106552,6234
112787,106553,6234
112788,106554,6234
112789,106555,6234
112790,106556,6234
112792,106558,6234
112794,106560,6234
112795,106561,6234
112797,106563,6234
112798,106564,6234
112800,106566,6234
112802,106568,6234
112803,106569,6234
112804,106570,6234
112805,106571,6234
112806,106572,6234
112808,106574,6234
112809,106575,6234
112811,106577,6234
112812,106578,6234
112813,106579,6234
112815,106581,6234
112816,106582,6234
112818,106584,6234
112819,106585,6234
112821,106587,6234
112822,106588,6234
112824,106590,6234
112825,106591,6234
112827,106593,6234
112828,106594,6234
112829,106595,6234
112830,106596,6234
112831,106597,6234
112833,106599,6234
112834,106599,6235
112835,106600,6235
112837,106602,6235
112838,106603,6235
112840,106605,6235
112842,106607,6235
112844,106609,6235
112845,106610,6235
112847,106612,6235
112848,106613,6235
112850,106615,6235
112851,106616,6235
112852,106617,6235
112854,106619,6235
112855,106620,6235
112856,106621,6235
112857,106622,6235
112858,106623,6235
112860,106625,6235
112861,106626,6235
112862,106627,6235
112863,106628,6235
112864,106629,6235
112865,106630,6235
112866,106631,6235
112867,106632,6235
112868,106633,6235
112870,106635,6235
112871,106636,6235
112872,106637,6235
112873,106638,6235
112874,106639,6235
112875,106640,6235
112876,106641,6235
112877,106642,6235
112878,106643,6235
112880,106645,6235
112881,106646,6235
112883,106647,6236
112884,106648,6236
112885,106649,6236
112886,106650,6236
112887,106651,6236
112888,106652,6236
112889,106653,6236
112891,106655,6236
112892,106656,6236
112893,106657,6236
112894,106658,6236
112895,106659,6236
112896,106660,6236
112897,106661,6236
112898,106662,6236
112899,106663,6236
112901,106665,6236
112902,106666,6236
112903,106667,6236
112904,106668,6236
112905,106669,6236
112906,106670,6236
112907,106671,6236
112908,106672,6236
112909,106673,6236
112911,106675,6236
112912,106676,6236
112913,106677,6236
112914,106678,6236
112915,106679,6236
112916,106680,6236
112917,106681,6236
112918,106682,6236
112919,106683,6236
112921,106685,6236
112922,106686,6236
112923,106687,6236
112924,106688,6236
112925,106689,6236
112926,106690,6236
112927,106691,6236
112928,106692,6236
112929,106693,6236
112931,106695,6236
112932,106696,6236
112933,106697,6236
112934,106698,6236
112935,106699,6236
112936,106700,6236
112937,106701,6236
112938,106702,6236
112939,106703,6236
112941,106705,6236
112942,106706,6236
112943,106707,6236
112944,106708,6236
112945,106709,6236
112946,106710,6236
112947,106711,6236
112948,106712,6236
112949,106713,6236
112951,106715,6236
112952,106716,6236
112953,106717,6236
112954,106718,6236
112955,106719,6236
112956,106720,6236
112957,106721,6236
112958,106722,6236
112959,106723,6236
112961,106725,6236
112962,106726,6236
112963,106727,6236
112964,106728,6236
112965,106729,6236
112966,106730,6236
112967,106731,6236
112968,106732,6236
112969,106733,6236
112971,106735,6236
112972,106736,6236
112973,106737,6236
112974,106738,6236
112975,106739,6236
112976,106740,6236
112977,106741,6236
112978,106742,6236
112979,106743,6236
112981,106745,6236
112982,106746,6236
112983,106747,6236
112984,106748,6236
112985,106749,6236
112986,106750,6236
112987,106751,6236
112988,106752,6236
112989,106753,6236
112991,106755,6236
112992,106756,6236
112993,106757,6236
112994,106758,6236
112995,106759,6236
112996,106760,6236
112997,106761,6236
112998,106762,6236
112999,106763,6236
113001,106765,6236
113002,106766,6236
113003,106767,6236
113004,106768,6236
113005,106769,6236
113006,106770,6236
113007,106771,6236
113008,106772,6236
113009,106773,6236
113011,106775,6236
113012,106776,6236
113013,106777,6236
113014,106778,6236
113015,106779,6236
113016,106780,6236
113017,106781,6236
113018,106782,6236
113019,106783,6236
113021,106785,6236
113022,106786,6236
113023,106787,6236
113024,106788,6236
113025,106789,6236
113026,106790,6236
113027,106791,6236
113028,106792,6236
113029,106793,6236
113031,106795,6236
113032,106796,6236
113033,106797,6236
113034,106798,6236
113035,106799,6236
113036,106800,6236
113037,106801,6236
113038,106802,6236
113039,106803,6236
113041,106805,6236
113042,106806,6236
113044,106807,6237
113045,106808,6237
113046,106809,6237
113047,106810,6237
113048,106811,6237
113049,106812,6237
113050,106813,6237
113052,106815,6237
113053,106816,6237
113054,106817,6237
113055,106818,6237
113056,106819,6237
113057,106820,6237
113058,106821,6237
113059,106822,6237
113060,106823,6237
113062,106825,6237
113063,106826,6237
113064,106827,6237
113065,106828,6237
113066,106829,6237
113067,106830,6237
113068,106831,6237
113069,106832,6237
113070,106833,6237
113072,106835,6237
113073,106836,6237
113074,106837,6237
113075,106838,6237
113076,106839,6237
113077,106840,6237
113078,106841,6237
113079,106842,6237
113080,106843,6237
113082,106845,6237
113083,106846,6237
113084,106847,6237
113085,106848,6237
113086,106849,6237
113087,106850,6237
113088,106851,6237
113089,106852,6237
113090,106853,6237
113092,106855,6237
113093,106856,6237
113094,106857,6237
113095,106858,6237
113096,106859,6237
113097,106860,6237
113098,106861,6237
113099,106862,6237
113100,106863,6237
113102,106865,6237
113103,106866,6237
113104,106867,6237
113105,106868,6237
113106,106869,6237
113107,106870,6237
113108,106871,6237
113109,106872,6237
113110,106873,6237
113112,106875,6237
113113,106876,6237
113114,106877,6237
113115,106878,6237
113116,106879,6237
113117,106880,6237
113118,106881,6237
113119,106882,6237
113120,106883,6237
113122,106885,6237
113123,106886,6237
113124,106887,6237
113125,106888,6237
113126,106889,6237
113127,106890,6237
113128,106891,6237
113129,106892,6237
113130,106893,6237
113132,106895,6237
113133,106896,6237
113134,106897,6237
113135,106898,6237
113136,106899,6237
113137,106900,6237
113138,106901,6237
113139,106902,6237
113140,106903,6237
113142,106905,6237
113143,106906,6237
113144,106907,6237
113145,106908,6237
113146,106909,6237
113147,106910,6237
113149,106912,6237
113151,106914,6237
113152,106915,6237
113153,106916,6237
113155,106918,6237
113157,106920,6237
113158,106921,6237
113159,106922,6237
113161,106924,6237
113162,106925,6237
113163,106926,6237
113164,106927,6237
113166,106929,6237
113167,106930,6237
113168,106931,6237
113169,106932,6237
113171,106934,6237
113173,106936,6237
113174,106937,6237
113175,106938,6237
113177,106940,6237
113179,106942,6237
113180,106943,6237
113181,106944,6237
113183,106946,6237
113185,106948,6237
113186,106949,6237
113188,106951,6237
113190,106953,6237
113191,106954,6237
113193,106956,6237
113195,106958,6237
113197,106960,6237
113198,106961,6237
113199,106962,6237
113201,106964,6237
113203,106966,6237
113204,106967,6237
113206,106969,6237
113208,106971,6237
113209,106972,6237
113210,106973,6237
113212,106975,6237
113213,106976,6237
113215,106978,6237
113216,106979,6237
113217,106980,6237
113219,106982,6237
113221,106984,6237
113222,106985,6237
113224,106987,6237
113225,106988,6237
113227,106990,6237
113228,106991,6237
113230,106993,6237
113232,106995,6237
113234,106997,6237
113235,106998,6237
113237,107000,6237
113238,107001,6237
113240,107003,6237
113241,107004,6237
113243,107006,6237
113244,107007,6237
113245,107008,6237
113246,107009,6237
113247,107010,6237
113248,107011,6237
113249,107012,6237
113250,107013,6237
113251,107014,6237
113252,107015,6237
113253,107016,6237
113254,107017,6237
113255,107018,6237
113256,107019,6237
113257,107020,6237
113259,107022,6237
113260,107023,6237
113261,107024,6237
113262,107025,6237
113264,107027,6237
113265,107028,6237
113266,107029,6237
113268,107031,6237
113270,107033,6237
113271,107034,6237
113273,107036,6237
113275,107038,6237
113277,107040,6237
113278,107041,6237
113279,107042,6237
113280,107043,6237
113281,107044,6237
113282,107045,6237
113284,107047,6237
113285,107048,6237
113287,107050,6237
113289,107052,6237
113291,107054,6237
113292,107055,6237
113294,107057,6237
113295,107058,6237
113297,107060,6237
113298,107061,6237
113299,107062,6237
113300,107063,6237
113302,107065,6237
113304,107067,6237
113305,107068,6237
113306,107069,6237
113307,107070,6237
113309,107072,6237
113311,107074,6237
113312,107075,6237
113314,107077,6237
113315,107078,6237
113316,107079,6237
113317,107080,6237
113319,107082,6237
113320,107083,6237
113321,107084,6237
113322,107085,6237
113323,107086,6237
113325,107088,6237
113326,107089,6237
113327,107090,6237
113328,107091,6237
113330,107093,6237
113331,107094,6237
113332,107095,6237
113333,107096,6237
113334,107097,6237
113336,107099,6237
113338,107101,6237
113339,107102,6237
113341,107104,6237
113342,107105,6237
113343,107106,6237
113344,107107,6237
113345,107108,6237
113347,107110,6237
113349,107112,6237
113350,107113,6237
113351,107114,6237
113352,107115,6237
113353,107116,6237
113355,107118,6237
113357,107120,6237
113358,107121,6237
113359,107122,6237
113360,107123,6237
113362,107125,6237
113364,107127,6237
113365,107128,6237
113366,107129,6237
113367,107130,6237
113369,107132,6237
113370,107133,6237
113372,107135,6237
113374,107137,6237
113376,107139,6237
113377,107140,6237
113378,107141,6237
113379,107142,6237
113381,107144,6237
113382,107145,6237
113383,107146,6237
113384,107147,6237
113385,107148,6237
113386,107149,6237
113388,107151,6237
113389,107152,6237
113391,107154,6237
113393,107156,6237
113394,107157,6237
113395,107158,6237
113396,107159,6237
113398,107161,6237
113400,107163,6237
113401,107164,6237
113402,107165,6237
113403,107166,6237
113404,107167,6237
113405,107168,6237
113406,107169,6237
113407,107170,6237
113408,107171,6237
113409,107172,6237
113410,107173,6237
113412,107175,6237
113413,107176,6237
113415,107178,6237
113416,107179,6237
113417,107180,6237
113418,107181,6237
113419,107182,6237
113421,107184,6237
113422,107185,6237
113423,107186,6237
113424,107187,6237
113426,107189,6237
113428,107191,6237
113429,107192,6237
113430,107193,6237
113431,107194,6237
113432,107195,6237
113434,107197,6237
113435,107198,6237
113437,107200,6237
113438,107201,6237
113439,107202,6237
113440,107203,6237
113441,107204,6237
113443,107206,6237
113445,107208,6237
113447,107210,6237
113448,107211,6237
113449,107212,6237
113450,107213,6237
113452,107215,6237
113454,107217,6237
113456,107219,6237
113457,107220,6237
113458,107221,6237
113460,107223,6237
113462,107225,6237
113463,107226,6237
113464,107227,6237
113465,107228,6237
113467,107230,6237
113468,107231,6237
113469,107232,6237
113471,107234,6237
113472,107235,6237
113473,107236,6237
113474,107237,6237
113475,107238,6237
113477,107240,6237
113478,107241,6237
113479,107242,6237
113480,107243,6237
113481,107244,6237
113482,107245,6237
113484,107247,6237
113485,107248,6237
113487,107250,6237
113489,107252,6237
113490,107253,6237
113491,107254,6237
113492,107255,6237
113494,107257,6237
113496,107259,6237
113497,107260,6237
113498,107261,6237
113499,107262,6237
113500,107263,6237
113501,107264,6237
113502,107265,6237
113503,107266,6237
113504,107267,6237
113506,107269,6237
113507,107270,6237
113509,107272,6237
113510,107273,6237
113512,107275,6237
113513,107276,6237
113514,107277,6237
113515,107278,6237
113516,107279,6237
113518,107281,6237
113519,107282,6237
113520,107283,6237
113521,107284,6237
113523,107286,6237
113525,107288,6237
113526,107289,6237
113527,107290,6237
113528,107291,6237
113529,107292,6237
113531,107294,6237
113532,107295,6237
113534,107297,6237
113535,107298,6237
113536,107299,6237
113538,107301,6237
113539,107302,6237
113541,107304,6237
113543,107306,6237
113545,107308,6237
113546,107309,6237
113548,107311,6237
113549,107312,6237
113551,107314,6237
113553,107316,6237
113555,107318,6237
113556,107319,6237
113557,107320,6237
113559,107322,6237
113561,107324,6237
113562,107325,6237
113563,107326,6237
113564,107327,6237
113566,107329,6237
113567,107330,6237
113569,107331,6238
113571,107333,6238
113572,107334,6238
113573,107335,6238
113574,107336,6238
113575,107337,6238
113577,107339,6238
113578,107340,6238
113579,107341,6238
113580,107342,6238
113581,107343,6238
113582,107344,6238
113584,107346,6238
113585,107347,6238
113587,107349,6238
113588,107350,6238
113590,107352,6238
113591,107353,6238
113592,107354,6238
113593,107355,6238
113594,107356,6238
113596,107356,6240
113598,107358,6240
113599,107359,6240
113600,107360,6240
113602,107362,6240
113604,107364,6240
113605,107365,6240
113606,107366,6240
113607,107367,6240
113608,107368,6240
113610,107370,6240
113612,107372,6240
113613,107373,6240
113615,107375,6240
113616,107376,6240
113617,107377,6240
113619,107379,6240
113620,107380,6240
113622,107382,6240
113623,107383,6240
113625,107385,6240
113627,107387,6240
113629,107389,6240
113630,107390,6240
113631,107391,6240
113633,107393,6240
113634,107393,6241
113635,107394,6241
113636,107395,6241
113637,107396,6241
113638,107397,6241
113639,107398,6241
113640,107399,6241
113641,107400,6241
113643,107402,6241
113644,107403,6241
113645,107404,6241
113646,107405,6241
113647,107406,6241
113648,107407,6241
113649,107408,6241
113650,107409,6241
113651,107410,6241
113653,107412,6241
113655,107413,6242
113656,107414,6242
113657,107415,6242
113658,107416,6242
113659,107417,6242
113660,107418,6242
113662,107420,6242
113664,107422,6242
113665,107423,6242
113666,107424,6242
113667,107425,6242
113669,107427,6242
113671,107429,6242
113673,107431,6242
113675,107433,6242
113676,107434,6242
113678,107436,6242
113679,107437,6242
113681,107439,6242
113682,107440,6242
113683,107441,6242
113684,107442,6242
113686,107444,6242
113688,107446,6242
113689,107447,6242
113690,107448,6242
113691,107449,6242
113692,107450,6242
113694,107452,6242
113696,107454,6242
113697,107455,6242
113699,107457,6242
113700,107458,6242
113701,107459,6242
113703,107461,6242
113705,107463,6242
113706,107464,6242
113707,107465,6242
113708,107466,6242
113709,107467,6242
113710,107468,6242
113711,107469,6242
113712,107470,6242
113713,107471,6242
113714,107472,6242
113715,107473,6242
113716,107474,6242
113717,107475,6242
113718,107476,6242
113720,107478,6242
113722,107480,6242
113723,107481,6242
113724,107482,6242
113726,107483,6243
113727,107484,6243
113728,107485,6243
113729,107486,6243
113730,107487,6243
113732,107489,6243
113733,107490,6243
113734,107491,6243
113736,107493,6243
113737,107494,6243
113738,107495,6243
113739,107496,6243
113740,107497,6243
113741,107498,6243
113743,107500,6243
113744,107501,6243
113745,107502,6243
113746,107503,6243
113747,107504,6243
113749,107506,6243
113750,107507,6243
113752,107509,6243
113753,107510,6243
113754,107511,6243
113755,107512,6243
113756,107513,6243
113758,107515,6243
113759,107516,6243
113760,107517,6243
113761,107518,6243
113762,107519,6243
113763,107520,6243
113765,107522,6243
113766,107523,6243
113767,107524,6243
113768,107525,6243
113770,107527,6243
113771,107528,6243
113772,107529,6243
113773,107530,6243
113774,107531,6243
113775,107532,6243
113776,107533,6243
113777,107534,6243
113778,107535,6243
113780,107537,6243
113781,107538,6243
113782,107539,6243
113783,107540,6243
113784,107541,6243
113785,107542,6243
113786,107543,6243
113788,107545,6243
113789,107546,6243
113790,107547,6243
113791,107548,6243
113793,107550,6243
113794,107551,6243
113796,107553,6243
113798,107555,6243
113799,107556,6243
113800,107557,6243
113801,107558,6243
113802,107559,6243
113804,107561,6243
113805,107562,6243
113806,107563,6243
113807,107564,6243
113809,107566,6243
113810,107567,6243
113811,107568,6243
113812,107569,6243
113813,107570,6243
113814,107571,6243
113815,107572,6243
113816,107573,6243
113817,107574,6243
113818,107575,6243
113819,107576,6243
113820,107577,6243
113822,107579,6243
113823,107580,6243
113825,107582,6243
113826,107583,6243
113827,107584,6243
113828,107585,6243
113829,107586,6243
113830,107587,6243
113831,107588,6243
113832,107589,6243
113833,107590,6243
113834,107591,6243
113835,107592,6243
113836,107593,6243
113838,107595,6243
113839,107596,6243
113841,107598,6243
113842,107599,6243
113843,107600,6243
113844,107601,6243
113845,107602,6243
113847,107604,6243
113848,107605,6243
113849,107606,6243
113851,107608,6243
113853,107610,6243
113855,107612,6243
113856,107613,6243
113857,107614,6243
113858,107615,6243
113860,107617,6243
113862,107619,6243
113863,107620,6243
113864,107621,6243
113865,107622,6243
113866,107623,6243
113868,107625,6243
113869,107626,6243
113870,107627,6243
113871,107628,6243
113872,107629,6243
113873,107630,6243
113875,107632,6243
113877,107634,6243
113878,107635,6243
113879,107636,6243
113880,107637,6243
113881,107638,6243
113882,107639,6243
113884,107641,6243
113886,107643,6243
113887,107644,6243
113888,107645,6243
113889,107646,6243
113890,107647,6243
113891,107648,6243
113892,107649,6243
113893,107650,6243
113894,107651,6243
113895,107652,6243
113896,107653,6243
113898,107655,6243
113899,107656,6243
113900,107657,6243
113901,107658,6243
113903,107660,6243
113904,107661,6243
113905,107662,6243
113907,107664,6243
113908,107665,6243
113909,107666,6243
113910,107667,6243
113911,107668,6243
113912,107669,6243
113913,107670,6243
113915,107672,6243
113916,107673,6243
113917,107674,6243
113918,107675,6243
113919,107676,6243
113921,107678,6243
113922,107679,6243
113923,107680,6243
113924,107681,6243
113925,107682,6243
113926,107683,6243
113928,107685,6243
113929,107686,6243
113930,107687,6243
113931,107688,6243
113933,107690,6243
113935,107692,6243
113936,107693,6243
113937,107694,6243
113938,107695,6243
113940,107697,6243
113941,107698,6243
113943,107700,6243
113944,107701,6243
113945,107702,6243
113946,107703,6243
113947,107704,6243
113948,107705,6243
113949,107706,6243
113950,107707,6243
113952,107709,6243
113953,107710,6243
113955,107712,6243
113956,107713,6243
113958,107715,6243
113960,107717,6243
113962,107719,6243
113963,107720,6243
113965,107722,6243
113966,107723,6243
113968,107725,6243
113970,107727,6243
113971,107728,6243
113972,107729,6243
113974,107731,6243
113975,107732,6243
113977,107734,6243
113978,107735,6243
113979,107736,6243
113980,107737,6243
113982,107739,6243
113983,107740,6243
113984,107741,6243
113986,107743,6243
113987,107744,6243
113989,107746,6243
113990,107747,6243
113991,107748,6243
113992,107749,6243
113993,107750,6243
113994,107751,6243
113996,107753,6243
113998,107755,6243
113999,107756,6243
114000,107757,6243
114001,107758,6243
114002,107759,6243
114004,107761,6243
114005,107762,6243
114006,107763,6243
114008,107765,6243
114009,107766,6243
114010,107767,6243
114011,107768,6243
114012,107769,6243
114013,107770,6243
114014,107771,6243
114015,107772,6243
114016,107773,6243
114018,107775,6243
114019,107776,6243
114020,107777,6243
114021,107778,6243
114023,107780,6243
114024,107781,6243
114025,107781,6244
114026,107782,6244
114027,107783,6244
114029,107785,6244
114030,107786,6244
114031,107787,6244
114032,107788,6244
114033,107789,6244
114035,107791,6244
114036,107792,6244
114038,107794,6244
114039,107795,6244
114041,107797,6244
114042,107798,6244
114043,107799,6244
114044,107799,6245
114045,107800,6245
114046,107801,6245
114048,107803,6245
114049,107804,6245
114050,107805,6245
114051,107806,6245
114052,107807,6245
114054,107809,6245
114055,107810,6245
114056,107811,6245
114058,107813,6245
114059,107814,6245
114060,107814,6246
114061,107815,6246
114062,107816,6246
114064,107818,6246
114065,107819,6246
114067,107821,6246
114068,107822,6246
114070,107824,6246
114071,107825,6246
114072,107826,6246
114074,107828,6246
114075,107829,6246
114076,107830,6246
114077,107831,6246
114079,107833,6246
114080,107834,6246
114081,107835,6246
114082,107836,6246
114084,107838,6246
114085,107839,6246
114086,107840,6246
114087,107841,6246
114089,107843,6246
114090,107844,6246
114091,107845,6246
114092,107846,6246
114094,107848,6246
114096,107850,6246
114097,107851,6246
114099,107853,6246
114100,107854,6246
114101,107855,6246
114102,107856,6246
114103,107857,6246
114105,107859,6246
114106,107860,6246
114107,107861,6246
114108,107862,6246
114109,107863,6246
114110,107864,6246
114111,107865,6246
114113,107867,6246
114114,107868,6246
114115,107869,6246
114116,107870,6246
114117,107871,6246
114119,107873,6246
114121,107875,6246
114122,107876,6246
114124,107878,6246
114125,107879,6246
114127,107881,6246
114129,107883,6246
114130,107884,6246
114131,107885,6246
114132,107886,6246
114133,107887,6246
114135,107889,6246
114136,107890,6246
114138,107892,6246
114139,107893,6246
114140,107894,6246
114142,107896,6246
114143,107897,6246
114145,107899,6246
114146,107900,6246
114148,107902,6246
114149,107903,6246
114151,107905,6246
114152,107906,6246
114154,107908,6246
114155,107909,6246
114156,107910,6246
114157,107911,6246
114158,107912,6246
114160,107914,6246
114161,107914,6247
114162,107915,6247
114164,107917,6247
114165,107918,6247
114167,107920,6247
114169,107922,6247
114171,107924,6247
114172,107925,6247
114174,107927,6247
114175,107928,6247
114177,107930,6247
114178,107931,6247
114179,107932,6247
114181,107934,6247
114182,107935,6247
114183,107936,6247
114184,107937,6247
114185,107938,6247
114187,107940,6247
114188,107941,6247
114190,107942,6248
114191,107943,6248
114192,107944,6248
114193,107945,6248
114194,107946,6248
114195,107947,6248
114196,107948,6248
114198,107950,6248
114199,107951,6248
114200,107952,6248
114201,107953,6248
114202,107954,6248
114203,107955,6248
114204,107956,6248
114205,107957,6248
114206,107958,6248
114208,107960,6248
114209,107961,6248
114210,107962,6248
114211,107963,6248
114212,107964,6248
114213,107965,6248
114214,107966,6248
114215,107967,6248
114216,107968,6248
114218,107970,6248
114219,107971,6248
114220,107972,6248
114221,107973,6248
114222,107974,6248
114223,107975,6248
114224,107976,6248
114225,107977,6248
114226,107978,6248
114228,107980,6248
114229,107981,6248
114230,107982,6248
114231,107983,6248
114232,107984,6248
114233,107985,6248
114234,107986,6248
114235,107987,6248
114236,107988,6248
114238,107990,6248
114239,107991,6248
114240,107992,6248
114241,107993,6248
114242,107994,6248
114243,107995,6248
114244,107996,6248
114245,107997,6248
114246,107998,6248
114248,108000,6248
114249,108001,6248
114250,108002,6248
114251,108003,6248
114252,108004,6248
114253,108005,6248
114254,108006,6248
114255,108007,6248
114256,108008,6248
114258,108010,6248
114259,108011,6248
114260,108012,6248
114261,108013,6248
114262,108014,6248
114263,108015,6248
114264,108016,6248
114265,108017,6248
114266,108018,6248
114268,108020,6248
114269,108021,6248
114270,108022,6248
114271,108023,6248
114272,108024,6248
114273,108025,6248
114275,108027,6248
114277,108029,6248
114278,108030,6248
114279,108031,6248
114281,108033,6248
114283,108035,6248
114284,108036,6248
114285,108037,6248
114287,108039,6248
114288,108040,6248
114289,108041,6248
114290,108042,6248
114292,108044,6248
114293,108045,6248
114294,108046,6248
114295,108047,6248
114297,108049,6248
114299,108051,6248
114300,108052,6248
114301,108053,6248
114303,108055,6248
114305,108057,6248
114306,108058,6248
114307,108059,6248
114309,108061,6248
114311,108063,6248
114312,108064,6248
114314,108066,6248
114316,108068,6248
114317,108069,6248
114319,108071,6248
114321,108073,6248
114323,108075,6248
114324,108076,6248
114325,108077,6248
114327,108079,6248
114329,108081,6248
114330,108082,6248
114332,108084,6248
114334,108086,6248
114335,108087,6248
114336,108088,6248
114338,108090,6248
114339,108091,6248
114341,108093,6248
114342,108094,6248
114343,108095,6248
114345,108097,6248
114347,108099,6248
114348,108100,6248
114350,108102,6248
114351,108103,6248
114353,108105,6248
114354,108106,6248
114356,108108,6248
114358,108110,6248
114360,108112,6248
114361,108113,6248
114363,108115,6248
114364,108116,6248
114366,108118,6248
114367,108119,6248
114369,108121,6248
114370,108122,6248
114371,108123,6248
114372,108124,6248
114373,108125,6248
114374,108126,6248
114375,108127,6248
114376,108128,6248
114377,108129,6248
114378,108130,6248
114379,108131,6248
114380,108132,6248
114381,108133,6248
114382,108134,6248
114383,108135,6248
114385,108137,6248
114386,108138,6248
114387,108139,6248
114388,108140,6248
114390,108142,6248
114391,108143,6248
114392,108144,6248
114394,108146,6248
114396,108148,6248
114397,108149,6248
114399,108151,6248
114401,108153,6248
114403,108155,6248
114404,108156,6248
114405,108157,6248
114406,108158,6248
114407,108159,6248
114408,108160,6248
114410,108162,6248
114411,108163,6248
114413,108165,6248
114415,108167,6248
114417,108169,6248
114418,108170,6248
114420,108172,6248
114421,108173,6248
114423,108175,6248
114424,108176,6248
114425,108177,6248
114426,108178,6248
114428,108180,6248
114430,108182,6248
114431,108183,6248
114432,108184,6248
114433,108185,6248
114435,108187,6248
114437,108189,6248
114438,108190,6248
114440,108192,6248
114441,108193,6248
114442,108194,6248
114443,108195,6248
114445,108197,6248
114446,108198,6248
114447,108199,6248
114448,108200,6248
114449,108201,6248
114451,108203,6248
114452,108204,6248
114453,108205,6248
114454,108206,6248
114456,108208,6248
114457,108209,6248
114458,108210,6248
114459,108211,6248
114460,108212,6248
114462,108214,6248
114464,108216,6248
114465,108217,6248
114467,108219,6248
114468,108220,6248
114469,108221,6248
114470,108222,6248
114471,108223,6248
114473,108225,6248
114475,108227,6248
114476,108228,6248
114477,108229,6248
114478,108230,6248
114479,108231,6248
114481,108233,6248
114483,108235,6248
114484,108236,6248
114485,108237,6248
114486,108238,6248
114488,108240,6248
114490,108242,6248
114491,108243,6248
114492,108244,6248
114493,108245,6248
114495,108247,6248
114496,108248,6248
114498,108250,6248
114500,108252,6248
114502,108254,6248
114503,108255,6248
114504,108256,6248
114505,108257,6248
114507,108259,6248
114508,108260,6248
114509,108261,6248
114510,108262,6248
114511,108263,6248
114512,108264,6248
114514,108266,6248
114515,108267,6248
114517,108269,6248
114519,108271,6248
114520,108272,6248
114521,108273,6248
114522,108274,6248
114524,108276,6248
114526,108278,6248
114527,108279,6248
114528,108280,6248
114529,108281,6248
114530,108282,6248
114531,108283,6248
114532,108284,6248
114533,108285,6248
114534,108286,6248
114535,108287,6248
114536,108288,6248
114538,108290,6248
114539,108291,6248
114541,108293,6248
114542,108294,6248
114543,108295,6248
114544,108296,6248
114545,108297,6248
114547,108299,6248
114548,108300,6248
114549,108301,6248
114550,108302,6248
114552,108304,6248
114554,108306,6248
114555,108307,6248
114556,108308,6248
114557,108309,6248
114558,108310,6248
114560,108312,6248
114561,108313,6248
114563,108315,6248
114564,108316,6248
114565,108317,6248
114566,108318,6248
114567,108319,6248
114569,108321,6248
114571,108323,6248
114573,108325,6248
114574,108326,6248
114575,108327,6248
114576,108328,6248
114578,108330,6248
114580,108332,6248
114582,108334,6248
114583,108335,6248
114584,108336,6248
114586,108338,6248
114588,108340,6248
114589,108341,6248
114590,108342,6248
114591,108343,6248
114593,108345,6248
114594,108346,6248
114595,108347,6248
114597,108349,6248
114598,108350,6248
114599,108351,6248
114600,108352,6248
114601,108353,6248
114603,108355,6248
114604,108356,6248
114605,108357,6248
114606,108358,6248
114607,108359,6248
114608,108360,6248
114610,108362,6248
114611,108363,6248
114613,108365,6248
114615,108367,6248
114616,108368,6248
114617,108369,6248
114618,108370,6248
114620,108372,6248
114622,108374,6248
114623,108375,6248
114624,108376,6248
114625,108377,6248
114626,108378,6248
114627,108379,6248
114628,108380,6248
114629,108381,6248
114630,108382,6248
114632,108384,6248
114633,108385,6248
114635,108387,6248
114636,108388,6248
114638,108390,6248
114639,108391,6248
114640,108392,6248
114641,108393,6248
114642,108394,6248
114644,108396,6248
114645,108397,6248
114646,108398,6248
114647,108399,6248
114649,108401,6248
114651,108403,6248
114652,108404,6248
114653,108405,6248
114654,108406,6248
114655,108407,6248
114657,108409,6248
114658,108410,6248
114660,108412,6248
114661,108413,6248
114662,108414,6248
114664,108416,6248
114665,108417,6248
114667,108419,6248
114669,108421,6248
114671,108423,6248
114672,108424,6248
114674,108426,6248
114675,108427,6248
114677,108429,6248
114679,108431,6248
114681,108433,6248
114682,108434,6248
114683,108435,6248
114685,108437,6248
114687,108439,6248
114688,108440,6248
114689,108441,6248
114690,108442,6248
114692,108444,6248
114693,108445,6248
114695,108447,6248
114697,108449,6248
114698,108450,6248
114699,108451,6248
114700,108452,6248
114701,108453,6248
114703,108455,6248
114704,108456,6248
114705,108457,6248
114706,108458,6248
114707,108459,6248
114708,108460,6248
114710,108462,6248
114711,108463,6248
114713,108465,6248
114714,108466,6248
114716,108468,6248
114717,108469,6248
114718,108470,6248
114719,108471,6248
114720,108472,6248
114721,108472,6249
114723,108474,6249
114724,108475,6249
114725,108476,6249
114727,108478,6249
114729,108480,6249
114730,108481,6249
114731,108482,6249
114732,108483,6249
114733,108484,6249
114735,108486,6249
114737,108488,6249
114738,108489,6249
114740,108491,6249
114741,108492,6249
114742,108493,6249
114744,108495,6249
114745,108496,6249
114747,108498,6249
114748,108499,6249
114750,108501,6249
114752,108503,6249
114754,108505,6249
114755,108506,6249
114756,108507,6249
114758,108509,6249
114759,108509,6250
114760,108510,6250
114761,108511,6250
114762,108512,6250
114763,108513,6250
114764,108514,6250
114765,108515,6250
114766,108516,6250
114768,108518,6250
114769,108519,6250
114770,108520,6250
114771,108521,6250
114772,108522,6250
114773,108523,6250
114774,108524,6250
114775,108525,6250
114776,108526,6250
114778,108528,6250
114779,108529,6250
114780,108530,6250
114781,108531,6250
114782,108532,6250
114783,108533,6250
114784,108534,6250
114785,108535,6250
114786,108536,6250
114788,108538,6250
114790,108539,6251
114791,108540,6251
114792,108541,6251
114793,108542,6251
114794,108543,6251
114795,108544,6251
114797,108546,6251
114799,108548,6251
114800,108549,6251
114801,108550,6251
114802,108551,6251
114804,108553,6251
114806,108555,6251
114808,108557,6251
114810,108559,6251
114811,108560,6251
114813,108562,6251
114814,108563,6251
114816,108565,6251
114817,108566,6251
114818,108567,6251
114819,108568,6251
114821,108570,6251
114823,108572,6251
114824,108573,6251
114825,108574,6251
114826,108575,6251
114827,108576,6251
114829,108578,6251
114831,108580,6251
114832,108581,6251
114834,108583,6251
114835,108584,6251
114836,108585,6251
114838,108587,6251
114840,108589,6251
114841,108590,6251
114842,108591,6251
114843,108592,6251
114844,108593,6251
114845,108594,6251
114846,108595,6251
114847,108596,6251
114848,108597,6251
114849,108598,6251
114850,108599,6251
114851,108600,6251
114852,108601,6251
114853,108602,6251
114855,108604,6251
114857,108606,6251
114858,108607,6251
114859,108608,6251
114861,108609,6252
114862,108610,6252
114863,108611,6252
114864,108612,6252
114865,108613,6252
114867,108615,6252
114868,108616,6252
114869,108617,6252
114871,108619,6252
114872,108620,6252
114873,108621,6252
114874,108622,6252
114875,108623,6252
114876,108624,6252
114878,108626,6252
114879,108627,6252
114880,108628,6252
114881,108629,6252
114882,108630,6252
114884,108632,6252
114885,108633,6252
114887,108635,6252
114888,108636,6252
114889,108637,6252
114890,108638,6252
114891,108639,6252
114893,108641,6252
114894,108642,6252
114895,108643,6252
114896,108644,6252
114897,108645,6252
114898,108646,6252
114900,108648,6252
114901,108649,6252
114902,108650,6252
114903,108651,6252
114905,108653,6252
114906,108654,6252
114907,108655,6252
114908,108656,6252
114909,108657,6252
114910,108658,6252
114911,108659,6252
114912,108660,6252
114913,108661,6252
114915,108663,6252
114916,108664,6252
114917,108665,6252
114918,108666,6252
114919,108667,6252
114920,108668,6252
114921,108669,6252
114923,108671,6252
114924,108672,6252
114925,108673,6252
114926,108674,6252
114928,108676,6252
114929,108677,6252
114931,108679,6252
114933,108681,6252
114934,108682,6252
114935,108683,6252
114936,108684,6252
114937,108685,6252
114939,108687,6252
114940,108688,6252
114941,108689,6252
114942,108690,6252
114944,108692,6252
114945,108693,6252
114946,108694,6252
114947,108695,6252
114948,108696,6252
114949,108697,6252
114950,108698,6252
114951,108699,6252
114952,108700,6252
114953,108701,6252
114954,108702,6252
114955,108703,6252
114957,108705,6252
114958,108706,6252
114960,108708,6252
114961,108709,6252
114962,108710,6252
114963,108711,6252
114964,108712,6252
114965,108713,6252
114966,108714,6252
114967,108715,6252
114968,108716,6252
114969,108717,6252
114970,108718,6252
114971,108719,6252
114973,108721,6252
114974,108722,6252
114976,108724,6252
114977,108725,6252
114978,108726,6252
114979,108727,6252
114980,108728,6252
114982,108730,6252
114983,108731,6252
114984,108732,6252
114986,108734,6252
114988,108736,6252
114990,108738,6252
114991,108739,6252
114992,108740,6252
114993,108741,6252
114995,108743,6252
114997,108745,6252
114998,108746,6252
114999,108747,6252
115000,108748,6252
115001,108749,6252
115003,108751,6252
115004,108752,6252
115005,108753,6252
115006,108754,6252
115007,108755,6252
115008,108756,6252
115010,108758,6252
115012,108760,6252
115013,108761,6252
115014,108762,6252
115015,108763,6252
115016,108764,6252
115017,108765,6252
115019,108767,6252
115021,108769,6252
115022,108770,6252
115023,108771,6252
115024,108772,6252
115025,108773,6252
115026,108774,6252
115027,108775,6252
115028,108776,6252
115029,108777,6252
115030,108778,6252
115031,108779,6252
115033,108781,6252
115034,108782,6252
115035,108783,6252
115036,108784,6252
115038,108786,6252
115039,108787,6252
115040,108788,6252
115042,108790,6252
115043,108791,6252
115044,108792,6252
115045,108793,6252
115046,108794,6252
115047,108795,6252
115048,108796,6252
115050,108798,6252
115051,108799,6252
115052,108800,6252
115053,108801,6252
115054,108802,6252
115056,108804,6252
115057,108805,6252
115058,108806,6252
115059,108807,6252
115060,108808,6252
115061,108809,6252
115063,108811,6252
115064,108812,6252
115065,108813,6252
115066,108814,6252
115068,108816,6252
115070,108818,6252
115071,108819,6252
115072,108820,6252
115073,108821,6252
115075,108823,6252
115076,108824,6252
115078,108826,6252
115079,108827,6252
115080,108828,6252
115081,108829,6252
115082,108830,6252
115083,108831,6252
115084,108832,6252
115085,108833,6252
115087,108835,6252
115088,108836,6252
115090,108838,6252
115091,108839,6252
115093,108841,6252
115095,108843,6252
115097,108845,6252
115098,108846,6252
115100,108848,6252
115101,108849,6252
115103,108851,6252
115105,108853,6252
115106,108854,6252
115107,108855,6252
115109,108857,6252
115110,108858,6252
115112,108860,6252
115113,108861,6252
115114,108862,6252
115115,108863,6252
115117,108865,6252
115118,108866,6252
115119,108867,6252
115121,108869,6252
115122,108870,6252
115124,108872,6252
115125,108873,6252
115126,108874,6252
115127,108875,6252
115128,108876,6252
115129,108877,6252
115131,108879,6252
115133,108881,6252
115134,108882,6252
115135,108883,6252
115136,108884,6252
115137,108885,6252
115139,108887,6252
115140,108888,6252
115141,108889,6252
115143,108891,6252
115144,108892,6252
115145,108893,6252
115146,108894,6252
115147,108895,6252
115148,108896,6252
115150,108897,6253
115151,108898,6253
115153,108900,6253
115155,108902,6253
115156,108903,6253
115157,108904,6253
115158,108905,6253
115160,108907,6253
115161,108908,6253
115163,108909,6254
115164,108910,6254
115165,108911,6254
115167,108913,6254
115168,108914,6254
115169,108915,6254
115170,108916,6254
115171,108917,6254
115173,108919,6254
115174,108920,6254
115175,108921,6254
115176,108922,6254
115178,108924,6254
115179,108925,6254
115180,108926,6254
115182,108927,6255
115183,108928,6255
115184,108929,6255
115186,108931,6255
115187,108932,6255
115188,108933,6255
115189,108934,6255
115190,108935,6255
115192,108937,6255
115193,108938,6255
115194,108939,6255
115196,108941,6255
115197,108942,6255
115198,108942,6256
115199,108943,6256
115200,108944,6256
115202,108946,6256
115203,108947,6256
115205,108949,6256
115206,108950,6256
115208,108952,6256
115209,108953,6256
115210,108954,6256
115212,108956,6256
115213,108957,6256
115214,108958,6256
115215,108959,6256
115217,108961,6256
115218,108962,6256
115219,108963,6256
115220,108964,6256
115222,108966,6256
115223,108967,6256
115224,108968,6256
115225,108969,6256
115227,108971,6256
115228,108972,6256
115229,108973,6256
115230,108974,6256
115232,108976,6256
115234,108978,6256
115235,108979,6256
115237,108981,6256
115238,108982,6256
115239,108983,6256
115240,108984,6256
115241,108985,6256
115243,108987,6256
115244,108988,6256
115245,108989,6256
115246,108990,6256
115247,108991,6256
115248,108992,6256
115249,108993,6256
115251,108995,6256
115252,108996,6256
115253,108997,6256
115254,108998,6256
115255,108999,6256
115257,109001,6256
115259,109003,6256
115260,109004,6256
115262,109006,6256
115263,109007,6256
115265,109009,6256
115267,109011,6256
115268,109012,6256
115269,109013,6256
115270,109014,6256
115271,109015,6256
115273,109017,6256
115274,109018,6256
115276,109020,6256
115277,109021,6256
115278,109022,6256
115280,109024,6256
115281,109025,6256
115283,109027,6256
115284,109028,6256
115286,109030,6256
115287,109031,6256
115289,109033,6256
115290,109034,6256
115292,109036,6256
115293,109037,6256
115294,109038,6256
115295,109039,6256
115296,109040,6256
115298,109042,6256
115299,109042,6257
115300,109043,6257
115302,109045,6257
115303,109046,6257
115305,109048,6257
115307,109050,6257
115309,109052,6257
115310,109053,6257
115312,109055,6257
115313,109056,6257
115315,109058,6257
115316,109059,6257
115317,109060,6257
115319,109062,6257
115320,109063,6257
115321,109064,6257
115322,109065,6257
115323,109066,6257
115325,109068,6257
115326,109069,6257
115327,109070,6257
115328,109071,6257
115329,109072,6257
115330,109073,6257
115331,109074,6257
115332,109075,6257
115333,109076,6257
115335,109078,6257
115336,109079,6257
115337,109080,6257
115338,109081,6257
115339,109082,6257
115340,109083,6257
115341,109084,6257
115342,109085,6257
115343,109086,6257
115345,109088,6257
115346,109089,6257
115347,109090,6257
115348,109091,6257
115349,109092,6257
115350,109093,6257
115351,109094,6257
115352,109095,6257
115353,109096,6257
115355,109098,6257
115356,109099,6257
115357,109100,6257
115358,109101,6257
115359,109102,6257
115360,109103,6257
115361,109104,6257
115362,109105,6257
115363,109106,6257
115365,109108,6257
115366,109109,6257
115367,109110,6257
115368,109111,6257
115369,109112,6257
115370,109113,6257
115371,109114,6257
115372,109115,6257
115373,109116,6257
115375,109118,6257
115376,109119,6257
115377,109120,6257
115378,109121,6257
115379,109122,6257
115380,109123,6257
115381,109124,6257
115382,109125,6257
115383,109126,6257
115385,109128,6257
115386,109129,6257
115387,109130,6257
115388,109131,6257
115389,109132,6257
115390,109133,6257
115391,109134,6257
115392,109135,6257
115393,109136,6257
115395,109138,6257
115396,109139,6257
115397,109140,6257
115398,109141,6257
115399,109142,6257
115400,109143,6257
115401,109144,6257
115402,109145,6257
115403,109146,6257
115405,109148,6257
115406,109149,6257
115407,109150,6257
115408,109151,6257
115409,109152,6257
115410,109153,6257
115411,109154,6257
115412,109155,6257
115413,109156,6257
115415,109158,6257
115416,109159,6257
115417,109160,6257
115418,109161,6257
115419,109162,6257
115420,109163,6257
115421,109164,6257
115422,109165,6257
115423,109166,6257
115425,109168,6257
115426,109169,6257
115427,109170,6257
115428,109171,6257
115429,109172,6257
115430,109173,6257
115431,109174,6257
115432,109175,6257
115433,109176,6257
115435,109178,6257
115436,109179,6257
115437,109180,6257
115438,109181,6257
115439,109182,6257
115440,109183,6257
115441,109184,6257
115442,109185,6257
115443,109186,6257
115445,109188,6257
115446,109189,6257
115447,109190,6257
115448,109191,6257
115449,109192,6257
115450,109193,6257
115451,109194,6257
115452,109195,6257
115453,109196,6257
115455,109198,6257
115456,109199,6257
115458,109200,6258
115459,109201,6258
115460,109202,6258
115461,109203,6258
115462,109204,6258
115463,109205,6258
115464,109206,6258
115466,109208,6258
115467,109209,6258
115468,109210,6258
115469,109211,6258
115470,109212,6258
115471,109213,6258
115472,109214,6258
115473,109215,6258
115474,109216,6258
115476,109218,6258
115477,109219,6258
115478,109220,6258
115479,109221,6258
115480,109222,6258
115481,109223,6258
115482,109224,6258
115483,109225,6258
115484,109226,6258
115486,109228,6258
115487,109229,6258
115488,109230,6258
115489,109231,6258
115490,109232,6258
115491,109233,6258
115492,109234,6258
115493,109235,6258
115494,109236,6258
115496,109238,6258
115497,109239,6258
115498,109240,6258
115499,109241,6258
115500,109242,6258
115501,109243,6258
115502,109244,6258
115503,109245,6258
115504,109246,6258
115506,109248,6258
115507,109249,6258
115508,109250,6258
115509,109251,6258
115510,109252,6258
115511,109253,6258
115512,109254,6258
115513,109255,6258
115514,109256,6258
115516,109258,6258
115517,109259,6258
115518,109260,6258
115519,109261,6258
115520,109262,6258
115521,109263,6258
115522,109264,6258
115523,109265,6258
115524,109266,6258
115526,109268,6258
115527,109269,6258
115528,109270,6258
115529,109271,6258
115530,109272,6258
115531,109273,6258
115532,109274,6258
115533,109275,6258
115534,109276,6258
115536,109278,6258
115537,109279,6258
115538,109280,6258
115539,109281,6258
115540,109282,6258
115541,109283,6258
115542,109284,6258
115543,109285,6258
115544,109286,6258
115546,109288,6258
115547,109289,6258
115548,109290,6258
115549,109291,6258
115550,109292,6258
115551,109293,6258
115552,109294,6258
115553,109295,6258
115554,109296,6258
115556,109298,6258
115557,109299,6258
115558,109300,6258
115559,109301,6258
115560,109302,6258
115561,109303,6258
115562,109304,6258
115563,109305,6258
115564,109306,6258
115566,109308,6258
115567,109309,6258
115568,109310,6258
115569,109311,6258
115570,109312,6258
115571,109313,6258
115572,109314,6258
115573,109315,6258
115574,109316,6258
115576,109318,6258
115577,109319,6258
115578,109320,6258
115579,109321,6258
115580,109322,6258
115581,109323,6258
115582,109324,6258
115583,109325,6258
115584,109326,6258
115586,109328,6258
115587,109329,6258
115588,109330,6258
115589,109331,6258
115590,109332,6258
115591,109333,6258
115592,109334,6258
115593,109335,6258
115594,109336,6258
115596,109338,6258
115597,109339,6258
115598,109340,6258
115599,109341,6258
115600,109342,6258
115601,109343,6258
115602,109344,6258
115603,109345,6258
115604,109346,6258
115606,109348,6258
115607,109349,6258
115608,109350,6258
115609,109351,6258
115610,109352,6258
115611,109353,6258
115613,109355,6258
115615,109357,6258
115616,109358,6258
115617,109359,6258
115619,109361,6258
115621,109363,6258
115622,109364,6258
115623,109365,6258
115625,109367,6258
115626,109368,6258
115627,109369,6258
115628,109370,6258
115630,109372,6258
115631,109373,6258
115632,109374,6258
115633,109375,6258
115635,109377,6258
115637,109379,6258
115638,109380,6258
115639,109381,6258
115641,109383,6258
115643,109385,6258
115644,109386,6258
115645,109387,6258
115647,109389,6258
115649,109391,6258
115650,109392,6258
115652,109394,6258
115654,109396,6258
115655,109397,6258
115657,109399,6258
115659,109401,6258
115661,109403,6258
115662,109404,6258
115663,109405,6258
115665,109407,6258
115667,109409,6258
115668,109410,6258
115670,109412,6258
115672,109414,6258
115673,109415,6258
115674,109416,6258
115676,109418,6258
115677,109419,6258
115679,109421,6258
115680,109422,6258
115681,109423,6258
115683,109425,6258
115685,109427,6258
115686,109428,6258
115688,109430,6258
115689,109431,6258
115691,109433,6258
115692,109434,6258
115694,109436,6258
115696,109438,6258
115698,109440,6258
115699,109441,6258
115701,109443,6258
115702,109444,6258
115704,109446,6258
115705,109447,6258
115707,109449,6258
115708,109450,6258
115709,109451,6258
115710,109452,6258
115711,109453,6258
115712,109454,6258
115713,109455,6258
115714,109456,6258
115715,109457,6258
115716,109458,6258
115717,109459,6258
115718,109460,6258
115719,109461,6258
115720,109462,6258
115721,109463,6258
115723,109465,6258
115724,109466,6258
115725,109467,6258
115726,109468,6258
115728,109470,6258
115729,109471,6258
115730,109472,6258
115732,109474,6258
115734,109476,6258
115735,109477,6258
115737,109479,6258
115739,109481,6258
115741,109483,6258
115742,109484,6258
115743,109485,6258
115744,109486,6258
115745,109487,6258
115746,109488,6258
115748,109490,6258
115749,109491,6258
115751,109493,6258
115753,109495,6258
115755,109497,6258
115756,109498,6258
115758,109500,6258
115759,109501,6258
115761,109503,6258
115762,109504,6258
115763,109505,6258
115764,109506,6258
115766,109508,6258
115768,109510,6258
115769,109511,6258
115770,109512,6258
115771,109513,6258
115773,109515,6258
115775,109517,6258
115776,109518,6258
115778,109520,6258
115779,109521,6258
115780,109522,6258
115781,109523,6258
115783,109525,6258
115784,109526,6258
115785,109527,6258
115786,109528,6258
115787,109529,6258
115789,109531,6258
115790,109532,6258
115791,109533,6258
115792,109534,6258
115794,109536,6258
115795,109537,6258
115796,109538,6258
115797,109539,6258
115798,109540,6258
115800,109542,6258
115802,109544,6258
115803,109545,6258
115805,109547,6258
115806,109548,6258
115807,109549,6258
115808,109550,6258
115809,109551,6258
115811,109553,6258
115813,109555,6258
115814,109556,6258
115815,109557,6258
115816,109558,6258
115817,109559,6258
115819,109561,6258
115821,109563,6258
115822,109564,6258
115823,109565,6258
115824,109566,6258
115826,109568,6258
115828,109570,6258
115829,109571,6258
115830,109572,6258
115831,109573,6258
115833,109575,6258
115834,109576,6258
115836,109578,6258
115838,109580,6258
115840,109582,6258
115841,109583,6258
115842,109584,6258
115843,109585,6258
115845,109587,6258
115846,109588,6258
115847,109589,6258
115848,109590,6258
115849,109591,6258
115850,109592,6258
115852,109594,6258
115853,109595,6258
115855,109597,6258
115857,109599,6258
115858,109600,6258
115859,109601,6258
115860,109602,6258
115862,109604,6258
115864,109606,6258
115865,109607,6258
115866,109608,6258
115867,109609,6258
115868,109610,6258
115869,109611,6258
115870,109612,6258
115871,109613,6258
115872,109614,6258
115873,109615,6258
115874,109616,6258
115876,109618,6258
115877,109619,6258
115879,109621,6258
115880,109622,6258
115881,109623,6258
115882,109624,6258
115883,109625,6258
115885,109627,6258
115886,109628,6258
115887,109629,6258
115888,109630,6258
115890,109632,6258
115892,109634,6258
115893,109635,6258
115894,109636,6258
115895,109637,6258
115896,109638,6258
115898,109640,6258
115899,109641,6258
115901,109643,6258
115902,109644,6258
115903,109645,6258
115904,109646,6258
115905,109647,6258
115907,109649,6258
115909,109651,6258
115911,109653,6258
115912,109654,6258
115913,109655,6258
115914,109656,6258
115916,109658,6258
115918,109660,6258
115920,109662,6258
115921,109663,6258
115922,109664,6258
115924,109666,6258
115926,109668,6258
115927,109669,6258
115928,109670,6258
115929,109671,6258
115931,109673,6258
115932,109674,6258
115933,109675,6258
115935,109677,6258
115936,109678,6258
115937,109679,6258
115938,109680,6258
115939,109681,6258
115941,109683,6258
115942,109684,6258
115943,109685,6258
115944,109686,6258
115945,109687,6258
115946,109688,6258
115948,109690,6258
115949,109691,6258
115951,109693,6258
115953,109695,6258
115954,109696,6258
115955,109697,6258
115956,109698,6258
115958,109700,6258
115960,109702,6258
115961,109703,6258
115962,109704,6258
115963,109705,6258
115964,109706,6258
115965,109707,6258
115966,109708,6258
115967,109709,6258
115968,109710,6258
115970,109712,6258
115971,109713,6258
115973,109715,6258
115974,109716,6258
115976,109718,6258
115977,109719,6258
115978,109720,6258
115979,109721,6258
115980,109722,6258
115982,109724,6258
115983,109725,6258
115984,109726,6258
115985,109727,6258
115987,109729,6258
115989,109731,6258
115990,109732,6258
115991,109733,6258
115992,109734,6258
115993,109735,6258
115995,109737,6258
115996,109738,6258
115998,109740,6258
115999,109741,6258
116000,109742,6258
116002,109744,6258
116003,109745,6258
116005,109747,6258
116007,109749,6258
116009,109751,6258
116010,109752,6258
116012,109754,6258
116013,109755,6258
116015,109757,6258
116017,109759,6258
116019,109761,6258
116020,109762,6258
116021,109763,6258
116023,109765,6258
116025,109767,6258
116026,109768,6258
116027,109769,6258
116028,109770,6258
116030,109772,6258
116031,109773,6258
116032,109774,6258
116034,109776,6258
116035,109777,6258
116036,109778,6258
116037,109779,6258
116038,109780,6258
116040,109782,6258
116041,109783,6258
116042,109784,6258
116043,109785,6258
116044,109786,6258
116045,109787,6258
116047,109789,6258
116048,109790,6258
116050,109792,6258
116051,109793,6258
116053,109795,6258
116054,109796,6258
116055,109797,6258
116056,109798,6258
116057,109799,6258
116058,109799,6259
116060,109801,6259
116061,109802,6259
116062,109803,6259
116064,109805,6259
116066,109807,6259
116067,109808,6259
116068,109809,6259
116069,109810,6259
116070,109811,6259
116072,109813,6259
116074,109815,6259
116075,109816,6259
116077,109818,6259
116078,109819,6259
116079,109820,6259
116081,109822,6259
116082,109823,6259
116084,109825,6259
116085,109826,6259
116087,109828,6259
116089,109830,6259
116091,109832,6259
116092,109833,6259
116093,109834,6259
116095,109836,6259
116096,109836,6260
116097,109837,6260
116098,109838,6260
116099,109839,6260
116100,109840,6260
116101,109841,6260
116102,109842,6260
116103,109843,6260
116105,109845,6260
116106,109846,6260
116107,109847,6260
116108,109848,6260
116109,109849,6260
116110,109850,6260
116111,109851,6260
116112,109852,6260
116113,109853,6260
116115,109855,6260
116116,109856,6260
116117,109857,6260
116118,109858,6260
116119,109859,6260
116120,109860,6260
116121,109861,6260
116123,109863,6260
116125,109865,6260
116126,109866,6260
116127,109867,6260
116128,109868,6260
116130,109870,6260
116132,109872,6260
116134,109874,6260
116136,109876,6260
116137,109877,6260
116139,109879,6260
116140,109880,6260
116142,109882,6260
116143,109883,6260
116144,109884,6260
116145,109885,6260
116147,109887,6260
116149,109889,6260
116150,109890,6260
116151,109891,6260
116152,109892,6260
116153,109893,6260
116155,109895,6260
116157,109897,6260
116158,109898,6260
116160,109900,6260
116161,109901,6260
116162,109902,6260
116164,109904,6260
116166,109906,6260
116167,109907,6260
116168,109908,6260
116169,109909,6260
116170,109910,6260
116171,109911,6260
116172,109912,6260
116173,109913,6260
116174,109914,6260
116175,109915,6260
116176,109916,6260
116177,109917,6260
116178,109918,6260
116179,109919,6260
116181,109921,6260
116183,109923,6260
116184,109924,6260
116185,109925,6260
116186,109925,6261
116187,109926,6261
116188,109927,6261
116189,109928,6261
116191,109930,6261
116193,109932,6261
116194,109933,6261
116195,109934,6261
116197,109936,6261
116198,109937,6261
116199,109938,6261
116200,109939,6261
116201,109940,6261
116202,109941,6261
116204,109943,6261
116205,109944,6261
116206,109945,6261
116207,109946,6261
116208,109947,6261
116210,109949,6261
116211,109950,6261
116213,109952,6261
116214,109953,6261
116215,109954,6261
116216,109955,6261
116217,109956,6261
116219,109958,6261
116220,109959,6261
116221,109960,6261
116223,109962,6261
116224,109963,6261
116225,109964,6261
116227,109966,6261
116228,109967,6261
116229,109968,6261
116230,109969,6261
116232,109971,6261
116233,109972,6261
116234,109973,6261
116235,109974,6261
116236,109975,6261
116237,109976,6261
116238,109977,6261
116239,109978,6261
116240,109979,6261
116242,109981,6261
116243,109982,6261
116244,109983,6261
116245,109984,6261
116246,109985,6261
116247,109986,6261
116248,109987,6261
116250,109989,6261
116251,109990,6261
116252,109991,6261
116253,109992,6261
116255,109994,6261
116256,109995,6261
116258,109997,6261
116260,109999,6261
116261,110000,6261
116262,110001,6261
116263,110002,6261
116264,110003,6261
116266,110005,6261
116267,110006,6261
116268,110007,6261
116269,110008,6261
116271,110010,6261
116272,110011,6261
116273,110012,6261
116274,110013,6261
116275,110014,6261
116276,110015,6261
116277,110016,6261
116278,110017,6261
116279,110018,6261
116280,110019,6261
116281,110020,6261
116282,110021,6261
116284,110023,6261
116285,110024,6261
116287,110026,6261
116288,110027,6261
116289,110028,6261
116290,110029,6261
116291,110030,6261
116292,110031,6261
116293,110032,6261
116294,110033,6261
116295,110034,6261
116296,110035,6261
116297,110036,6261
116298,110037,6261
116300,110039,6261
116301,110040,6261
116303,110042,6261
116304,110043,6261
116305,110044,6261
116306,110045,6261
116307,110046,6261
116309,110048,6261
116310,110049,6261
116311,110050,6261
116313,110052,6261
116315,110054,6261
116317,110056,6261
116318,110057,6261
116319,110058,6261
116320,110059,6261
116322,110061,6261
116324,110063,6261
116325,110064,6261
116326,110065,6261
116327,110066,6261
116328,110067,6261
116330,110069,6261
116331,110070,6261
116332,110071,6261
116334,110073,6261
116335,110074,6261
116336,110075,6261
116338,110077,6261
116340,110079,6261
116341,110080,6261
116342,110081,6261
116343,110082,6261
116344,110083,6261
116345,110084,6261
116347,110086,6261
116349,110088,6261
116350,110089,6261
116351,110090,6261
116352,110091,6261
116353,110092,6261
116354,110093,6261
116355,110094,6261
116356,110095,6261
116357,110096,6261
116358,110097,6261
116359,110098,6261
116361,110100,6261
116362,110101,6261
116363,110102,6261
116364,110103,6261
116366,110105,6261
116367,110106,6261
116368,110107,6261
116370,110109,6261
116371,110110,6261
116372,110111,6261
116373,110112,6261
116374,110113,6261
116375,110114,6261
116376,110115,6261
116378,110117,6261
116379,110118,6261
116380,110119,6261
116381,110120,6261
116382,110121,6261
116384,110123,6261
116385,110124,6261
116386,110125,6261
116387,110126,6261
116388,110127,6261
116389,110128,6261
116391,110130,6261
116392,110131,6261
116393,110132,6261
116394,110133,6261
116396,110135,6261
116398,110137,6261
116399,110138,6261
116400,110139,6261
116401,110140,6261
116403,110142,6261
116404,110143,6261
116406,110145,6261
116407,110146,6261
116408,110147,6261
116409,110148,6261
116410,110149,6261
116411,110150,6261
116412,110151,6261
116413,110152,6261
116415,110154,6261
116416,110155,6261
116418,110157,6261
116419,110158,6261
116421,110160,6261
116423,110162,6261
116425,110164,6261
116426,110165,6261
116428,110167,6261
116429,110168,6261
116431,110170,6261
116433,110172,6261
116434,110173,6261
116435,110174,6261
116437,110176,6261
116438,110177,6261
116440,110179,6261
116441,110180,6261
116442,110181,6261
116443,110182,6261
116445,110184,6261
116446,110185,6261
116447,110186,6261
116449,110188,6261
116450,110189,6261
116452,110191,6261
116453,110192,6261
116454,110193,6261
116455,110194,6261
116456,110195,6261
116457,110196,6261
116459,110198,6261
116460,110199,6261
116461,110200,6261
116462,110201,6261
116463,110202,6261
116464,110203,6261
116466,110205,6261
116467,110206,6261
116468,110207,6261
116470,110209,6261
116471,110210,6261
116472,110211,6261
116473,110212,6261
116474,110213,6261
116475,110214,6261
116476,110215,6261
116477,110216,6261
116479,110217,6262
116481,110219,6262
116482,110220,6262
116483,110221,6262
116484,110222,6262
116486,110224,6262
116487,110225,6262
116488,110225,6263
116489,110226,6263
116490,110227,6263
116492,110229,6263
116493,110230,6263
116494,110231,6263
116495,110232,6263
116496,110233,6263
116498,110235,6263
116499,110236,6263
116501,110238,6263
116502,110239,6263
116504,110241,6263
116505,110242,6263
116506,110243,6263
116507,110244,6263
116508,110245,6263
116509,110246,6263
116511,110248,6263
116512,110249,6263
116513,110250,6263
116514,110251,6263
116515,110252,6263
116517,110254,6263
116518,110255,6263
116519,110256,6263
116521,110258,6263
116522,110259,6263
116523,110259,6264
116524,110260,6264
116525,110261,6264
116527,110263,6264
116528,110264,6264
116530,110266,6264
116531,110267,6264
116533,110269,6264
116534,110270,6264
116535,110271,6264
116537,110273,6264
116538,110274,6264
116539,110275,6264
116540,110276,6264
116542,110278,6264
116543,110279,6264
116544,110280,6264
116545,110281,6264
116547,110283,6264
116548,110284,6264
116549,110285,6264
116550,110286,6264
116552,110288,6264
116553,110289,6264
116554,110290,6264
116555,110291,6264
116557,110293,6264
116559,110295,6264
116560,110296,6264
116562,110298,6264
116563,110299,6264
116564,110300,6264
116565,110301,6264
116566,110302,6264
116568,110304,6264
116569,110305,6264
116570,110306,6264
116571,110307,6264
116572,110308,6264
116573,110309,6264
116574,110310,6264
116576,110312,6264
116577,110313,6264
116578,110314,6264
116579,110315,6264
116580,110316,6264
116582,110318,6264
116584,110320,6264
116585,110321,6264
116587,110323,6264
116588,110324,6264
116590,110326,6264
116592,110328,6264
116593,110329,6264
116594,110330,6264
116595,110331,6264
116596,110332,6264
116598,110334,6264
116599,110335,6264
116601,110337,6264
116602,110338,6264
116603,110339,6264
116605,110341,6264
116606,110342,6264
116608,110344,6264
116609,110345,6264
116611,110347,6264
116612,110348,6264
116614,110350,6264
116615,110351,6264
116617,110353,6264
116618,110354,6264
116619,110355,6264
116620,110356,6264
116621,110357,6264
116623,110359,6264
116624,110359,6265
116625,110360,6265
116627,110362,6265
116628,110363,6265
116630,110365,6265
116632,110367,6265
116634,110369,6265
116635,110370,6265
116637,110372,6265
116638,110373,6265
116640,110375,6265
116641,110376,6265
116642,110377,6265
116644,110379,6265
116645,110380,6265
116646,110381,6265
116647,110382,6265
116648,110383,6265
116650,110385,6265
116651,110386,6265
116652,110387,6265
116653,110388,6265
116654,110389,6265
116655,110390,6265
116656,110391,6265
116657,110392,6265
116658,110393,6265
116660,110395,6265
116661,110396,6265
116663,110397,6266
116664,110398,6266
116665,110399,6266
116666,110400,6266
116667,110401,6266
116668,110402,6266
116669,110403,6266
116671,110405,6266
116672,110406,6266
116673,110407,6266
116674,110408,6266
116675,110409,6266
116676,110410,6266
116677,110411,6266
116678,110412,6266
116679,110413,6266
116681,110415,6266
116682,110416,6266
116683,110417,6266
116684,110418,6266
116685,110419,6266
116686,110420,6266
116687,110421,6266
116688,110422,6266
116689,110423,6266
116691,110425,6266
116692,110426,6266
116693,110427,6266
116694,110428,6266
116695,110429,6266
116696,110430,6266
116697,110431,6266
116698,110432,6266
116699,110433,6266
116701,110435,6266
116702,110436,6266
116703,110437,6266
116704,110438,6266
116705,110439,6266
116706,110440,6266
116708,110442,6266
116710,110444,6266
116711,110445,6266
116712,110446,6266
116714,110448,6266
116716,110450,6266
116717,110451,6266
116718,110452,6266
116720,110454,6266
116721,110455,6266
116722,110456,6266
116723,110457,6266
116725,110459,6266
116726,110460,6266
116727,110461,6266
116728,110462,6266
116730,110464,6266
116732,110466,6266
116733,110467,6266
116734,110468,6266
116736,110470,6266
116738,110472,6266
116739,110473,6266
116740,110474,6266
116742,110476,6266
116744,110478,6266
116745,110479,6266
116747,110481,6266
116749,110483,6266
116750,110484,6266
116752,110486,6266
116754,110488,6266
116756,110490,6266
116757,110491,6266
116758,110492,6266
116760,110494,6266
116762,110496,6266
116763,110497,6266
116765,110499,6266
116767,110501,6266
116768,110502,6266
116769,110503,6266
116771,110505,6266
116772,110506,6266
116774,110508,6266
116775,110509,6266
116776,110510,6266
116778,110512,6266
116780,110514,6266
116781,110515,6266
116783,110517,6266
116784,110518,6266
116786,110520,6266
116787,110521,6266
116789,110523,6266
116791,110525,6266
116793,110527,6266
116794,110528,6266
116796,110530,6266
116797,110531,6266
116799,110533,6266
116800,110534,6266
116802,110536,6266
116803,110537,6266
116804,110538,6266
116805,110539,6266
116806,110540,6266
116807,110541,6266
116808,110542,6266
116809,110543,6266
116810,110544,6266
116811,110545,6266
116812,110546,6266
116813,110547,6266
116814,110548,6266
116815,110549,6266
116816,110550,6266
116818,110552,6266
116819,110553,6266
116820,110554,6266
116821,110555,6266
116823,110557,6266
116824,110558,6266
116825,110559,6266
116827,110561,6266
116829,110563,6266
116830,110564,6266
116832,110566,6266
116834,110568,6266
116836,110570,6266
116837,110571,6266
116838,110572,6266
116839,110573,6266
116840,110574,6266
116841,110575,6266
116843,110577,6266
116844,110578,6266
116846,110580,6266
116848,110582,6266
116850,110584,6266
116851,110585,6266
116853,110587,6266
116854,110588,6266
116856,110590,6266
116857,110591,6266
116858,110592,6266
116859,110593,6266
116861,110595,6266
116863,110597,6266
116864,110598,6266
116865,110599,6266
116866,110600,6266
116868,110602,6266
116870,110604,6266
116871,110605,6266
116873,110607,6266
116874,110608,6266
116875,110609,6266
116876,110610,6266
116878,110612,6266
116879,110613,6266
116880,110614,6266
116881,110615,6266
116882,110616,6266
116884,110618,6266
116885,110619,6266
116886,110620,6266
116887,110621,6266
116889,110623,6266
116890,110624,6266
116891,110625,6266
116892,110626,6266
116893,110627,6266
116895,110629,6266
116897,110631,6266
116898,110632,6266
116900,110634,6266
116901,110635,6266
116902,110636,6266
116903,110637,6266
116904,110638,6266
116906,110640,6266
116908,110642,6266
116909,110643,6266
116910,110644,6266
116911,110645,6266
116912,110646,6266
116914,110648,6266
116916,110650,6266
116917,110651,6266
116918,110652,6266
116919,110653,6266
116921,110655,6266
116923,110657,6266
116924,110658,6266
116925,110659,6266
116926,110660,6266
116928,110662,6266
116929,110663,6266
116931,110665,6266
116933,110667,6266
116935,110669,6266
116936,110670,6266
116937,110671,6266
116938,110672,6266
116940,110674,6266
116941,110675,6266
116942,110676,6266
116943,110677,6266
116944,110678,6266
116945,110679,6266
116947,110681,6266
116948,110682,6266
116950,110684,6266
116952,110686,6266
116953,110687,6266
116954,110688,6266
116955,110689,6266
116957,110691,6266
116959,110693,6266
116960,110694,6266
116961,110695,6266
116962,110696,6266
116963,110697,6266
116964,110698,6266
116965,110699,6266
116966,110700,6266
116967,110701,6266
116968,110702,6266
116969,110703,6266
116971,110705,6266
116972,110706,6266
116974,110708,6266
116975,110709,6266
116976,110710,6266
116977,110711,6266
116978,110712,6266
116980,110714,6266
116981,110715,6266
116982,110716,6266
116983,110717,6266
116985,110719,6266
116987,110721,6266
116988,110722,6266
116989,110723,6266
116990,110724,6266
116991,110725,6266
116993,110727,6266
116994,110728,6266
116996,110730,6266
116997,110731,6266
116998,110732,6266
116999,110733,6266
117000,110734,6266
117002,110736,6266
117004,110738,6266
117006,110740,6266
117007,110741,6266
117008,110742,6266
117009,110743,6266
117011,110745,6266
117013,110747,6266
117015,110749,6266
117016,110750,6266
117017,110751,6266
117019,110753,6266
117021,110755,6266
117022,110756,6266
117023,110757,6266
117024,110758,6266
117026,110760,6266
117027,110761,6266
117028,110762,6266
117030,110764,6266
117031,110765,6266
117032,110766,6266
117033,110767,6266
117034,110768,6266
117036,110770,6266
117037,110771,6266
117038,110772,6266
117039,110773,6266
117040,110774,6266
117041,110775,6266
117043,110777,6266
117044,110778,6266
117046,110780,6266
117048,110782,6266
117049,110783,6266
117050,110784,6266
117051,110785,6266
117053,110787,6266
117055,110789,6266
117056,110790,6266
117057,110791,6266
117058,110792,6266
117059,110793,6266
117060,110794,6266
117061,110795,6266
117062,110796,6266
117063,110797,6266
117065,110799,6266
117066,110800,6266
117068,110802,6266
117069,110803,6266
117071,110805,6266
117072,110806,6266
117073,110807,6266
117074,110808,6266
117075,110809,6266
117077,110811,6266
117078,110812,6266
117079,110813,6266
117080,110814,6266
117082,110816,6266
117084,110818,6266
117085,110819,6266
117086,110820,6266
117087,110821,6266
117088,110822,6266
117090,110824,6266
117091,110825,6266
117093,110827,6266
117094,110828,6266
117095,110829,6266
117097,110831,6266
117098,110832,6266
117100,110834,6266
117102,110836,6266
117104,110838,6266
117105,110839,6266
117107,110841,6266
117108,110842,6266
117110,110844,6266
117112,110846,6266
117114,110848,6266
117115,110849,6266
117116,110850,6266
117118,110852,6266
117120,110854,6266
117121,110855,6266
117122,110856,6266
117123,110857,6266
117125,110859,6266
117126,110860,6266
117128,110860,6268
117130,110862,6268
117131,110863,6268
117132,110864,6268
117133,110865,6268
117134,110866,6268
117136,110868,6268
117137,110869,6268
117138,110870,6268
117139,110871,6268
117140,110872,6268
117141,110873,6268
117143,110875,6268
117144,110876,6268
117146,110878,6268
117147,110879,6268
117149,110881,6268
117150,110882,6268
117151,110883,6268
117152,110884,6268
117153,110885,6268
117154,110886,6268
117156,110888,6268
117157,110889,6268
117158,110890,6268
117160,110892,6268
117162,110894,6268
117163,110895,6268
117164,110896,6268
117165,110897,6268
117166,110898,6268
117168,110900,6268
117170,110902,6268
117171,110903,6268
117173,110905,6268
117174,110906,6268
117175,110907,6268
117177,110909,6268
117178,110910,6268
117180,110912,6268
117181,110913,6268
117183,110915,6268
117185,110917,6268
117187,110919,6268
117188,110920,6268
117189,110921,6268
117191,110923,6268
117192,110923,6269
117193,110924,6269
117194,110925,6269
117195,110926,6269
117196,110927,6269
117197,110928,6269
117199,110930,6269
117201,110932,6269
117202,110933,6269
117203,110934,6269
117204,110935,6269
117206,110937,6269
117208,110939,6269
117210,110941,6269
117212,110943,6269
117213,110944,6269
117215,110946,6269
117216,110947,6269
117218,110949,6269
117219,110950,6269
117220,110951,6269
117221,110952,6269
117223,110954,6269
117225,110956,6269
117226,110957,6269
117227,110958,6269
117228,110959,6269
117229,110960,6269
117231,110962,6269
117233,110964,6269
117234,110965,6269
117236,110967,6269
117237,110968,6269
117238,110969,6269
117240,110971,6269
117242,110973,6269
117243,110974,6269
117244,110975,6269
117245,110976,6269
117246,110977,6269
117247,110978,6269
117248,110979,6269
117249,110980,6269
117250,110981,6269
117251,110982,6269
117252,110983,6269
117253,110984,6269
117254,110985,6269
117255,110986,6269
117257,110988,6269
117259,110990,6269
117260,110991,6269
117261,110992,6269
117263,110993,6270
117264,110994,6270
117265,110995,6270
117266,110996,6270
117267,110997,6270
117269,110999,6270
117270,111000,6270
117271,111001,6270
117273,111003,6270
117274,111004,6270
117275,111005,6270
117276,111006,6270
117277,111007,6270
117278,111008,6270
117280,111010,6270
117281,111011,6270
117282,111012,6270
117283,111013,6270
117284,111014,6270
117286,111016,6270
117287,111017,6270
117289,111019,6270
117290,111020,6270
117291,111021,6270
117292,111022,6270
117293,111023,6270
117295,111025,6270
117296,111026,6270
117297,111027,6270
117298,111028,6270
117299,111029,6270
117300,111030,6270
117302,111032,6270
117303,111033,6270
117304,111034,6270
117305,111035,6270
117307,111037,6270
117308,111038,6270
117309,111039,6270
117310,111040,6270
117311,111041,6270
117312,111042,6270
117313,111043,6270
117314,111044,6270
117315,111045,6270
117317,111047,6270
117318,111048,6270
117319,111049,6270
117320,111050,6270
117321,111051,6270
117322,111052,6270
117323,111053,6270
117325,111055,6270
117326,111056,6270
117327,111057,6270
117328,111058,6270
117330,111060,6270
117331,111061,6270
117333,111063,6270
117335,111065,6270
117336,111066,6270
117337,111067,6270
117338,111068,6270
117339,111069,6270
117341,111071,6270
117342,111072,6270
117343,111073,6270
117344,111074,6270
117346,111076,6270
117347,111077,6270
117348,111078,6270
117349,111079,6270
117350,111080,6270
117351,111081,6270
117352,111082,6270
117353,111083,6270
117354,111084,6270
117355,111085,6270
117356,111086,6270
117357,111087,6270
117359,111089,6270
117360,111090,6270
117362,111092,6270
117363,111093,6270
117364,111094,6270
117365,111095,6270
117366,111096,6270
117367,111097,6270
117368,111098,6270
117369,111099,6270
117370,111100,6270
117371,111101,6270
117372,111102,6270
117373,111103,6270
117375,111105,6270
117376,111106,6270
117378,111108,6270
117379,111109,6270
117380,111110,6270
117381,111111,6270
117382,111112,6270
117384,111114,6270
117385,111115,6270
117386,111116,6270
117388,111118,6270
117390,111120,6270
117392,111122,6270
117393,111123,6270
117394,111124,6270
117395,111125,6270
117397,111127,6270
117399,111129,6270
117400,111130,6270
117401,111131,6270
117402,111132,6270
117403,111133,6270
117405,111135,6270
117406,111136,6270
117407,111137,6270
117408,111138,6270
117409,111139,6270
117410,111140,6270
117412,111142,6270
117414,111144,6270
117415,111145,6270
117416,111146,6270
117417,111147,6270
117418,111148,6270
117419,111149,6270
117421,111151,6270
117423,111153,6270
117424,111154,6270
117425,111155,6270
117426,111156,6270
117427,111157,6270
117428,111158,6270
117429,111159,6270
117430,111160,6270
117431,111161,6270
117432,111162,6270
117433,111163,6270
117435,111165,6270
117436,111166,6270
117437,111167,6270
117438,111168,6270
117440,111170,6270
117441,111171,6270
117442,111172,6270
117444,111174,6270
117445,111175,6270
117446,111176,6270
117447,111177,6270
117448,111178,6270
117449,111179,6270
117450,111180,6270
117452,111182,6270
117453,111183,6270
117454,111184,6270
117455,111185,6270
117456,111186,6270
117458,111188,6270
117459,111189,6270
117460,111190,6270
117461,111191,6270
117462,111192,6270
117463,111193,6270
117465,111195,6270
117466,111196,6270
117467,111197,6270
117468,111198,6270
117470,111200,6270
117472,111202,6270
117473,111203,6270
117474,111204,6270
117475,111205,6270
117477,111207,6270
117478,111208,6270
117480,111210,6270
117481,111211,6270
117482,111212,6270
117483,111213,6270
117484,111214,6270
117485,111215,6270
117486,111216,6270
117487,111217,6270
117489,111219,6270
117490,111220,6270
117492,111222,6270
117493,111223,6270
117495,111225,6270
117497,111227,6270
117499,111229,6270
117500,111230,6270
117502,111232,6270
117503,111233,6270
117505,111235,6270
117507,111237,6270
117508,111238,6270
117509,111239,6270
117511,111241,6270
117512,111242,6270
117514,111244,6270
117515,111245,6270
117516,111246,6270
117517,111247,6270
117519,111249,6270
117520,111250,6270
117521,111251,6270
117523,111253,6270
117524,111254,6270
117526,111256,6270
117527,111257,6270
117528,111258,6270
117529,111259,6270
117530,111260,6270
117531,111261,6270
117533,111263,6270
117535,111265,6270
117536,111266,6270
117537,111267,6270
117538,111268,6270
117539,111269,6270
117541,111271,6270
117542,111272,6270
117543,111273,6270
117545,111275,6270
117546,111276,6270
117547,111277,6270
117548,111278,6270
117549,111279,6270
117550,111280,6270
117552,111281,6271
117553,111282,6271
117554,111283,6271
117556,111285,6271
117557,111286,6271
117558,111287,6271
117559,111288,6271
117561,111290,6271
117562,111291,6271
117564,111292,6272
117565,111293,6272
117566,111294,6272
117568,111296,6272
117569,111297,6272
117570,111298,6272
117571,111299,6272
117572,111300,6272
117574,111302,6272
117575,111303,6272
117576,111304,6272
117577,111305,6272
117579,111307,6272
117580,111308,6272
117581,111309,6272
117582,111310,6272
117583,111311,6272
117584,111312,6272
117586,111314,6272
117587,111315,6272
117588,111316,6272
117589,111317,6272
117590,111318,6272
117592,111320,6272
117593,111321,6272
117594,111322,6272
117596,111324,6272
117597,111325,6272
117598,111325,6273
117599,111326,6273
117600,111327,6273
117602,111329,6273
117603,111330,6273
117605,111332,6273
117606,111333,6273
117608,111335,6273
117609,111336,6273
117610,111337,6273
117612,111339,6273
117613,111340,6273
117614,111341,6273
117615,111342,6273
117617,111344,6273
117618,111345,6273
117619,111346,6273
117620,111347,6273
117622,111349,6273
117623,111350,6273
117624,111351,6273
117625,111352,6273
117627,111354,6273
117628,111355,6273
117629,111356,6273
117630,111357,6273
117632,111359,6273
117634,111361,6273
117635,111362,6273
117637,111364,6273
117638,111365,6273
117639,111366,6273
117640,111367,6273
117641,111368,6273
117643,111370,6273
117644,111370,6274
117645,111371,6274
117646,111372,6274
117647,111373,6274
117648,111374,6274
117649,111375,6274
117651,111377,6274
117652,111378,6274
117653,111379,6274
117654,111380,6274
117655,111381,6274
117657,111383,6274
117659,111385,6274
117660,111386,6274
117662,111388,6274
117663,111389,6274
117665,111391,6274
117667,111393,6274
117668,111394,6274
117669,111395,6274
117670,111396,6274
117671,111397,6274
117673,111399,6274
117674,111400,6274
117676,111402,6274
117677,111403,6274
117678,111404,6274
117680,111406,6274
117681,111407,6274
117683,111409,6274
117684,111410,6274
117686,111412,6274
117687,111413,6274
117689,111415,6274
117690,111416,6274
117692,111418,6274
117693,111419,6274
117694,111420,6274
117695,111421,6274
117696,111422,6274
117698,111424,6274
117699,111424,6275
117700,111425,6275
117702,111427,6275
117703,111428,6275
117705,111430,6275
117707,111432,6275
117709,111434,6275
117710,111435,6275
117712,111437,6275
117713,111438,6275
117715,111440,6275
117716,111441,6275
117717,111442,6275
117719,111444,6275
117720,111445,6275
117721,111446,6275
117722,111447,6275
117723,111448,6275
117725,111450,6275
117726,111451,6275
117727,111452,6275
117728,111453,6275
117729,111454,6275
117730,111455,6275
117731,111456,6275
117732,111457,6275
117733,111458,6275
117735,111460,6275
117736,111461,6275
117737,111462,6275
117738,111463,6275
117739,111464,6275
117740,111465,6275
117741,111466,6275
117742,111467,6275
117743,111468,6275
117745,111470,6275
117746,111471,6275
117747,111472,6275
117748,111473,6275
117749,111474,6275
117750,111475,6275
117751,111476,6275
117752,111477,6275
117753,111478,6275
117755,111480,6275
117756,111481,6275
117757,111482,6275
117758,111483,6275
117759,111484,6275
117760,111485,6275
117761,111486,6275
117762,111487,6275
117763,111488,6275
117765,111490,6275
117766,111491,6275
117767,111492,6275
117768,111493,6275
117769,111494,6275
117770,111495,6275
117771,111496,6275
117772,111497,6275
117773,111498,6275
117775,111500,6275
117776,111501,6275
117777,111502,6275
117778,111503,6275
117779,111504,6275
117780,111505,6275
117781,111506,6275
117782,111507,6275
117783,111508,6275
117785,111510,6275
117786,111511,6275
117787,111512,6275
117788,111513,6275
117789,111514,6275
117790,111515,6275
117791,111516,6275
117792,111517,6275
117793,111518,6275
117795,111520,6275
117796,111521,6275
117797,111522,6275
117798,111523,6275
117799,111524,6275
117800,111525,6275
117801,111526,6275
117802,111527,6275
117803,111528,6275
117805,111530,6275
117806,111531,6275
117808,111532,6276
117809,111533,6276
117810,111534,6276
117811,111535,6276
117812,111536,6276
117813,111537,6276
117814,111538,6276
117816,111540,6276
117817,111541,6276
117818,111542,6276
117819,111543,6276
117820,111544,6276
117821,111545,6276
117822,111546,6276
117823,111547,6276
117824,111548,6276
117826,111550,6276
117827,111551,6276
117828,111552,6276
117829,111553,6276
117830,111554,6276
117831,111555,6276
117832,111556,6276
117833,111557,6276
117834,111558,6276
117836,111560,6276
117837,111561,6276
117838,111562,6276
117839,111563,6276
117840,111564,6276
117841,111565,6276
117842,111566,6276
117843,111567,6276
117844,111568,6276
117846,111570,6276
117847,111571,6276
117848,111572,6276
117849,111573,6276
117850,111574,6276
117851,111575,6276
117852,111576,6276
117853,111577,6276
117854,111578,6276
117856,111580,6276
117857,111581,6276
117858,111582,6276
117859,111583,6276
117860,111584,6276
117861,111585,6276
117862,111586,6276
117863,111587,6276
117864,111588,6276
117866,111590,6276
117867,111591,6276
117868,111592,6276
117869,111593,6276
117870,111594,6276
117871,111595,6276
117873,111597,6276
117875,111599,6276
117876,111600,6276
117877,111601,6276
117879,111603,6276
117881,111605,6276
117882,111606,6276
117883,111607,6276
117885,111609,6276
117886,111610,6276
117887,111611,6276
117888,111612,6276
117890,111614,6276
117892,111616,6276
117894,111618,6276
117895,111619,6276
117896,111620,6276
117898,111622,6276
117900,111624,6276
117901,111625,6276
117902,111626,6276
117904,111628,6276
117906,111630,6276
117907,111631,6276
117909,111633,6276
117911,111635,6276
117912,111636,6276
117914,111638,6276
117916,111640,6276
117918,111642,6276
117919,111643,6276
117920,111644,6276
117922,111646,6276
117924,111648,6276
117925,111649,6276
117927,111651,6276
117929,111653,6276
117930,111654,6276
117931,111655,6276
117933,111657,6276
117934,111658,6276
117936,111660,6276
117937,111661,6276
117938,111662,6276
117940,111664,6276
117942,111666,6276
117943,111667,6276
117945,111669,6276
117946,111670,6276
117948,111672,6276
117949,111673,6276
117951,111675,6276
117953,111677,6276
117955,111679,6276
117956,111680,6276
117958,111682,6276
117959,111683,6276
117961,111685,6276
117962,111686,6276
117964,111688,6276
117965,111689,6276
117966,111690,6276
117967,111691,6276
117968,111692,6276
117969,111693,6276
117970,111694,6276
117971,111695,6276
117972,111696,6276
117973,111697,6276
117974,111698,6276
117975,111699,6276
117976,111700,6276
117977,111701,6276
117978,111702,6276
117980,111704,6276
117981,111705,6276
117982,111706,6276
117983,111707,6276
117985,111709,6276
117986,111710,6276
117987,111711,6276
117989,111713,6276
117991,111715,6276
117992,111716,6276
117994,111718,6276
117996,111720,6276
117998,111722,6276
117999,111723,6276
118000,111724,6276
118001,111725,6276
118002,111726,6276
118003,111727,6276
118005,111729,6276
118006,111730,6276
118008,111732,6276
118010,111734,6276
118012,111736,6276
118013,111737,6276
118015,111739,6276
118016,111740,6276
118018,111742,6276
118019,111743,6276
118020,111744,6276
118021,111745,6276
118023,111747,6276
118025,111749,6276
118026,111750,6276
118027,111751,6276
118028,111752,6276
118030,111754,6276
118032,111756,6276
118033,111757,6276
118035,111759,6276
118036,111760,6276
118037,111761,6276
118038,111762,6276
118040,111764,6276
118041,111765,6276
118042,111766,6276
118043,111767,6276
118044,111768,6276
118046,111770,6276
118047,111771,6276
118048,111772,6276
118049,111773,6276
118051,111775,6276
118052,111776,6276
118053,111777,6276
118054,111778,6276
118055,111779,6276
118057,111781,6276
118059,111783,6276
118060,111784,6276
118062,111786,6276
118063,111787,6276
118064,111788,6276
118065,111789,6276
118066,111790,6276
118068,111792,6276
118070,111794,6276
118071,111795,6276
118072,111796,6276
118073,111797,6276
118074,111798,6276
118076,111800,6276
118078,111802,6276
118079,111803,6276
118080,111804,6276
118081,111805,6276
118083,111807,6276
118085,111809,6276
118086,111810,6276
118087,111811,6276
118088,111812,6276
118090,111814,6276
118091,111815,6276
118093,111817,6276
118095,111819,6276
118097,111821,6276
118098,111822,6276
118099,111823,6276
118100,111824,6276
118102,111826,6276
118103,111827,6276
118104,111828,6276
118105,111829,6276
118106,111830,6276
118107,111831,6276
118109,111833,6276
118110,111834,6276
118112,111836,6276
118114,111838,6276
118115,111839,6276
118116,111840,6276
118117,111841,6276
118118,111842,6276
118119,111843,6276
118120,111844,6276
118121,111845,6276
118123,111847,6276
118124,111848,6276
118126,111850,6276
118127,111851,6276
118128,111852,6276
118129,111853,6276
118130,111854,6276
118132,111856,6276
118133,111857,6276
118134,111858,6276
118135,111859,6276
118137,111861,6276
118139,111863,6276
118140,111864,6276
118141,111865,6276
118142,111866,6276
118143,111867,6276
118145,111869,6276
118146,111870,6276
118148,111872,6276
118149,111873,6276
118150,111874,6276
118151,111875,6276
118152,111876,6276
118154,111878,6276
118156,111880,6276
118158,111882,6276
118159,111883,6276
118160,111884,6276
118161,111885,6276
118163,111887,6276
118165,111889,6276
118167,111891,6276
118168,111892,6276
118169,111893,6276
118171,111895,6276
118173,111897,6276
118174,111898,6276
118175,111899,6276
118176,111900,6276
118178,111902,6276
118179,111903,6276
118180,111904,6276
118182,111906,6276
118183,111907,6276
118184,111908,6276
118185,111909,6276
118186,111910,6276
118188,111912,6276
118189,111913,6276
118190,111914,6276
118191,111915,6276
118192,111916,6276
118193,111917,6276
118195,111919,6276
118196,111920,6276
118198,111922,6276
118200,111924,6276
118201,111925,6276
118202,111926,6276
118203,111927,6276
118204,111928,6276
118205,111929,6276
118207,111931,6276
118208,111932,6276
118210,111934,6276
118211,111935,6276
118213,111937,6276
118214,111938,6276
118215,111939,6276
118216,111940,6276
118217,111941,6276
118219,111943,6276
118220,111944,6276
118221,111945,6276
118222,111946,6276
118224,111948,6276
118226,111950,6276
118227,111951,6276
118228,111952,6276
118229,111953,6276
118230,111954,6276
118232,111956,6276
118233,111957,6276
118235,111959,6276
118236,111960,6276
118237,111961,6276
118239,111963,6276
118240,111964,6276
118242,111966,6276
118244,111968,6276
118246,111970,6276
118247,111971,6276
118249,111973,6276
118250,111974,6276
118252,111976,6276
118254,111978,6276
118256,111980,6276
118257,111981,6276
118258,111982,6276
118260,111984,6276
118262,111986,6276
118263,111987,6276
118264,111988,6276
118265,111989,6276
118267,111991,6276
118268,111992,6276
118270,111992,6278
118272,111994,6278
118273,111995,6278
118274,111996,6278
118275,111997,6278
118276,111998,6278
118278,112000,6278
118279,112001,6278
118280,112002,6278
118281,112003,6278
118282,112004,6278
118283,112005,6278
118285,112007,6278
118286,112008,6278
118288,112010,6278
118290,112012,6278
118291,112013,6278
118292,112014,6278
118293,112015,6278
118294,112016,6278
118295,112017,6278
118296,112018,6278
118297,112019,6278
118298,112020,6278
118299,112021,6278
118301,112023,6278
118302,112024,6278
118303,112025,6278
118304,112026,6278
118305,112027,6278
118307,112029,6278
118308,112030,6278
118309,112031,6278
118310,112032,6278
118312,112034,6278
118313,112035,6278
118314,112036,6278
118315,112037,6278
118316,112038,6278
118318,112040,6278
118320,112042,6278
118321,112043,6278
118323,112045,6278
118324,112046,6278
118325,112047,6278
118327,112049,6278
118328,112050,6278
118330,112052,6278
118332,112054,6278
118333,112055,6278
118334,112056,6278
118336,112058,6278
118337,112059,6278
118339,112061,6278
118341,112063,6278
118342,112064,6278
118343,112065,6278
118344,112066,6278
118346,112068,6278
118348,112070,6278
118349,112071,6278
118350,112072,6278
118351,112073,6278
118353,112075,6278
118354,112076,6278
118355,112077,6278
118357,112079,6278
118359,112081,6278
118360,112082,6278
118361,112083,6278
118362,112084,6278
118364,112086,6278
118365,112087,6278
118366,112088,6278
118367,112089,6278
118368,112090,6278
118369,112091,6278
118371,112093,6278
118372,112094,6278
118374,112096,6278
118376,112098,6278
118377,112099,6278
118378,112100,6278
118379,112101,6278
118380,112102,6278
118381,112103,6278
118383,112105,6278
118384,112106,6278
118385,112107,6278
118386,112108,6278
118387,112109,6278
118388,112110,6278
118389,112111,6278
118390,112112,6278
118391,112113,6278
118392,112114,6278
118393,112115,6278
118395,112117,6278
118396,112118,6278
118397,112119,6278
118398,112120,6278
118400,112122,6278
118401,112123,6278
118402,112124,6278
118403,112125,6278
118404,112126,6278
118406,112128,6278
118407,112129,6278
118408,112130,6278
118409,112131,6278
118410,112132,6278
118412,112134,6278
118413,112135,6278
118414,112136,6278
118415,112136,6279
118416,112137,6279
118417,112138,6279
118418,112139,6279
118420,112140,6280
118421,112141,6280
118422,112142,6280
118423,112143,6280
118424,112144,6280
118425,112144,6281
118426,112145,6281
118427,112146,6281
118429,112147,6282
118430,112148,6282
118431,112149,6282
118432,112150,6282
118433,112151,6282
118435,112153,6282
118436,112154,6282
118438,112156,6282
118439,112157,6282
118441,112159,6282
118443,112161,6282
118445,112163,6282
118446,112164,6282
118448,112166,6282
118449,112167,6282
118451,112169,6282
118453,112171,6282
118454,112172,6282
118455,112173,6282
118457,112175,6282
118458,112176,6282
118460,112178,6282
118461,112179,6282
118462,112180,6282
118463,112181,6282
118465,112183,6282
118466,112184,6282
118467,112185,6282
118469,112187,6282
118470,112188,6282
118472,112190,6282
118473,112191,6282
118474,112192,6282
118475,112193,6282
118476,112194,6282
118477,112195,6282
118479,112197,6282
118480,112198,6282
118481,112199,6282
118482,112200,6282
118483,112201,6282
118484,112202,6282
118485,112203,6282
118486,112204,6282
118488,112205,6283
118490,112207,6283
118491,112208,6283
118492,112209,6283
118493,112210,6283
118495,112212,6283
118496,112213,6283
118497,112213,6284
118498,112214,6284
118499,112215,6284
118501,112217,6284
118502,112218,6284
118503,112219,6284
118504,112220,6284
118505,112221,6284
118507,112223,6284
118508,112224,6284
118510,112226,6284
118511,112227,6284
118513,112229,6284
118514,112230,6284
118515,112231,6284
118517,112232,6285
118518,112233,6285
118519,112234,6285
118521,112236,6285
118522,112237,6285
118523,112238,6285
118524,112239,6285
118525,112240,6285
118527,112242,6285
118528,112243,6285
118529,112244,6285
118531,112246,6285
118532,112247,6285
118533,112247,6286
118534,112248,6286
118535,112249,6286
118537,112251,6286
118538,112252,6286
118540,112254,6286
118541,112255,6286
118543,112257,6286
118544,112258,6286
118545,112259,6286
118547,112261,6286
118548,112262,6286
118549,112263,6286
118550,112264,6286
118552,112266,6286
118553,112267,6286
118554,112268,6286
118555,112269,6286
118557,112271,6286
118558,112272,6286
118559,112273,6286
118560,112274,6286
118562,112276,6286
118563,112277,6286
118564,112278,6286
118565,112279,6286
118567,112281,6286
118569,112283,6286
118570,112284,6286
118572,112286,6286
118573,112287,6286
118574,112288,6286
118575,112289,6286
118576,112290,6286
118578,112292,6286
118579,112293,6286
118580,112294,6286
118581,112295,6286
118582,112296,6286
118583,112297,6286
118584,112298,6286
118586,112300,6286
118587,112301,6286
118588,112302,6286
118589,112303,6286
118590,112304,6286
118592,112306,6286
118594,112308,6286
118595,112309,6286
118597,112311,6286
118598,112312,6286
118600,112314,6286
118602,112316,6286
118603,112317,6286
118604,112318,6286
118605,112319,6286
118606,112320,6286
118608,112322,6286
118609,112323,6286
118611,112325,6286
118612,112326,6286
118613,112327,6286
118615,112329,6286
118616,112330,6286
118618,112332,6286
118619,112333,6286
118621,112335,6286
118622,112336,6286
118624,112338,6286
118625,112339,6286
118627,112341,6286
118628,112342,6286
118629,112343,6286
118630,112344,6286
118631,112345,6286
118633,112347,6286
118634,112347,6287
118635,112348,6287
118637,112350,6287
118638,112351,6287
118640,112353,6287
118642,112355,6287
118644,112357,6287
118645,112358,6287
118647,112360,6287
118648,112361,6287
118650,112363,6287
118651,112364,6287
118652,112365,6287
118654,112367,6287
118655,112368,6287
118656,112369,6287
118657,112370,6287
118658,112371,6287
118660,112373,6287
118661,112374,6287
118662,112375,6287
118663,112376,6287
118664,112377,6287
118665,112378,6287
118666,112379,6287
118667,112380,6287
118668,112381,6287
118670,112383,6287
118671,112384,6287
118672,112385,6287
118673,112386,6287
118674,112387,6287
118675,112388,6287
118676,112389,6287
118677,112390,6287
118678,112391,6287
118680,112393,6287
118681,112394,6287
118682,112395,6287
118683,112396,6287
118684,112397,6287
118685,112398,6287
118686,112399,6287
118687,112400,6287
118688,112401,6287
118690,112403,6287
118691,112404,6287
118692,112405,6287
118693,112406,6287
118694,112407,6287
118695,112408,6287
118696,112409,6287
118697,112410,6287
118698,112411,6287
118700,112413,6287
118701,112414,6287
118702,112415,6287
118703,112416,6287
118704,112417,6287
118705,112418,6287
118706,112419,6287
118707,112420,6287
118708,112421,6287
118710,112423,6287
118711,112424,6287
118712,112425,6287
118713,112426,6287
118714,112427,6287
118715,112428,6287
118717,112430,6287
118719,112432,6287
118720,112433,6287
118721,112434,6287
118723,112436,6287
118725,112438,6287
118726,112439,6287
118727,112440,6287
118729,112442,6287
118730,112443,6287
118731,112444,6287
118732,112445,6287
118734,112447,6287
118735,112448,6287
118736,112449,6287
118737,112450,6287
118739,112452,6287
118741,112454,6287
118742,112455,6287
118743,112456,6287
118745,112457,6288
118747,112459,6288
118748,112460,6288
118749,112461,6288
118751,112463,6288
118753,112465,6288
118754,112466,6288
118756,112468,6288
118758,112470,6288
118759,112471,6288
118761,112473,6288
118763,112475,6288
118765,112477,6288
118766,112478,6288
118767,112479,6288
118769,112481,6288
118771,112483,6288
118772,112484,6288
118774,112486,6288
118776,112488,6288
118777,112489,6288
118778,112490,6288
118780,112492,6288
118781,112493,6288
118783,112495,6288
118784,112496,6288
118785,112497,6288
118787,112499,6288
118789,112501,6288
118790,112502,6288
118792,112504,6288
118793,112505,6288
118795,112507,6288
118796,112508,6288
118798,112510,6288
118800,112512,6288
118802,112514,6288
118803,112515,6288
118805,112517,6288
118806,112518,6288
118808,112520,6288
118809,112521,6288
118811,112523,6288
118812,112524,6288
118813,112525,6288
118814,112526,6288
118815,112527,6288
118816,112528,6288
118817,112529,6288
118818,112530,6288
118819,112531,6288
118820,112532,6288
118821,112533,6288
118822,112534,6288
118823,112535,6288
118824,112536,6288
118825,112537,6288
118827,112539,6288
118828,112540,6288
118829,112541,6288
118830,112542,6288
118832,112544,6288
118833,112545,6288
118834,112546,6288
118836,112548,6288
118838,112550,6288
118839,112551,6288
118841,112553,6288
118843,112555,6288
118845,112557,6288
118846,112558,6288
118847,112559,6288
118848,112560,6288
118849,112561,6288
118850,112562,6288
118852,112564,6288
118853,112565,6288
118855,112567,6288
118857,112569,6288
118859,112571,6288
118860,112572,6288
118862,112574,6288
118863,112575,6288
118865,112577,6288
118866,112578,6288
118867,112579,6288
118868,112580,6288
118870,112582,6288
118872,112584,6288
118873,112585,6288
118874,112586,6288
118875,112587,6288
118877,112589,6288
118879,112591,6288
118880,112592,6288
118882,112594,6288
118883,112595,6288
118884,112596,6288
118885,112597,6288
118887,112599,6288
118888,112600,6288
118889,112601,6288
118890,112602,6288
118891,112603,6288
118893,112605,6288
118894,112606,6288
118895,112607,6288
118896,112608,6288
118898,112610,6288
118899,112611,6288
118900,112612,6288
118901,112613,6288
118902,112614,6288
118904,112616,6288
118906,112618,6288
118907,112619,6288
118909,112621,6288
118910,112622,6288
118911,112623,6288
118912,112624,6288
118913,112625,6288
118915,112627,6288
118917,112629,6288
118918,112630,6288
118919,112631,6288
118920,112632,6288
118921,112633,6288
118923,112635,6288
118925,112637,6288
118926,112638,6288
118927,112639,6288
118928,112640,6288
118930,112642,6288
118932,112644,6288
118933,112645,6288
118934,112646,6288
118935,112647,6288
118937,112649,6288
118938,112650,6288
118940,112652,6288
118942,112654,6288
118944,112656,6288
118945,112657,6288
118946,112658,6288
118947,112659,6288
118949,112661,6288
118950,112662,6288
118951,112663,6288
118952,112664,6288
118953,112665,6288
118954,112666,6288
118956,112668,6288
118957,112669,6288
118959,112671,6288
118961,112673,6288
118962,112674,6288
118963,112675,6288
118964,112676,6288
118966,112678,6288
118968,112680,6288
118969,112681,6288
118970,112682,6288
118971,112683,6288
118972,112684,6288
118973,112685,6288
118974,112686,6288
118975,112687,6288
118976,112688,6288
118977,112689,6288
118978,112690,6288
118980,112692,6288
118981,112693,6288
118983,112695,6288
118984,112696,6288
118985,112697,6288
118986,112698,6288
118987,112699,6288
118989,112701,6288
118990,112702,6288
118991,112703,6288
118992,112704,6288
118994,112706,6288
118996,112708,6288
118997,112709,6288
118998,112710,6288
118999,112711,6288
119000,112712,6288
119002,112714,6288
119003,112715,6288
119005,112717,6288
119006,112718,6288
119007,112719,6288
119008,112720,6288
119009,112721,6288
119011,112723,6288
119013,112725,6288
119015,112727,6288
119016,112728,6288
119017,112729,6288
119018,112730,6288
119020,112732,6288
119022,112734,6288
119024,112736,6288
119025,112737,6288
119026,112738,6288
119028,112740,6288
119030,112742,6288
119031,112743,6288
119032,112744,6288
119033,112745,6288
119035,112747,6288
119036,112748,6288
119037,112749,6288
119039,112751,6288
119040,112752,6288
119041,112753,6288
119042,112754,6288
119043,112755,6288
119045,112757,6288
119046,112758,6288
119047,112759,6288
119048,112760,6288
119049,112761,6288
119050,112762,6288
119052,112764,6288
119053,112765,6288
119055,112767,6288
119057,112769,6288
119058,112770,6288
119059,112771,6288
119060,112772,6288
119062,112774,6288
119064,112776,6288
119065,112777,6288
119066,112778,6288
119067,112779,6288
119068,112780,6288
119069,112781,6288
119070,112782,6288
119071,112783,6288
119072,112784,6288
119074,112786,6288
119075,112787,6288
119077,112789,6288
119078,112790,6288
119080,112792,6288
119081,112793,6288
119082,112794,6288
119083,112795,6288
119084,112796,6288
119086,112798,6288
119087,112799,6288
119088,112800,6288
119089,112801,6288
119091,112803,6288
119093,112805,6288
119094,112806,6288
119095,112807,6288
119096,112808,6288
119097,112809,6288
119099,112811,6288
119100,112812,6288
119102,112814,6288
119103,112815,6288
119104,112816,6288
119106,112818,6288
119107,112819,6288
119109,112821,6288
119111,112823,6288
119113,112825,6288
119114,112826,6288
119116,112828,6288
119117,112829,6288
119119,112831,6288
119121,112833,6288
119123,112835,6288
119124,112836,6288
119125,112837,6288
119127,112839,6288
119129,112841,6288
119130,112842,6288
119131,112843,6288
119132,112844,6288
119134,112846,6288
119135,112847,6288
119137,112847,6290
119139,112849,6290
119140,112850,6290
119141,112851,6290
119142,112852,6290
119143,112853,6290
119145,112855,6290
119146,112856,6290
119147,112857,6290
119148,112858,6290
119149,112859,6290
119150,112860,6290
119152,112862,6290
119153,112863,6290
119155,112865,6290
119156,112866,6290
119158,112868,6290
119159,112869,6290
119160,112870,6290
119161,112871,6290
119162,112872,6290
119164,112873,6291
119166,112875,6291
119167,112876,6291
119168,112877,6291
119170,112879,6291
119172,112881,6291
119173,112882,6291
119174,112883,6291
119175,112884,6291
119176,112885,6291
119178,112887,6291
119180,112889,6291
119181,112890,6291
119183,112892,6291
119184,112893,6291
119185,112894,6291
119187,112896,6291
119188,112897,6291
119190,112899,6291
119191,112900,6291
119193,112902,6291
119195,112904,6291
119197,112906,6291
119198,112907,6291
119199,112908,6291
119201,112910,6291
119202,112910,6292
119203,112911,6292
119204,112912,6292
119205,112913,6292
119206,112914,6292
119207,112915,6292
119208,112916,6292
119209,112917,6292
119211,112919,6292
119212,112920,6292
119213,112921,6292
119214,112922,6292
119215,112923,6292
119216,112924,6292
119217,112925,6292
119218,112926,6292
119219,112927,6292
119221,112929,6292
119222,112930,6292
119223,112931,6292
119224,112932,6292
119225,112933,6292
119226,112934,6292
119227,112935,6292
119229,112937,6292
119231,112939,6292
119232,112940,6292
119233,112941,6292
119234,112942,6292
119236,112944,6292
119238,112946,6292
119240,112948,6292
119242,112950,6292
119243,112951,6292
119245,112953,6292
119246,112954,6292
119248,112956,6292
119249,112957,6292
119250,112958,6292
119251,112959,6292
119253,112961,6292
119255,112963,6292
119256,112964,6292
119257,112965,6292
119258,112966,6292
119259,112967,6292
119261,112969,6292
119263,112971,6292
119264,112972,6292
119266,112974,6292
119267,112975,6292
119268,112976,6292
119270,112978,6292
119272,112980,6292
119273,112981,6292
119274,112982,6292
119275,112983,6292
119276,112984,6292
119277,112985,6292
119278,112986,6292
119279,112987,6292
119280,112988,6292
119281,112989,6292
119282,112990,6292
119283,112991,6292
119284,112992,6292
119285,112993,6292
119287,112995,6292
119289,112997,6292
119290,112998,6292
119291,112999,6292
119292,112999,6293
119293,113000,6293
119294,113001,6293
119295,113002,6293
119297,113004,6293
119299,113006,6293
119300,113007,6293
119301,113008,6293
119303,113010,6293
119304,113011,6293
119305,113012,6293
119306,113013,6293
119307,113014,6293
119308,113015,6293
119310,113017,6293
119311,113018,6293
119312,113019,6293
119313,113020,6293
119314,113021,6293
119316,113023,6293
119317,113024,6293
119319,113026,6293
119320,113027,6293
119321,113028,6293
119322,113029,6293
119323,113030,6293
119325,113032,6293
119326,113033,6293
119327,113034,6293
119329,113035,6294
119330,113036,6294
119331,113037,6294
119333,113039,6294
119334,113040,6294
119335,113041,6294
119336,113042,6294
119338,113044,6294
119339,113045,6294
119340,113046,6294
119341,113047,6294
119342,113048,6294
119343,113049,6294
119344,113050,6294
119345,113051,6294
119346,113052,6294
119348,113054,6294
119349,113055,6294
119350,113056,6294
119351,113057,6294
119352,113058,6294
119353,113059,6294
119354,113060,6294
119356,113062,6294
119357,113063,6294
119358,113064,6294
119359,113065,6294
119361,113067,6294
119362,113068,6294
119364,113070,6294
119366,113072,6294
119367,113073,6294
119368,113074,6294
119369,113075,6294
119370,113076,6294
119372,113078,6294
119373,113079,6294
119374,113080,6294
119375,113081,6294
119377,113083,6294
119378,113084,6294
119379,113085,6294
119380,113086,6294
119381,113087,6294
119382,113088,6294
119383,113089,6294
119384,113090,6294
119385,113091,6294
119386,113092,6294
119387,113093,6294
119388,113094,6294
119390,113096,6294
119391,113097,6294
119393,113099,6294
119394,113100,6294
119395,113101,6294
119396,113102,6294
119397,113103,6294
119398,113104,6294
119399,113105,6294
119400,113106,6294
119401,113107,6294
119402,113108,6294
119403,113109,6294
119404,113110,6294
119406,113112,6294
119407,113113,6294
119409,113115,6294
119410,113116,6294
119411,113117,6294
119412,113118,6294
119413,113119,6294
119415,113121,6294
119416,113122,6294
119417,113123,6294
119419,113125,6294
119421,113127,6294
119423,113129,6294
119424,113130,6294
119425,113131,6294
119426,113132,6294
119428,113134,6294
119430,113136,6294
119431,113137,6294
119432,113138,6294
119433,113139,6294
119434,113140,6294
119436,113142,6294
119437,113143,6294
119438,113144,6294
119439,113145,6294
119440,113146,6294
119441,113147,6294
119443,113149,6294
119445,113151,6294
119446,113152,6294
119447,113153,6294
119448,113154,6294
119449,113155,6294
119450,113156,6294
119452,113158,6294
119454,113160,6294
119455,113161,6294
119456,113162,6294
119457,113163,6294
119458,113164,6294
119459,113165,6294
119460,113166,6294
119461,113167,6294
119462,113168,6294
119463,113169,6294
119464,113170,6294
119466,113172,6294
119467,113173,6294
119468,113174,6294
119469,113175,6294
119471,113177,6294
119472,113178,6294
119473,113179,6294
119475,113181,6294
119476,113182,6294
119477,113183,6294
119478,113184,6294
119479,113185,6294
119480,113186,6294
119481,113187,6294
119483,113189,6294
119484,113190,6294
119485,113191,6294
119486,113192,6294
119487,113193,6294
119489,113195,6294
119490,113196,6294
119491,113197,6294
119492,113198,6294
119493,113199,6294
119494,113200,6294
119496,113202,6294
119497,113203,6294
119498,113204,6294
119499,113205,6294
119501,113207,6294
119503,113209,6294
119504,113210,6294
119505,113211,6294
119506,113212,6294
119508,113214,6294
119509,113215,6294
119511,113217,6294
119512,113218,6294
119513,113219,6294
119514,113220,6294
119515,113221,6294
119516,113222,6294
119517,113223,6294
119518,113224,6294
119520,113226,6294
119521,113227,6294
119523,113229,6294
119524,113230,6294
119526,113232,6294
119528,113234,6294
119530,113236,6294
119531,113237,6294
119533,113239,6294
119534,113240,6294
119536,113242,6294
119538,113244,6294
119539,113245,6294
119540,113246,6294
119542,113248,6294
119543,113249,6294
119545,113251,6294
119546,113252,6294
119547,113253,6294
119548,113254,6294
119550,113256,6294
119551,113257,6294
119552,113258,6294
119554,113260,6294
119555,113261,6294
119557,113263,6294
119558,113264,6294
119559,113265,6294
119560,113266,6294
119561,113267,6294
119562,113268,6294
119564,113270,6294
119565,113271,6294
119566,113272,6294
119567,113273,6294
119568,113274,6294
119569,113275,6294
119571,113277,6294
119572,113278,6294
119573,113279,6294
119575,113281,6294
119576,113282,6294
119577,113283,6294
119578,113284,6294
119579,113285,6294
119580,113286,6294
119582,113287,6295
119583,113288,6295
119584,113289,6295
119586,113291,6295
119587,113292,6295
119588,113293,6295
119589,113294,6295
119591,113296,6295
119592,113297,6295
119594,113298,6296
119595,113299,6296
119596,113300,6296
119598,113302,6296
119599,113303,6296
119600,113304,6296
119601,113305,6296
119602,113306,6296
119604,113308,6296
119605,113309,6296
119606,113310,6296
119607,113311,6296
119609,113313,6296
119610,113314,6296
119611,113315,6296
119612,113315,6297
119613,113316,6297
119614,113317,6297
119616,113319,6297
119617,113320,6297
119618,113321,6297
119619,113322,6297
119620,113323,6297
119622,113325,6297
119623,113326,6297
119624,113327,6297
119626,113329,6297
119627,113330,6297
119628,113330,6298
119629,113331,6298
119630,113332,6298
119632,113334,6298
119633,113335,6298
119635,113337,6298
119636,113338,6298
119638,113340,6298
119639,113341,6298
119640,113342,6298
119642,113344,6298
119643,113345,6298
119644,113346,6298
119645,113347,6298
119647,113349,6298
119648,113350,6298
119649,113351,6298
119650,113352,6298
119652,113354,6298
119653,113355,6298
119654,113356,6298
119655,113357,6298
119657,113359,6298
119658,113360,6298
119659,113361,6298
119660,113362,6298
119662,113364,6298
119664,113366,6298
119665,113367,6298
119667,113369,6298
119668,113370,6298
119669,113371,6298
119670,113372,6298
119671,113373,6298
119673,113375,6298
119674,113376,6298
119675,113377,6298
119676,113378,6298
119677,113379,6298
119678,113380,6298
119679,113381,6298
119681,113383,6298
119682,113384,6298
119683,113385,6298
119684,113386,6298
119685,113387,6298
119687,113389,6298
119689,113391,6298
119690,113392,6298
119692,113394,6298
119693,113395,6298
119695,113397,6298
119697,113399,6298
119698,113400,6298
119699,113401,6298
119700,113402,6298
119701,113403,6298
119703,113405,6298
119704,113406,6298
119706,113408,6298
119707,113409,6298
119708,113410,6298
119710,113412,6298
119711,113413,6298
119713,113415,6298
119714,113416,6298
119716,113418,6298
119717,113419,6298
119719,113421,6298
119720,113422,6298
119722,113424,6298
119723,113425,6298
119724,113426,6298
119725,113427,6298
119726,113428,6298
119728,113430,6298
119729,113431,6298
119730,113432,6298
119732,113434,6298
119733,113435,6298
119735,113437,6298
119737,113439,6298
119739,113441,6298
119740,113442,6298
119742,113444,6298
119743,113445,6298
119745,113447,6298
119746,113448,6298
119747,113449,6298
119749,113451,6298
119750,113452,6298
119751,113453,6298
119752,113454,6298
119753,113455,6298
119755,113457,6298
119756,113458,6298
119757,113459,6298
119758,113460,6298
119759,113461,6298
119760,113462,6298
119761,113463,6298
119762,113464,6298
119763,113465,6298
119765,113467,6298
119766,113468,6298
119767,113469,6298
119768,113470,6298
119769,113471,6298
119770,113472,6298
119771,113473,6298
119772,113474,6298
119773,113475,6298
119775,113477,6298
119776,113478,6298
119777,113479,6298
119778,113480,6298
119779,113481,6298
119780,113482,6298
119781,113483,6298
119782,113484,6298
119783,113485,6298
119785,113487,6298
119786,113488,6298
119787,113489,6298
119788,113490,6298
119789,113491,6298
119790,113492,6298
119791,113493,6298
119792,113494,6298
119793,113495,6298
119795,113497,6298
119796,113498,6298
119797,113499,6298
119798,113500,6298
119799,113501,6298
119800,113502,6298
119801,113503,6298
119802,113504,6298
119803,113505,6298
119805,113507,6298
119806,113508,6298
119807,113509,6298
119808,113510,6298
119809,113511,6298
119810,113512,6298
119811,113513,6298
119812,113514,6298
119813,113515,6298
119815,113517,6298
119816,113518,6298
119818,113519,6299
119819,113520,6299
119820,113521,6299
119821,113522,6299
119822,113523,6299
119823,113524,6299
119824,113525,6299
119826,113527,6299
119827,113528,6299
119828,113529,6299
119829,113530,6299
119830,113531,6299
119831,113532,6299
119832,113533,6299
119833,113534,6299
119834,113535,6299
119836,113537,6299
119837,113538,6299
119838,113539,6299
119839,113540,6299
119840,113541,6299
119841,113542,6299
119842,113543,6299
119843,113544,6299
119844,113545,6299
119846,113547,6299
119847,113548,6299
119848,113549,6299
119849,113550,6299
119850,113551,6299
119851,113552,6299
119852,113553,6299
119853,113554,6299
119854,113555,6299
119856,113557,6299
119857,113558,6299
119858,113559,6299
119859,113560,6299
119860,113561,6299
119861,113562,6299
119862,113563,6299
119863,113564,6299
119864,113565,6299
119866,113567,6299
119867,113568,6299
119868,113569,6299
119869,113570,6299
119870,113571,6299
119871,113572,6299
119872,113573,6299
119873,113574,6299
119874,113575,6299
119876,113577,6299
119877,113578,6299
119878,113579,6299
119879,113580,6299
119880,113581,6299
119881,113582,6299
119882,113583,6299
119883,113584,6299
119884,113585,6299
119886,113587,6299
119887,113588,6299
119888,113589,6299
119889,113590,6299
119890,113591,6299
119891,113592,6299
119892,113593,6299
119893,113594,6299
119894,113595,6299
119896,113597,6299
119897,113598,6299
119898,113599,6299
119899,113600,6299
119900,113601,6299
119901,113602,6299
119902,113603,6299
119903,113604,6299
119904,113605,6299
119906,113607,6299
119907,113608,6299
119908,113609,6299
119909,113610,6299
119910,113611,6299
119911,113612,6299
119912,113613,6299
119913,113614,6299
119914,113615,6299
119916,113617,6299
119917,113618,6299
119918,113619,6299
119919,113620,6299
119920,113621,6299
119921,113622,6299
119922,113623,6299
119923,113624,6299
119924,113625,6299
119926,113627,6299
119927,113628,6299
119928,113629,6299
119929,113630,6299
119930,113631,6299
119931,113632,6299
119932,113633,6299
119933,113634,6299
119934,113635,6299
119936,113637,6299
119937,113638,6299
119938,113639,6299
119939,113640,6299
119940,113641,6299
119941,113642,6299
119942,113643,6299
119943,113644,6299
119944,113645,6299
119946,113647,6299
119947,113648,6299
119948,113649,6299
119949,113650,6299
119950,113651,6299
119951,113652,6299
119952,113653,6299
119953,113654,6299
119954,113655,6299
119956,113657,6299
119957,113658,6299
119958,113659,6299
119959,113660,6299
119960,113661,6299
119961,113662,6299
119962,113663,6299
119963,113664,6299
119964,113665,6299
119966,113667,6299
119967,113668,6299
119968,113669,6299
119969,113670,6299
119970,113671,6299
119971,113672,6299
119972,113673,6299
119973,113674,6299
119974,113675,6299
119976,113677,6299
119977,113678,6299
119979,113679,6300
119980,113680,6300
119981,113681,6300
119982,113682,6300
119983,113683,6300
119984,113684,6300
119985,113685,6300
119987,113687,6300
119988,113688,6300
119989,113689,6300
119990,113690,6300
119991,113691,6300
119992,113692,6300
119993,113693,6300
119994,113694,6300
119995,113695,6300
119997,113697,6300
119998,113698,6300
119999,113699,6300
120000,113700,6300
120001,113701,6300
120002,113702,6300
120003,113703,6300
120004,113704,6300
120005,113705,6300
120007,113707,6300
120008,113708,6300
120009,113709,6300
120010,113710,6300
120011,113711,6300
120012,113712,6300
120013,113713,6300
120014,113714,6300
120015,113715,6300
120017,113717,6300
120018,113718,6300
120019,113719,6300
120020,113720,6300
120021,113721,6300
120022,113722,6300
120023,113723,6300
120024,113724,6300
120025,113725,6300
120027,113727,6300
120028,113728,6300
120029,113729,6300
120030,113730,6300
120031,113731,6300
120032,113732,6300
120034,113734,6300
120036,113736,6300
120037,113737,6300
120038,113738,6300
120040,113740,6300
120042,113742,6300
120043,113743,6300
120044,113744,6300
120046,113746,6300
120047,113747,6300
120048,113748,6300
120049,113749,6300
120051,113751,6300
120052,113752,6300
120053,113753,6300
120054,113754,6300
120056,113756,6300
120058,113758,6300
120059,113759,6300
120060,113760,6300
120062,113762,6300
120064,113764,6300
120065,113765,6300
120066,113766,6300
120068,113768,6300
120070,113770,6300
120071,113771,6300
120073,113773,6300
120075,113775,6300
120076,113776,6300
120078,113778,6300
120080,113780,6300
120082,113782,6300
120083,113783,6300
120084,113784,6300
120086,113786,6300
120088,113788,6300
120089,113789,6300
120091,113791,6300
120093,113793,6300
120094,113794,6300
120095,113795,6300
120097,113797,6300
120098,113798,6300
120100,113800,6300
120101,113801,6300
120102,113802,6300
120104,113804,6300
120106,113806,6300
120107,113807,6300
120109,113809,6300
120110,113810,6300
120112,113812,6300
120113,113813,6300
120115,113815,6300
120117,113817,6300
120119,113819,6300
120120,113820,6300
120122,113822,6300
120123,113823,6300
120125,113825,6300
120126,113826,6300
120128,113828,6300
120129,113829,6300
120130,113830,6300
120131,113831,6300
120132,113832,6300
120133,113833,6300
120134,113834,6300
120135,113835,6300
120136,113836,6300
120137,113837,6300
120138,113838,6300
120139,113839,6300
120140,113840,6300
120141,113841,6300
120142,113842,6300
120144,113844,6300
120145,113845,6300
120146,113846,6300
120147,113847,6300
120149,113849,6300
120150,113850,6300
120151,113851,6300
120153,113853,6300
120155,113855,6300
120156,113856,6300
120158,113858,6300
120160,113860,6300
120162,113862,6300
120163,113863,6300
120164,113864,6300
120165,113865,6300
120166,113866,6300
120167,113867,6300
120169,113869,6300
120170,113870,6300
120172,113872,6300
120174,113874,6300
120176,113876,6300
120177,113877,6300
120179,113879,6300
120180,113880,6300
120182,113882,6300
120183,113883,6300
120184,113884,6300
120185,113885,6300
120187,113887,6300
120189,113889,6300
120190,113890,6300
120191,113891,6300
120192,113892,6300
120194,113894,6300
120196,113896,6300
120197,113897,6300
120199,113899,6300
120200,113900,6300
120201,113901,6300
120202,113902,6300
120204,113904,6300
120205,113905,6300
120206,113906,6300
120207,113907,6300
120208,113908,6300
120210,113910,6300
120211,113911,6300
120212,113912,6300
120213,113913,6300
120215,113915,6300
120216,113916,6300
120217,113917,6300
120218,113918,6300
120219,113919,6300
120221,113921,6300
120223,113923,6300
120224,113924,6300
120226,113926,6300
120227,113927,6300
120228,113928,6300
120229,113929,6300
120230,113930,6300
120232,113932,6300
120234,113934,6300
120235,113935,6300
120236,113936,6300
120237,113937,6300
120238,113938,6300
120240,113940,6300
120242,113942,6300
120243,113943,6300
120244,113944,6300
120245,113945,6300
120247,113947,6300
120249,113949,6300
120250,113950,6300
120251,113951,6300
120252,113952,6300
120254,113954,6300
120255,113955,6300
120257,113957,6300
120259,113959,6300
120261,113961,6300
120262,113962,6300
120263,113963,6300
120264,113964,6300
120266,113966,6300
120267,113967,6300
120268,113968,6300
120269,113969,6300
120270,113970,6300
120271,113971,6300
120273,113973,6300
120274,113974,6300
120276,113976,6300
120278,113978,6300
120279,113979,6300
120280,113980,6300
120281,113981,6300
120283,113983,6300
120285,113985,6300
120286,113986,6300
120287,113987,6300
120288,113988,6300
120289,113989,6300
120290,113990,6300
120291,113991,6300
120292,113992,6300
120293,113993,6300
120294,113994,6300
120295,113995,6300
120297,113997,6300
120298,113998,6300
120300,114000,6300
120301,114001,6300
120302,114002,6300
120303,114003,6300
120304,114004,6300
120306,114006,6300
120307,114007,6300
120308,114008,6300
120309,114009,6300
120311,114011,6300
120313,114013,6300
120314,114014,6300
120315,114015,6300
120316,114016,6300
120317,114017,6300
120319,114019,6300
120320,114020,6300
120322,114022,6300
120323,114023,6300
120324,114024,6300
120325,114025,6300
120326,114026,6300
120328,114028,6300
120330,114030,6300
120332,114032,6300
120333,114033,6300
120334,114034,6300
120335,114035,6300
120337,114037,6300
120339,114039,6300
120341,114041,6300
120342,114042,6300
120343,114043,6300
120345,114045,6300
120347,114047,6300
120348,114048,6300
120349,114049,6300
120350,114050,6300
120352,114052,6300
120353,114053,6300
120354,114054,6300
120356,114056,6300
120357,114057,6300
120358,114058,6300
120359,114059,6300
120360,114060,6300
120362,114062,6300
120363,114063,6300
120364,114064,6300
120365,114065,6300
120366,114066,6300
120367,114067,6300
120369,114069,6300
120370,114070,6300
120372,114072,6300
120374,114074,6300
120375,114075,6300
120376,114076,6300
120377,114077,6300
120379,114079,6300
120381,114081,6300
120382,114082,6300
120383,114083,6300
120384,114084,6300
120385,114085,6300
120386,114086,6300
120387,114087,6300
120388,114088,6300
120389,114089,6300
120391,114091,6300
120392,114092,6300
120394,114094,6300
120395,114095,6300
120397,114097,6300
120398,114098,6300
120399,114099,6300
120400,114100,6300
120401,114101,6300
120403,114103,6300
120404,114104,6300
120405,114105,6300
120406,114106,6300
120408,114108,6300
120410,114110,6300
120411,114111,6300
120412,114112,6300
120413,114113,6300
120414,114114,6300
120416,114116,6300
120417,114117,6300
120419,114119,6300
120420,114120,6300
120421,114121,6300
120423,114123,6300
120424,114124,6300
120426,114126,6300
120428,114128,6300
120430,114130,6300
120431,114131,6300
120433,114133,6300
120434,114134,6300
120436,114136,6300
120438,114138,6300
120440,114140,6300
120441,114141,6300
120442,114142,6300
120444,114144,6300
120446,114146,6300
120447,114147,6300
120448,114148,6300
120449,114149,6300
120451,114151,6300
120452,114152,6300
120454,114152,6302
120456,114154,6302
120457,114155,6302
120458,114156,6302
120459,114157,6302
120460,114158,6302
120462,114160,6302
120463,114161,6302
120464,114162,6302
120465,114163,6302
120466,114164,6302
120467,114165,6302
120469,114167,6302
120470,114168,6302
120472,114170,6302
120473,114171,6302
120475,114173,6302
120476,114174,6302
120477,114175,6302
120478,114176,6302
120479,114177,6302
120480,114177,6303
120482,114179,6303
120483,114180,6303
120484,114181,6303
120486,114183,6303
120488,114185,6303
120489,114186,6303
120490,114187,6303
120491,114188,6303
120492,114189,6303
120494,114191,6303
120496,114193,6303
120497,114194,6303
120499,114196,6303
120500,114197,6303
120501,114198,6303
120503,114200,6303
120504,114201,6303
120506,114203,6303
120507,114204,6303
120509,114206,6303
120511,114208,6303
120513,114210,6303
120514,114211,6303
120515,114212,6303
120517,114214,6303
120518,114214,6304
120519,114215,6304
120520,114216,6304
120521,114217,6304
120522,114218,6304
120523,114219,6304
120525,114221,6304
120527,114223,6304
120528,114224,6304
120529,114225,6304
120530,114226,6304
120532,114228,6304
120534,114230,6304
120536,114232,6304
120538,114234,6304
120539,114235,6304
120541,114237,6304
120542,114238,6304
120544,114240,6304
120545,114241,6304
120546,114242,6304
120547,114243,6304
120549,114245,6304
120551,114247,6304
120552,114248,6304
120553,114249,6304
120554,114250,6304
120555,114251,6304
120557,114253,6304
120559,114255,6304
120560,114256,6304
120562,114258,6304
120563,114259,6304
120564,114260,6304
120566,114262,6304
120568,114264,6304
120569,114265,6304
120570,114266,6304
120571,114267,6304
120572,114268,6304
120573,114269,6304
120574,114270,6304
120575,114271,6304
120576,114272,6304
120577,114273,6304
120578,114274,6304
120579,114275,6304
120580,114276,6304
120581,114277,6304
120583,114279,6304
120585,114281,6304
120586,114282,6304
120587,114283,6304
120588,114283,6305
120589,114284,6305
120590,114285,6305
120591,114286,6305
120593,114288,6305
120595,114290,6305
120596,114291,6305
120597,114292,6305
120599,114294,6305
120600,114295,6305
120601,114296,6305
120602,114297,6305
120603,114298,6305
120604,114299,6305
120606,114301,6305
120607,114302,6305
120608,114303,6305
120609,114304,6305
120610,114305,6305
120612,114307,6305
120613,114308,6305
120615,114310,6305
120616,114311,6305
120617,114312,6305
120618,114313,6305
120619,114314,6305
120621,114316,6305
120622,114317,6305
120623,114318,6305
120624,114319,6305
120625,114320,6305
120626,114321,6305
120628,114323,6305
120629,114324,6305
120630,114325,6305
120631,114326,6305
120633,114328,6305
120634,114329,6305
120635,114330,6305
120636,114331,6305
120637,114332,6305
120638,114333,6305
120639,114334,6305
120640,114335,6305
120641,114336,6305
120643,114338,6305
120644,114339,6305
120645,114340,6305
120646,114341,6305
120647,114342,6305
120648,114343,6305
120649,114344,6305
120651,114346,6305
120652,114347,6305
120653,114348,6305
120654,114349,6305
120656,114351,6305
120657,114352,6305
120659,114354,6305
120661,114356,6305
120662,114357,6305
120663,114358,6305
120664,114359,6305
120665,114360,6305
120667,114362,6305
120668,114363,6305
120669,114364,6305
120670,114365,6305
120672,114367,6305
120673,114368,6305
120674,114369,6305
120675,114370,6305
120676,114371,6305
120677,114372,6305
120678,114373,6305
120679,114374,6305
120680,114375,6305
120681,114376,6305
120682,114377,6305
120683,114378,6305
120685,114380,6305
120686,114381,6305
120688,114383,6305
120689,114384,6305
120690,114385,6305
120691,114386,6305
120692,114387,6305
120693,114388,6305
120694,114389,6305
120695,114390,6305
120696,114391,6305
120697,114392,6305
120698,114393,6305
120699,114394,6305
120701,114396,6305
120702,114397,6305
120704,114399,6305
120705,114400,6305
120706,114401,6305
120707,114402,6305
120708,114403,6305
120710,114405,6305
120711,114406,6305
120712,114407,6305
120714,114409,6305
120716,114411,6305
120718,114413,6305
120719,114414,6305
120720,114415,6305
120721,114416,6305
120723,114418,6305
120725,114420,6305
120726,114421,6305
120727,114422,6305
120728,114423,6305
120729,114424,6305
120731,114426,6305
120732,114427,6305
120733,114428,6305
120734,114429,6305
120735,114430,6305
120736,114431,6305
120738,114433,6305
120740,114435,6305
120741,114436,6305
120742,114437,6305
120743,114438,6305
120744,114439,6305
120745,114440,6305
120747,114442,6305
120749,114444,6305
120750,114445,6305
120751,114446,6305
120752,114447,6305
120753,114448,6305
120754,114449,6305
120755,114450,6305
120756,114451,6305
120757,114452,6305
120758,114453,6305
120759,114454,6305
120761,114456,6305
120762,114457,6305
120763,114458,6305
120764,114459,6305
120766,114461,6305
120767,114462,6305
120768,114463,6305
120770,114465,6305
120771,114466,6305
120772,114467,6305
120773,114468,6305
120774,114469,6305
120775,114470,6305
120776,114471,6305
120778,114473,6305
120779,114474,6305
120780,114475,6305
120781,114476,6305
120782,114477,6305
120784,114479,6305
120785,114480,6305
120786,114481,6305
120787,114482,6305
120788,114483,6305
120789,114484,6305
120791,114486,6305
120792,114487,6305
120793,114488,6305
120794,114489,6305
120796,114491,6305
120798,114493,6305
120799,114494,6305
120800,114495,6305
120801,114496,6305
120803,114498,6305
120804,114499,6305
120806,114501,6305
120807,114502,6305
120808,114503,6305
120809,114504,6305
120810,114505,6305
120811,114506,6305
120812,114507,6305
120813,114508,6305
120815,114510,6305
120816,114511,6305
120818,114513,6305
120819,114514,6305
120821,114516,6305
120823,114518,6305
120825,114520,6305
120826,114521,6305
120828,114523,6305
120829,114524,6305
120831,114526,6305
120833,114528,6305
120834,114529,6305
120835,114530,6305
120837,114532,6305
120838,114533,6305
120840,114535,6305
120841,114536,6305
120842,114537,6305
120843,114538,6305
120845,114540,6305
120846,114541,6305
120847,114542,6305
120849,114544,6305
120850,114545,6305
120852,114547,6305
120853,114548,6305
120854,114549,6305
120855,114550,6305
120856,114551,6305
120857,114552,6305
120859,114554,6305
120860,114555,6305
120861,114556,6305
120862,114557,6305
120863,114558,6305
120864,114559,6305
120866,114561,6305
120867,114562,6305
120868,114563,6305
120870,114565,6305
120871,114566,6305
120872,114567,6305
120873,114568,6305
120874,114569,6305
120875,114570,6305
120876,114571,6305
120877,114572,6305
120879,114573,6306
120881,114575,6306
120882,114576,6306
120883,114577,6306
120884,114578,6306
120886,114580,6306
120887,114581,6306
120888,114581,6307
120889,114582,6307
120890,114583,6307
120892,114585,6307
120893,114586,6307
120894,114587,6307
120895,114588,6307
120896,114589,6307
120898,114591,6307
120899,114592,6307
120901,114594,6307
120902,114595,6307
120904,114597,6307
120905,114598,6307
120906,114599,6307
120907,114599,6308
120908,114600,6308
120909,114601,6308
120911,114603,6308
120912,114604,6308
120913,114605,6308
120914,114606,6308
120915,114607,6308
120917,114609,6308
120918,114610,6308
120919,114611,6308
120921,114613,6308
120922,114614,6308
120923,114614,6309
120924,114615,6309
120925,114616,6309
120927,114618,6309
120928,114619,6309
120930,114621,6309
120931,114622,6309
120933,114624,6309
120934,114625,6309
120935,114626,6309
120937,114628,6309
120938,114629,6309
120939,114630,6309
120940,114631,6309
120942,114633,6309
120943,114634,6309
120944,114635,6309
120945,114636,6309
120947,114638,6309
120948,114639,6309
120949,114640,6309
120950,114641,6309
120952,114643,6309
120953,114644,6309
120954,114645,6309
120955,114646,6309
120957,114648,6309
120959,114650,6309
120960,114651,6309
120962,114653,6309
120963,114654,6309
120964,114655,6309
120965,114656,6309
120966,114657,6309
120968,114659,6309
120969,114660,6309
120970,114661,6309
120971,114662,6309
120972,114663,6309
120973,114664,6309
120974,114665,6309
120976,114667,6309
120977,114668,6309
120978,114669,6309
120979,114670,6309
120980,114671,6309
120982,114673,6309
120984,114675,6309
120985,114676,6309
120987,114678,6309
120988,114679,6309
120990,114681,6309
120992,114683,6309
120993,114684,6309
120994,114685,6309
120995,114686,6309
120996,114687,6309
120998,114689,6309
120999,114690,6309
121001,114692,6309
121002,114693,6309
121003,114694,6309
121005,114696,6309
121006,114697,6309
121008,114699,6309
121009,114700,6309
121011,114702,6309
121012,114703,6309
121014,114705,6309
121015,114706,6309
121017,114708,6309
121018,114709,6309
121019,114710,6309
121020,114711,6309
121021,114712,6309
121023,114714,6309
121024,114714,6310
121025,114715,6310
121027,114717,6310
121028,114718,6310
121030,114720,6310
121032,114722,6310
121034,114724,6310
121035,114725,6310
121037,114727,6310
121038,114728,6310
121040,114730,6310
121041,114731,6310
121042,114732,6310
121044,114734,6310
121045,114735,6310
121046,114736,6310
121047,114737,6310
121048,114738,6310
121050,114740,6310
121051,114741,6310
121052,114742,6310
121053,114743,6310
121054,114744,6310
121055,114745,6310
121056,114746,6310
121057,114747,6310
121058,114748,6310
121060,114750,6310
121061,114751,6310
121062,114752,6310
121063,114753,6310
121064,114754,6310
121065,114755,6310
121066,114756,6310
121067,114757,6310
121068,114758,6310
121070,114760,6310
121071,114761,6310
121072,114762,6310
121073,114763,6310
121074,114764,6310
121075,114765,6310
121076,114766,6310
121077,114767,6310
121078,114768,6310
121080,114770,6310
121081,114771,6310
121082,114772,6310
121083,114773,6310
121084,114774,6310
121085,114775,6310
121086,114776,6310
121087,114777,6310
121088,114778,6310
121090,114780,6310
121091,114781,6310
121092,114782,6310
121093,114783,6310
121094,114784,6310
121095,114785,6310
121096,114786,6310
121097,114787,6310
121098,114788,6310
121100,114790,6310
121101,114791,6310
121102,114792,6310
121103,114793,6310
121104,114794,6310
121105,114795,6310
121106,114796,6310
121107,114797,6310
121108,114798,6310
121110,114800,6310
121111,114801,6310
121112,114802,6310
121113,114803,6310
121114,114804,6310
121115,114805,6310
121116,114806,6310
121117,114807,6310
121118,114808,6310
121120,114810,6310
121121,114811,6310
121122,114812,6310
121123,114813,6310
121124,114814,6310
121125,114815,6310
121126,114816,6310
121127,114817,6310
121128,114818,6310
121130,114820,6310
121131,114821,6310
121133,114822,6311
121134,114823,6311
121135,114824,6311
121136,114825,6311
121137,114826,6311
121138,114827,6311
121139,114828,6311
121141,114830,6311
121142,114831,6311
121143,114832,6311
121144,114833,6311
121145,114834,6311
121146,114835,6311
121147,114836,6311
121148,114837,6311
121149,114838,6311
121151,114840,6311
121152,114841,6311
121153,114842,6311
121154,114843,6311
121155,114844,6311
121156,114845,6311
121157,114846,6311
121158,114847,6311
121159,114848,6311
121161,114850,6311
121162,114851,6311
121163,114852,6311
121164,114853,6311
121165,114854,6311
121166,114855,6311
121167,114856,6311
121168,114857,6311
121169,114858,6311
121171,114860,6311
121172,114861,6311
121173,114862,6311
121174,114863,6311
121175,114864,6311
121176,114865,6311
121177,114866,6311
121178,114867,6311
121179,114868,6311
121181,114870,6311
121182,114871,6311
121183,114872,6311
121184,114873,6311
121185,114874,6311
121186,114875,6311
121187,114876,6311
121188,114877,6311
121189,114878,6311
121191,114880,6311
121192,114881,6311
121193,114882,6311
121194,114883,6311
121195,114884,6311
121196,114885,6311
121197,114886,6311
121198,114887,6311
121199,114888,6311
121201,114890,6311
121202,114891,6311
121203,114892,6311
121204,114893,6311
121205,114894,6311
121206,114895,6311
121207,114896,6311
121208,114897,6311
121209,114898,6311
121211,114900,6311
121212,114901,6311
121213,114902,6311
121214,114903,6311
121215,114904,6311
121216,114905,6311
121217,114906,6311
121218,114907,6311
121219,114908,6311
121221,114910,6311
121222,114911,6311
121223,114912,6311
121224,114913,6311
121225,114914,6311
121226,114915,6311
121227,114916,6311
121228,114917,6311
121229,114918,6311
121231,114920,6311
121232,114921,6311
121233,114922,6311
121234,114923,6311
121235,114924,6311
121236,114925,6311
121237,114926,6311
121238,114927,6311
121239,114928,6311
121241,114930,6311
121242,114931,6311
121243,114932,6311
121244,114933,6311
121245,114934,6311
121246,114935,6311
121248,114937,6311
121250,114939,6311
121251,114940,6311
121252,114941,6311
121254,114943,6311
121256,114945,6311
121257,114946,6311
121258,114947,6311
121260,114949,6311
121261,114950,6311
121262,114951,6311
121263,114952,6311
121265,114954,6311
121266,114955,6311
121267,114956,6311
121268,114957,6311
121270,114959,6311
121272,114961,6311
121273,114962,6311
121274,114963,6311
121276,114965,6311
121278,114967,6311
121279,114968,6311
121280,114969,6311
121282,114971,6311
121284,114973,6311
121285,114974,6311
121287,114976,6311
121289,114978,6311
121290,114979,6311
121292,114981,6311
121294,114983,6311
121296,114985,6311
121297,114986,6311
121298,114987,6311
121300,114989,6311
121302,114991,6311
121303,114992,6311
121305,114994,6311
121307,114996,6311
121308,114997,6311
121309,114998,6311
121311,115000,6311
121312,115001,6311
121314,115003,6311
121315,115004,6311
121316,115005,6311
121318,115007,6311
121320,115009,6311
121321,115010,6311
121323,115012,6311
121324,115013,6311
121326,115015,6311
121327,115016,6311
121329,115018,6311
121331,115020,6311
121333,115022,6311
121334,115023,6311
121336,115025,6311
121337,115026,6311
121339,115028,6311
121340,115029,6311
121342,115031,6311
121343,115032,6311
121344,115033,6311
121345,115034,6311
121346,115035,6311
121347,115036,6311
121348,115037,6311
121349,115038,6311
121350,115039,6311
121351,115040,6311
121352,115041,6311
121353,115042,6311
121354,115043,6311
121355,115044,6311
121356,115045,6311
121358,115047,6311
121359,115048,6311
121360,115049,6311
121361,115050,6311
121363,115052,6311
121364,115053,6311
121365,115054,6311
121367,115056,6311
121369,115058,6311
121370,115059,6311
121372,115061,6311
121374,115063,6311
121376,115065,6311
121377,115066,6311
121378,115067,6311
121379,115068,6311
121380,115069,6311
121381,115070,6311
121383,115072,6311
121384,115073,6311
121386,115075,6311
121388,115077,6311
121390,115079,6311
121391,115080,6311
121393,115082,6311
121394,115083,6311
121396,115085,6311
121397,115086,6311
121398,115087,6311
121399,115088,6311
121401,115090,6311
121403,115092,6311
121404,115093,6311
121405,115094,6311
121406,115095,6311
121408,115097,6311
121410,115099,6311
121411,115100,6311
121413,115102,6311
121414,115103,6311
121415,115104,6311
121416,115105,6311
121418,115107,6311
121419,115108,6311
121420,115109,6311
121421,115110,6311
121422,115111,6311
121424,115113,6311
121425,115114,6311
121426,115115,6311
121427,115116,6311
121429,115118,6311
121430,115119,6311
121431,115120,6311
121432,115121,6311
121433,115122,6311
121435,115124,6311
121437,115126,6311
121438,115127,6311
121440,115129,6311
121441,115130,6311
121442,115131,6311
121443,115132,6311
121444,115133,6311
121446,115135,6311
121448,115137,6311
121449,115138,6311
121450,115139,6311
121451,115140,6311
121452,115141,6311
121454,115143,6311
121456,115145,6311
121457,115146,6311
121458,115147,6311
121459,115148,6311
121461,115150,6311
121463,115152,6311
121464,115153,6311
121465,115154,6311
121466,115155,6311
121468,115157,6311
121469,115158,6311
121471,115160,6311
121473,115162,6311
121475,115164,6311
121476,115165,6311
121477,115166,6311
121478,115167,6311
121480,115169,6311
121481,115170,6311
121482,115171,6311
121483,115172,6311
121484,115173,6311
121485,115174,6311
121487,115176,6311
121488,115177,6311
121490,115179,6311
121492,115181,6311
121493,115182,6311
121494,115183,6311
121495,115184,6311
121497,115186,6311
121499,115188,6311
121500,115189,6311
121501,115190,6311
121502,115191,6311
121503,115192,6311
121504,115193,6311
121505,115194,6311
121506,115195,6311
121507,115196,6311
121508,115197,6311
121509,115198,6311
121511,115200,6311
121512,115201,6311
121514,115203,6311
121515,115204,6311
121516,115205,6311
121517,115206,6311
121518,115207,6311
121520,115209,6311
121521,115210,6311
121522,115211,6311
121523,115212,6311
121525,115214,6311
121527,115216,6311
121528,115217,6311
121529,115218,6311
121530,115219,6311
121531,115220,6311
121533,115222,6311
121534,115223,6311
121536,115225,6311
121537,115226,6311
121538,115227,6311
121539,115228,6311
121540,115229,6311
121542,115231,6311
121544,115233,6311
121546,115235,6311
121547,115236,6311
121548,115237,6311
121549,115238,6311
121551,115240,6311
121553,115242,6311
121555,115244,6311
121556,115245,6311
121557,115246,6311
121559,115248,6311
121561,115250,6311
121562,115251,6311
121563,115252,6311
121564,115253,6311
121566,115255,6311
121567,115256,6311
121568,115257,6311
121570,115259,6311
121571,115260,6311
121572,115261,6311
121573,115262,6311
121574,115263,6311
121576,115265,6311
121577,115266,6311
121578,115267,6311
121579,115268,6311
121580,115269,6311
121581,115270,6311
121583,115272,6311
121584,115273,6311
121586,115275,6311
121588,115277,6311
121589,115278,6311
121590,115279,6311
121591,115280,6311
121593,115282,6311
121595,115284,6311
121596,115285,6311
121597,115286,6311
121598,115287,6311
121599,115288,6311
121600,115289,6311
121601,115290,6311
121602,115291,6311
121603,115292,6311
121605,115294,6311
121606,115295,6311
121608,115297,6311
121609,115298,6311
121611,115300,6311
121612,115301,6311
121613,115302,6311
121614,115303,6311
121615,115304,6311
121617,115306,6311
121618,115307,6311
121619,115308,6311
121620,115309,6311
121622,115311,6311
121624,115313,6311
121625,115314,6311
121626,115315,6311
121627,115316,6311
121628,115317,6311
121630,115319,6311
121631,115320,6311
121633,115322,6311
121634,115323,6311
121635,115324,6311
121637,115326,6311
121638,115327,6311
121640,115329,6311
121642,115331,6311
121644,115333,6311
121645,115334,6311
121647,115336,6311
121648,115337,6311
121650,115339,6311
121652,115341,6311
121654,115343,6311
121655,115344,6311
121656,115345,6311
121658,115347,6311
121660,115349,6311
121661,115350,6311
121662,115351,6311
121663,115352,6311
121665,115354,6311
121666,115355,6311
121667,115355,6312
121669,115357,6312
121670,115358,6312
121671,115359,6312
121672,115360,6312
121673,115361,6312
121675,115363,6312
121676,115364,6312
121677,115365,6312
121678,115366,6312
121679,115367,6312
121680,115368,6312
121682,115370,6312
121683,115371,6312
121685,115373,6312
121686,115374,6312
121688,115376,6312
121689,115377,6312
121690,115378,6312
121691,115379,6312
121692,115380,6312
121693,115380,6313
121695,115382,6313
121696,115383,6313
121697,115384,6313
121699,115386,6313
121701,115388,6313
121702,115389,6313
121703,115390,6313
121704,115391,6313
121705,115392,6313
121707,115394,6313
121709,115396,6313
121710,115397,6313
121712,115399,6313
121713,115400,6313
121714,115401,6313
121716,115403,6313
121717,115404,6313
121719,115406,6313
121720,115407,6313
121722,115409,6313
121724,115411,6313
121726,115413,6313
121727,115414,6313
121728,115415,6313
121730,115417,6313
121731,115417,6314
121732,115418,6314
121733,115419,6314
121734,115420,6314
121735,115421,6314
121736,115422,6314
121737,115423,6314
121738,115424,6314
121740,115426,6314
121742,115427,6315
121743,115428,6315
121744,115429,6315
121745,115430,6315
121746,115431,6315
121747,115432,6315
121749,115434,6315
121751,115436,6315
121752,115437,6315
121753,115438,6315
121754,115439,6315
121756,115441,6315
121758,115443,6315
121760,115445,6315
121762,115447,6315
121763,115448,6315
121765,115450,6315
121766,115451,6315
121768,115453,6315
121769,115454,6315
121770,115455,6315
121771,115456,6315
121773,115458,6315
121775,115460,6315
121776,115461,6315
121777,115462,6315
121778,115463,6315
121779,115464,6315
121781,115466,6315
121783,115468,6315
121784,115469,6315
121786,115471,6315
121787,115472,6315
121788,115473,6315
121790,115475,6315
121792,115477,6315
121793,115478,6315
121794,115479,6315
121795,115480,6315
121796,115481,6315
121797,115482,6315
121798,115483,6315
121799,115484,6315
121800,115485,6315
121801,115486,6315
121802,115487,6315
121803,115488,6315
121804,115489,6315
121805,115490,6315
121807,115492,6315
121809,115494,6315
121810,115495,6315
121811,115496,6315
121813,115497,6316
121814,115498,6316
121815,115499,6316
121816,115500,6316
121817,115501,6316
121819,115503,6316
121820,115504,6316
121821,115505,6316
121823,115507,6316
121824,115508,6316
121825,115509,6316
121826,115510,6316
121827,115511,6316
121828,115512,6316
121830,115514,6316
121831,115515,6316
121832,115516,6316
121833,115517,6316
121834,115518,6316
121836,115520,6316
121837,115521,6316
121839,115523,6316
121840,115524,6316
121841,115525,6316
121842,115526,6316
121843,115527,6316
121845,115529,6316
121846,115530,6316
121847,115531,6316
121848,115532,6316
121849,115533,6316
121850,115534,6316
121852,115536,6316
121853,115537,6316
121854,115538,6316
121855,115539,6316
121857,115541,6316
121858,115542,6316
121859,115543,6316
121860,115544,6316
121861,115545,6316
121862,115546,6316
121863,115547,6316
121864,115548,6316
121865,115549,6316
121867,115551,6316
121868,115552,6316
121869,115553,6316
121870,115554,6316
121871,115555,6316
121872,115556,6316
121873,115557,6316
121875,115559,6316
121876,115560,6316
121877,115561,6316
121878,115562,6316
121880,115564,6316
121881,115565,6316
121883,115567,6316
121885,115569,6316
121886,115570,6316
121887,115571,6316
121888,115572,6316
121889,115573,6316
121891,115575,6316
121892,115576,6316
121893,115577,6316
121894,115578,6316
121896,115580,6316
121897,115581,6316
121898,115582,6316
121899,115583,6316
121900,115584,6316
121901,115585,6316
121902,115586,6316
121903,115587,6316
121904,115588,6316
121905,115589,6316
121906,115590,6316
121907,115591,6316
121909,115593,6316
121910,115594,6316
121912,115596,6316
121913,115597,6316
121914,115598,6316
121915,115599,6316
121916,115600,6316
121917,115601,6316
121918,115602,6316
121919,115603,6316
121920,115604,6316
121921,115605,6316
121922,115606,6316
121923,115607,6316
121925,115609,6316
121926,115610,6316
121928,115612,6316
121929,115613,6316
121930,115614,6316
121931,115615,6316
121932,115616,6316
121934,115618,6316
121935,115619,6316
121936,115620,6316
121938,115622,6316
121940,115624,6316
121942,115626,6316
121943,115627,6316
121944,115628,6316
121945,115629,6316
121947,115631,6316
121949,115633,6316
121950,115634,6316
121951,115635,6316
121952,115636,6316
121953,115637,6316
121955,115639,6316
121956,115640,6316
121957,115641,6316
121958,115642,6316
121959,115643,6316
121960,115644,6316
121962,115646,6316
121964,115648,6316
121965,115649,6316
121966,115650,6316
121967,115651,6316
121968,115652,6316
121969,115653,6316
121971,115655,6316
121973,115657,6316
121974,115658,6316
121975,115659,6316
121976,115660,6316
121977,115661,6316
121978,115662,6316
121979,115663,6316
121980,115664,6316
121981,115665,6316
121982,115666,6316
121983,115667,6316
121985,115669,6316
121986,115670,6316
121987,115671,6316
121988,115672,6316
121990,115674,6316
121991,115675,6316
121992,115676,6316
121994,115678,6316
121995,115679,6316
121996,115680,6316
121997,115681,6316
121998,115682,6316
121999,115683,6316
122000,115684,6316
122002,115686,6316
122003,115687,6316
122004,115688,6316
122005,115689,6316
122006,115690,6316
122008,115692,6316
122009,115693,6316
122010,115694,6316
122011,115695,6316
122012,115696,6316
122013,115697,6316
122015,115699,6316
122016,115700,6316
122017,115701,6316
122018,115702,6316
122020,115704,6316
122022,115706,6316
122023,115707,6316
122024,115708,6316
122025,115709,6316
122027,115711,6316
122028,115712,6316
122030,115714,6316
122031,115715,6316
122032,115716,6316
122033,115717,6316
122034,115718,6316
122035,115719,6316
122036,115720,6316
122037,115721,6316
122039,115723,6316
122040,115724,6316
122042,115726,6316
122043,115727,6316
122045,115729,6316
122047,115731,6316
122049,115733,6316
122050,115734,6316
122052,115736,6316
122053,115737,6316
122055,115739,6316
122057,115741,6316
122058,115742,6316
122059,115743,6316
122061,115745,6316
122062,115746,6316
122064,115748,6316
122065,115749,6316
122066,115750,6316
122067,115751,6316
122069,115753,6316
122070,115754,6316
122071,115755,6316
122073,115757,6316
122074,115758,6316
122076,115760,6316
122077,115761,6316
122078,115762,6316
122079,115763,6316
122080,115764,6316
122081,115765,6316
122083,115767,6316
122085,115769,6316
122086,115770,6316
122087,115771,6316
122088,115772,6316
122089,115773,6316
122091,115775,6316
122092,115776,6316
122093,115777,6316
122095,115779,6316
122096,115780,6316
122097,115781,6316
122098,115782,6316
122099,115783,6316
122100,115784,6316
122102,115785,6317
122103,115786,6317
122104,115787,6317
122106,115789,6317
122107,115790,6317
122108,115791,6317
122109,115792,6317
122111,115794,6317
122112,115795,6317
122114,115796,6318
122115,115797,6318
122116,115798,6318
122118,115800,6318
122119,115801,6318
122120,115802,6318
122121,115803,6318
122122,115804,6318
122124,115806,6318
122125,115807,6318
122126,115808,6318
122127,115809,6318
122129,115811,6318
122130,115812,6318
122131,115813,6318
122132,115813,6319
122133,115814,6319
122134,115815,6319
122136,115817,6319
122137,115818,6319
122138,115819,6319
122139,115820,6319
122140,115821,6319
122142,115823,6319
122143,115824,6319
122144,115825,6319
122146,115827,6319
122147,115828,6319
122148,115828,6320
122149,115829,6320
122150,115830,6320
122152,115832,6320
122153,115833,6320
122155,115835,6320
122156,115836,6320
122158,115838,6320
122159,115839,6320
122160,115840,6320
122162,115842,6320
122163,115843,6320
122164,115844,6320
122165,115845,6320
122167,115847,6320
122168,115848,6320
122169,115849,6320
122170,115850,6320
122172,115852,6320
122173,115853,6320
122174,115854,6320
122175,115855,6320
122177,115857,6320
122178,115858,6320
122179,115859,6320
122180,115860,6320
122182,115862,6320
122184,115864,6320
122185,115865,6320
122187,115867,6320
122188,115868,6320
122189,115869,6320
122190,115870,6320
122191,115871,6320
122193,115873,6320
122194,115874,6320
122195,115875,6320
122196,115876,6320
122197,115877,6320
122198,115878,6320
122199,115879,6320
122201,115881,6320
122202,115882,6320
122203,115883,6320
122204,115884,6320
122205,115885,6320
122207,115887,6320
122209,115889,6320
122210,115890,6320
122212,115892,6320
122213,115893,6320
122215,115895,6320
122217,115897,6320
122218,115898,6320
122219,115899,6320
122220,115900,6320
122221,115901,6320
122223,115903,6320
122224,115904,6320
122226,115906,6320
122227,115907,6320
122228,115908,6320
122230,115910,6320
122231,115911,6320
122233,115913,6320
122234,115914,6320
122236,115916,6320
122237,115917,6320
122239,115919,6320
122240,115920,6320
122242,115922,6320
122243,115923,6320
122244,115924,6320
122245,115925,6320
122246,115926,6320
122248,115928,6320
122249,115928,6321
122250,115929,6321
122252,115931,6321
122253,115932,6321
122255,115934,6321
122257,115936,6321
122259,115938,6321
122260,115939,6321
122262,115941,6321
122263,115942,6321
122265,115944,6321
122266,115945,6321
122267,115946,6321
122269,115948,6321
122270,115949,6321
122271,115950,6321
122272,115951,6321
122273,115952,6321
122275,115954,6321
122276,115955,6321
122277,115956,6321
122278,115957,6321
122279,115958,6321
122280,115959,6321
122281,115960,6321
122282,115961,6321
122283,115962,6321
122285,115964,6321
122286,115965,6321
122287,115966,6321
122288,115967,6321
122289,115968,6321
122290,115969,6321
122291,115970,6321
122292,115971,6321
122293,115972,6321
122295,115974,6321
122296,115975,6321
122297,115976,6321
122298,115977,6321
122299,115978,6321
122300,115979,6321
122301,115980,6321
122302,115981,6321
122303,115982,6321
122305,115984,6321
122306,115985,6321
122307,115986,6321
122308,115987,6321
122309,115988,6321
122310,115989,6321
122311,115990,6321
122312,115991,6321
122313,115992,6321
122315,115994,6321
122316,115995,6321
122317,115996,6321
122318,115997,6321
122319,115998,6321
122320,115999,6321
122321,116000,6321
122322,116001,6321
122323,116002,6321
122325,116004,6321
122326,116005,6321
122327,116006,6321
122328,116007,6321
122329,116008,6321
122330,116009,6321
122332,116011,6321
122334,116013,6321
122335,116014,6321
122336,116015,6321
122338,116017,6321
122340,116019,6321
122341,116020,6321
122342,116021,6321
122344,116023,6321
122345,116024,6321
122346,116025,6321
122347,116026,6321
122349,116028,6321
122350,116029,6321
122351,116030,6321
122352,116031,6321
122354,116033,6321
122356,116035,6321
122357,116036,6321
122358,116037,6321
122360,116039,6321
122362,116041,6321
122363,116042,6321
122364,116043,6321
122366,116045,6321
122368,116047,6321
122369,116048,6321
122371,116050,6321
122373,116052,6321
122374,116053,6321
122376,116055,6321
122378,116057,6321
122380,116059,6321
122381,116060,6321
122382,116061,6321
122384,116063,6321
122386,116065,6321
122387,116066,6321
122389,116068,6321
122391,116070,6321
122392,116071,6321
122393,116072,6321
122395,116074,6321
122396,116075,6321
122398,116077,6321
122399,116078,6321
122400,116079,6321
122402,116081,6321
122404,116083,6321
122405,116084,6321
122407,116086,6321
122408,116087,6321
122410,116089,6321
122411,116090,6321
122413,116092,6321
122415,116094,6321
122417,116096,6321
122418,116097,6321
122420,116099,6321
122421,116100,6321
122423,116102,6321
122424,116103,6321
122426,116105,6321
122427,116106,6321
122428,116107,6321
122429,116108,6321
122430,116109,6321
122431,116110,6321
122432,116111,6321
122433,116112,6321
122434,116113,6321
122435,116114,6321
122436,116115,6321
122437,116116,6321
122438,116117,6321
122439,116118,6321
122440,116119,6321
122442,116121,6321
122443,116122,6321
122444,116123,6321
122445,116124,6321
122447,116126,6321
122448,116127,6321
122449,116128,6321
122451,116130,6321
122453,116132,6321
122454,116133,6321
122456,116135,6321
122458,116137,6321
122460,116139,6321
122461,116140,6321
122462,116141,6321
122463,116142,6321
122464,116143,6321
122465,116144,6321
122467,116146,6321
122468,116147,6321
122470,116149,6321
122472,116151,6321
122474,116153,6321
122475,116154,6321
122477,116156,6321
122478,116157,6321
122480,116159,6321
122481,116160,6321
122482,116161,6321
122483,116162,6321
122485,116164,6321
122487,116166,6321
122488,116167,6321
122489,116168,6321
122490,116169,6321
122492,116171,6321
122494,116173,6321
122495,116174,6321
122497,116176,6321
122498,116177,6321
122499,116178,6321
122500,116179,6321
122502,116181,6321
122503,116182,6321
122504,116183,6321
122505,116184,6321
122506,116185,6321
122508,116187,6321
122509,116188,6321
122510,116189,6321
122511,116190,6321
122513,116192,6321
122514,116193,6321
122515,116194,6321
122516,116195,6321
122517,116196,6321
122519,116198,6321
122521,116200,6321
122522,116201,6321
122524,116203,6321
122525,116204,6321
122526,116205,6321
122527,116206,6321
122528,116207,6321
122530,116209,6321
122532,116211,6321
122533,116212,6321
122534,116213,6321
122535,116214,6321
122536,116215,6321
122538,116217,6321
122540,116219,6321
122541,116220,6321
122542,116221,6321
122543,116222,6321
122545,116224,6321
122547,116226,6321
122548,116227,6321
122549,116228,6321
122550,116229,6321
122552,116231,6321
122553,116232,6321
122555,116234,6321
122557,116236,6321
122559,116238,6321
122560,116239,6321
122561,116240,6321
122562,116241,6321
122564,116243,6321
122565,116244,6321
122566,116245,6321
122567,116246,6321
122568,116247,6321
122569,116248,6321
122571,116250,6321
122572,116251,6321
122574,116253,6321
122576,116255,6321
122577,116256,6321
122578,116257,6321
122579,116258,6321
122581,116260,6321
122583,116262,6321
122584,116263,6321
122585,116264,6321
122586,116265,6321
122587,116266,6321
122588,116267,6321
122589,116268,6321
122590,116269,6321
122591,116270,6321
122592,116271,6321
122593,116272,6321
122595,116274,6321
122596,116275,6321
122598,116277,6321
122599,116278,6321
122600,116279,6321
122601,116280,6321
122602,116281,6321
122604,116283,6321
122605,116284,6321
122606,116285,6321
122607,116286,6321
122609,116288,6321
122611,116290,6321
122612,116291,6321
122613,116292,6321
122614,116293,6321
122615,116294,6321
122617,116296,6321
122618,116297,6321
122620,116299,6321
122621,116300,6321
122622,116301,6321
122623,116302,6321
122624,116303,6321
122626,116305,6321
122628,116307,6321
122630,116309,6321
122631,116310,6321
122632,116311,6321
122633,116312,6321
122635,116314,6321
122637,116316,6321
122639,116318,6321
122640,116319,6321
122641,116320,6321
122643,116322,6321
122645,116324,6321
122646,116325,6321
122647,116326,6321
122648,116327,6321
122650,116329,6321
122651,116330,6321
122652,116331,6321
122654,116333,6321
122655,116334,6321
122656,116335,6321
122657,116336,6321
122658,116337,6321
122660,116339,6321
122661,116340,6321
122662,116341,6321
122663,116342,6321
122664,116343,6321
122665,116344,6321
122667,116346,6321
122668,116347,6321
122670,116349,6321
122672,116351,6321
122673,116352,6321
122674,116353,6321
122675,116354,6321
122677,116356,6321
122679,116358,6321
122680,116359,6321
122681,116360,6321
122682,116361,6321
122683,116362,6321
122684,116363,6321
122685,116364,6321
122686,116365,6321
122687,116366,6321
122689,116368,6321
122690,116369,6321
122692,116371,6321
122693,116372,6321
122695,116374,6321
122696,116375,6321
122697,116376,6321
122698,116377,6321
122699,116378,6321
122701,116380,6321
122702,116381,6321
122703,116382,6321
122704,116383,6321
122706,116385,6321
122708,116387,6321
122709,116388,6321
122710,116389,6321
122711,116390,6321
122712,116391,6321
122714,116393,6321
122715,116394,6321
122717,116396,6321
122718,116397,6321
122719,116398,6321
122721,116400,6321
122722,116401,6321
122724,116403,6321
122726,116405,6321
122728,116407,6321
122729,116408,6321
122731,116410,6321
122732,116411,6321
122734,116413,6321
122736,116415,6321
122738,116417,6321
122739,116418,6321
122740,116419,6321
122742,116421,6321
122744,116423,6321
122745,116424,6321
122746,116425,6321
122747,116426,6321
122749,116428,6321
122750,116429,6321
122752,116429,6323
122754,116431,6323
122755,116432,6323
122756,116433,6323
122757,116434,6323
122758,116435,6323
122760,116437,6323
122761,116438,6323
122762,116439,6323
122763,116440,6323
122764,116441,6323
122765,116442,6323
122767,116444,6323
122768,116445,6323
122770,116447,6323
122771,116448,6323
122773,116450,6323
122774,116451,6323
122775,116452,6323
122776,116453,6323
122777,116454,6323
122778,116454,6324
122780,116456,6324
122781,116457,6324
122782,116458,6324
122784,116460,6324
122786,116462,6324
122787,116463,6324
122788,116464,6324
122789,116465,6324
122790,116466,6324
122792,116468,6324
122794,116470,6324
122795,116471,6324
122797,116473,6324
122798,116474,6324
122799,116475,6324
122801,116477,6324
122802,116478,6324
122804,116480,6324
122805,116481,6324
122807,116483,6324
122809,116485,6324
122811,116487,6324
122812,116488,6324
122813,116489,6324
122815,116491,6324
122817,116491,6326
122818,116492,6326
122819,116493,6326
122820,116494,6326
122821,116495,6326
122822,116496,6326
122823,116497,6326
122824,116498,6326
122826,116500,6326
122827,116501,6326
122828,116502,6326
122829,116503,6326
122830,116504,6326
122831,116505,6326
122832,116506,6326
122833,116507,6326
122834,116508,6326
122836,116510,6326
122837,116511,6326
122838,116512,6326
122839,116513,6326
122840,116514,6326
122841,116515,6326
122842,116516,6326
122844,116518,6326
122846,116520,6326
122847,116521,6326
122848,116522,6326
122849,116523,6326
122851,116525,6326
122853,116527,6326
122855,116529,6326
122857,116531,6326
122858,116532,6326
122860,116534,6326
122861,116535,6326
122863,116537,6326
122864,116538,6326
122865,116539,6326
122866,116540,6326
122868,116542,6326
122870,116544,6326
122871,116545,6326
122872,116546,6326
122873,116547,6326
122874,116548,6326
122876,116550,6326
122878,116552,6326
122879,116553,6326
122881,116555,6326
122882,116556,6326
122883,116557,6326
122885,116559,6326
122887,116561,6326
122888,116562,6326
122889,116563,6326
122890,116564,6326
122891,116565,6326
122892,116566,6326
122893,116567,6326
122894,116568,6326
122895,116569,6326
122896,116570,6326
122897,116571,6326
122898,116572,6326
122899,116573,6326
122900,116574,6326
122902,116576,6326
122904,116578,6326
122905,116579,6326
122906,116580,6326
122908,116581,6327
122909,116582,6327
122910,116583,6327
122911,116584,6327
122912,116585,6327
122914,116587,6327
122915,116588,6327
122916,116589,6327
122918,116591,6327
122919,116592,6327
122920,116593,6327
122921,116594,6327
122922,116595,6327
122923,116596,6327
122925,116598,6327
122926,116599,6327
122927,116600,6327
122928,116601,6327
122929,116602,6327
122931,116604,6327
122932,116605,6327
122934,116607,6327
122935,116608,6327
122936,116609,6327
122937,116610,6327
122938,116611,6327
122940,116613,6327
122941,116614,6327
122942,116615,6327
122943,116616,6327
122944,116617,6327
122945,116618,6327
122947,116620,6327
122948,116621,6327
122949,116622,6327
122950,116623,6327
122952,116625,6327
122953,116626,6327
122954,116627,6327
122955,116628,6327
122956,116629,6327
122957,116630,6327
122958,116631,6327
122959,116632,6327
122960,116633,6327
122962,116635,6327
122963,116636,6327
122964,116637,6327
122965,116638,6327
122966,116639,6327
122967,116640,6327
122968,116641,6327
122970,116643,6327
122971,116644,6327
122972,116645,6327
122973,116646,6327
122975,116648,6327
122976,116649,6327
122978,116651,6327
122980,116653,6327
122981,116654,6327
122982,116655,6327
122983,116656,6327
122984,116657,6327
122986,116659,6327
122987,116660,6327
122988,116661,6327
122989,116662,6327
122991,116664,6327
122992,116665,6327
122993,116666,6327
122994,116667,6327
122995,116668,6327
122996,116669,6327
122997,116670,6327
122998,116671,6327
122999,116672,6327
123000,116673,6327
123001,116674,6327
123002,116675,6327
123004,116677,6327
123005,116678,6327
123007,116680,6327
123008,116681,6327
123009,116682,6327
123010,116683,6327
123011,116684,6327
123012,116685,6327
123013,116686,6327
123014,116687,6327
123015,116688,6327
123016,116689,6327
123017,116690,6327
123018,116691,6327
123020,116693,6327
123021,116694,6327
123023,116696,6327
123024,116697,6327
123025,116698,6327
123026,116699,6327
123027,116700,6327
123029,116702,6327
123030,116703,6327
123031,116704,6327
123033,116706,6327
123035,116708,6327
123037,116710,6327
123038,116711,6327
123039,116712,6327
123040,116713,6327
123042,116715,6327
123044,116717,6327
123045,116718,6327
123046,116719,6327
123047,116720,6327
123048,116721,6327
123050,116723,6327
123051,116724,6327
123052,116725,6327
123053,116726,6327
123054,116727,6327
123055,116728,6327
123057,116730,6327
123059,116732,6327
123060,116733,6327
123061,116734,6327
123062,116735,6327
123063,116736,6327
123064,116737,6327
123066,116739,6327
123068,116741,6327
123069,116742,6327
123070,116743,6327
123071,116744,6327
123072,116745,6327
123073,116746,6327
123074,116747,6327
123075,116748,6327
123076,116749,6327
123077,116750,6327
123078,116751,6327
123080,116753,6327
123081,116754,6327
123082,116755,6327
123083,116756,6327
123085,116758,6327
123086,116759,6327
123087,116760,6327
123089,116762,6327
123090,116763,6327
123091,116764,6327
123092,116765,6327
123093,116766,6327
123094,116767,6327
123095,116768,6327
123097,116770,6327
123098,116771,6327
123099,116772,6327
123100,116773,6327
123101,116774,6327
123103,116776,6327
123104,116777,6327
123105,116778,6327
123106,116779,6327
123107,116780,6327
123108,116781,6327
123110,116783,6327
123111,116784,6327
123112,116785,6327
123113,116786,6327
123115,116788,6327
123117,116790,6327
123118,116791,6327
123119,116792,6327
123120,116793,6327
123122,116795,6327
123123,116796,6327
123125,116798,6327
123126,116799,6327
123127,116800,6327
123128,116801,6327
123129,116802,6327
123130,116803,6327
123131,116804,6327
123132,116805,6327
123134,116807,6327
123135,116808,6327
123137,116810,6327
123138,116811,6327
123140,116813,6327
123142,116815,6327
123144,116817,6327
123145,116818,6327
123147,116820,6327
123148,116821,6327
123150,116823,6327
123152,116825,6327
123153,116826,6327
123154,116827,6327
123156,116829,6327
123157,116830,6327
123159,116832,6327
123160,116833,6327
123161,116834,6327
123162,116835,6327
123164,116837,6327
123165,116838,6327
123166,116839,6327
123168,116841,6327
123169,116842,6327
123171,116844,6327
123172,116845,6327
123173,116846,6327
123174,116847,6327
123175,116848,6327
123176,116849,6327
123178,116851,6327
123180,116853,6327
123181,116854,6327
123182,116855,6327
123183,116856,6327
123184,116857,6327
123186,116859,6327
123187,116860,6327
123188,116861,6327
123190,116863,6327
123191,116864,6327
123192,116865,6327
123193,116866,6327
123194,116867,6327
123195,116868,6327
123196,116869,6327
123197,116870,6327
123199,116871,6328
123201,116873,6328
123202,116874,6328
123203,116875,6328
123204,116876,6328
123206,116878,6328
123207,116879,6328
123208,116879,6329
123209,116880,6329
123210,116881,6329
123212,116883,6329
123213,116884,6329
123214,116885,6329
123215,116886,6329
123216,116887,6329
123218,116889,6329
123219,116890,6329
123221,116892,6329
123222,116893,6329
123224,116895,6329
123225,116896,6329
123226,116897,6329
123227,116897,6330
123228,116898,6330
123229,116899,6330
123231,116901,6330
123232,116902,6330
123233,116903,6330
123234,116904,6330
123235,116905,6330
123237,116907,6330
123238,116908,6330
123239,116909,6330
123241,116911,6330
123242,116912,6330
123243,116912,6331
123244,116913,6331
123245,116914,6331
123247,116916,6331
123248,116917,6331
123250,116919,6331
123251,116920,6331
123253,116922,6331
123254,116923,6331
123255,116924,6331
123257,116926,6331
123258,116927,6331
123259,116928,6331
123260,116929,6331
123262,116931,6331
123263,116932,6331
123264,116933,6331
123265,116934,6331
123267,116936,6331
123268,116937,6331
123269,116938,6331
123270,116939,6331
123272,116941,6331
123273,116942,6331
123274,116943,6331
123275,116944,6331
123277,116946,6331
123279,116948,6331
123280,116949,6331
123282,116951,6331
123283,116952,6331
123284,116953,6331
123285,116954,6331
123286,116955,6331
123288,116957,6331
123289,116958,6331
123290,116959,6331
123291,116960,6331
123292,116961,6331
123293,116962,6331
123294,116963,6331
123296,116965,6331
123297,116966,6331
123298,116967,6331
123299,116968,6331
123300,116969,6331
123302,116971,6331
123304,116973,6331
123305,116974,6331
123307,116976,6331
123308,116977,6331
123310,116979,6331
123312,116981,6331
123313,116982,6331
123314,116983,6331
123315,116984,6331
123316,116985,6331
123318,116987,6331
123319,116988,6331
123321,116990,6331
123322,116991,6331
123323,116992,6331
123325,116994,6331
123326,116995,6331
123328,116997,6331
123329,116998,6331
123331,117000,6331
123332,117001,6331
123334,117003,6331
123335,117004,6331
123337,117006,6331
123338,117007,6331
123339,117008,6331
123340,117009,6331
123341,117010,6331
123343,117012,6331
123344,117012,6332
123345,117013,6332
123347,117015,6332
123348,117016,6332
123350,117018,6332
123352,117020,6332
123354,117022,6332
123355,117023,6332
123357,117025,6332
123358,117026,6332
123360,117028,6332
123361,117029,6332
123362,117030,6332
123364,117032,6332
123365,117033,6332
123366,117034,6332
123367,117035,6332
123368,117036,6332
123370,117038,6332
123371,117039,6332
123372,117040,6332
123373,117041,6332
123374,117042,6332
123375,117043,6332
123376,117044,6332
123377,117045,6332
123378,117046,6332
123380,117048,6332
123381,117049,6332
123382,117050,6332
123383,117051,6332
123384,117052,6332
123385,117053,6332
123386,117054,6332
123387,117055,6332
123388,117056,6332
123390,117058,6332
123391,117059,6332
123392,117060,6332
123393,117061,6332
123394,117062,6332
123395,117063,6332
123396,117064,6332
123397,117065,6332
123398,117066,6332
123400,117068,6332
123401,117069,6332
123402,117070,6332
123403,117071,6332
123404,117072,6332
123405,117073,6332
123406,117074,6332
123407,117075,6332
123408,117076,6332
123410,117078,6332
123411,117079,6332
123413,117080,6333
123414,117081,6333
123415,117082,6333
123416,117083,6333
123417,117084,6333
123418,117085,6333
123419,117086,6333
123421,117088,6333
123422,117089,6333
123423,117090,6333
123424,117091,6333
123425,117092,6333
123426,117093,6333
123427,117094,6333
123428,117095,6333
123429,117096,6333
123431,117098,6333
123432,117099,6333
123433,117100,6333
123434,117101,6333
123435,117102,6333
123436,117103,6333
123437,117104,6333
123438,117105,6333
123439,117106,6333
123441,117108,6333
123442,117109,6333
123443,117110,6333
123444,117111,6333
123445,117112,6333
123446,117113,6333
123447,117114,6333
123448,117115,6333
123449,117116,6333
123451,117118,6333
123452,117119,6333
123453,117120,6333
123454,117121,6333
123455,117122,6333
123456,117123,6333
123457,117124,6333
123458,117125,6333
123459,117126,6333
123461,117128,6333
123462,117129,6333
123463,117130,6333
123464,117131,6333
123465,117132,6333
123466,117133,6333
123467,117134,6333
123468,117135,6333
123469,117136,6333
123471,117138,6333
123472,117139,6333
123473,117140,6333
123474,117141,6333
123475,117142,6333
123476,117143,6333
123477,117144,6333
123478,117145,6333
123479,117146,6333
123481,117148,6333
123482,117149,6333
123483,117150,6333
123484,117151,6333
123485,117152,6333
123486,117153,6333
123487,117154,6333
123488,117155,6333
123489,117156,6333
123491,117158,6333
123492,117159,6333
123493,117160,6333
123494,117161,6333
123495,117162,6333
123496,117163,6333
123497,117164,6333
123498,117165,6333
123499,117166,6333
123501,117168,6333
123502,117169,6333
123503,117170,6333
123504,117171,6333
123505,117172,6333
123506,117173,6333
123507,117174,6333
123508,117175,6333
123509,117176,6333
123511,117178,6333
123512,117179,6333
123513,117180,6333
123514,117181,6333
123515,117182,6333
123516,117183,6333
123518,117185,6333
123520,117187,6333
123521,117188,6333
123522,117189,6333
123524,117191,6333
123526,117193,6333
123527,117194,6333
123528,117195,6333
123530,117197,6333
123531,117198,6333
123532,117199,6333
123533,117200,6333
123535,117202,6333
123536,117203,6333
123537,117204,6333
123538,117205,6333
123540,117207,6333
123542,117209,6333
123543,117210,6333
123544,117211,6333
123546,117213,6333
123548,117215,6333
123549,117216,6333
123550,117217,6333
123552,117219,6333
123554,117221,6333
123555,117222,6333
123557,117224,6333
123559,117226,6333
123560,117227,6333
123562,117229,6333
123564,117231,6333
123566,117233,6333
123567,117234,6333
123568,117235,6333
123570,117237,6333
123572,117239,6333
123573,117240,6333
123575,117242,6333
123577,117244,6333
123578,117245,6333
123579,117246,6333
123581,117248,6333
123582,117249,6333
123584,117251,6333
123585,117252,6333
123586,117253,6333
123588,117255,6333
123590,117257,6333
123591,117258,6333
123593,117260,6333
123594,117261,6333
123596,117263,6333
123597,117264,6333
123599,117266,6333
123601,117268,6333
123603,117270,6333
123604,117271,6333
123606,117273,6333
123607,117274,6333
123609,117276,6333
123610,117277,6333
123612,117279,6333
123613,117280,6333
123614,117281,6333
123615,117282,6333
123616,117283,6333
123617,117284,6333
123618,117285,6333
123619,117286,6333
123620,117287,6333
123621,117288,6333
123622,117289,6333
123623,117290,6333
123624,117291,6333
123625,117292,6333
123626,117293,6333
123628,117295,6333
123629,117296,6333
123630,117297,6333
123631,117298,6333
123633,117300,6333
123634,117301,6333
123635,117302,6333
123637,117304,6333
123639,117306,6333
123640,117307,6333
123642,117309,6333
123644,117311,6333
123646,117313,6333
123647,117314,6333
123648,117315,6333
123649,117316,6333
123650,117317,6333
123651,117318,6333
123653,117320,6333
123654,117321,6333
123656,117323,6333
123658,117325,6333
123660,117327,6333
123661,117328,6333
123663,117330,6333
123664,117331,6333
123666,117333,6333
123667,117334,6333
123668,117335,6333
123669,117336,6333
123671,117338,6333
123673,117340,6333
123674,117341,6333
123675,117342,6333
123676,117343,6333
123678,117345,6333
123680,117347,6333
123681,117348,6333
123683,117350,6333
123684,117351,6333
123685,117352,6333
123686,117353,6333
123688,117355,6333
123689,117356,6333
123690,117357,6333
123691,117358,6333
123692,117359,6333
123694,117361,6333
123695,117362,6333
123696,117363,6333
123697,117364,6333
123699,117366,6333
123700,117367,6333
123701,117368,6333
123702,117369,6333
123703,117370,6333
123705,117372,6333
123707,117374,6333
123708,117375,6333
123710,117377,6333
123711,117378,6333
123712,117379,6333
123713,117380,6333
123714,117381,6333
123716,117383,6333
123718,117385,6333
123719,117386,6333
123720,117387,6333
123721,117388,6333
123722,117389,6333
123724,117391,6333
123726,117393,6333
123727,117394,6333
123728,117395,6333
123729,117396,6333
123731,117398,6333
123733,117400,6333
123734,117401,6333
123735,117402,6333
123736,117403,6333
123738,117405,6333
123739,117406,6333
123741,117408,6333
123743,117410,6333
123745,117412,6333
123746,117413,6333
123747,117414,6333
123748,117415,6333
123750,117417,6333
123751,117418,6333
123752,117419,6333
123753,117420,6333
123754,117421,6333
123755,117422,6333
123757,117424,6333
123758,117425,6333
123760,117427,6333
123762,117429,6333
123763,117430,6333
123764,117431,6333
123765,117432,6333
123767,117434,6333
123769,117436,6333
123770,117437,6333
123771,117438,6333
123772,117439,6333
123773,117440,6333
123774,117441,6333
123775,117442,6333
123776,117443,6333
123777,117444,6333
123778,117445,6333
123779,117446,6333
123781,117448,6333
123782,117449,6333
123784,117451,6333
123785,117452,6333
123786,117453,6333
123787,117454,6333
123788,117455,6333
123790,117457,6333
123791,117458,6333
123792,117459,6333
123793,117460,6333
123795,117462,6333
123797,117464,6333
123798,117465,6333
123799,117466,6333
123800,117467,6333
123801,117468,6333
123803,117470,6333
123804,117471,6333
123806,117473,6333
123807,117474,6333
123808,117475,6333
123809,117476,6333
123810,117477,6333
123812,117479,6333
123814,117481,6333
123816,117483,6333
123817,117484,6333
123818,117485,6333
123819,117486,6333
123821,117488,6333
123823,117490,6333
123825,117492,6333
123826,117493,6333
123827,117494,6333
123829,117496,6333
123831,117498,6333
123832,117499,6333
123833,117500,6333
123834,117501,6333
123836,117503,6333
123837,117504,6333
123838,117505,6333
123840,117507,6333
123841,117508,6333
123842,117509,6333
123843,117510,6333
123844,117511,6333
123846,117513,6333
123847,117514,6333
123848,117515,6333
123849,117516,6333
123850,117517,6333
123851,117518,6333
123853,117520,6333
123854,117521,6333
123856,117523,6333
123858,117525,6333
123859,117526,6333
123860,117527,6333
123861,117528,6333
123863,117530,6333
123865,117532,6333
123866,117533,6333
123867,117534,6333
123868,117535,6333
123869,117536,6333
123870,117537,6333
123871,117538,6333
123872,117539,6333
123873,117540,6333
123875,117542,6333
123876,117543,6333
123878,117545,6333
123879,117546,6333
123881,117548,6333
123882,117549,6333
123883,117550,6333
123884,117551,6333
123885,117552,6333
123887,117554,6333
123888,117555,6333
123889,117556,6333
123890,117557,6333
123892,117559,6333
123894,117561,6333
123895,117562,6333
123896,117563,6333
123897,117564,6333
123898,117565,6333
123900,117567,6333
123901,117568,6333
123903,117570,6333
123904,117571,6333
123905,117572,6333
123907,117574,6333
123908,117575,6333
123910,117577,6333
123912,117579,6333
123914,117581,6333
123915,117582,6333
123917,117584,6333
123918,117585,6333
123920,117587,6333
123922,117589,6333
123924,117591,6333
123925,117592,6333
123926,117593,6333
123928,117595,6333
123930,117597,6333
123931,117598,6333
123932,117599,6333
123933,117600,6333
123935,117602,6333
123936,117603,6333
123938,117605,6333
123940,117607,6333
123941,117608,6333
123942,117609,6333
123943,117610,6333
123944,117611,6333
123946,117613,6333
123947,117614,6333
123948,117615,6333
123949,117616,6333
123950,117617,6333
123951,117618,6333
123953,117620,6333
123954,117621,6333
123956,117623,6333
123957,117624,6333
123959,117626,6333
123960,117627,6333
123961,117628,6333
123962,117629,6333
123963,117630,6333
123965,117630,6335
123967,117632,6335
123968,117633,6335
123969,117634,6335
123971,117636,6335
123973,117638,6335
123974,117639,6335
123975,117640,6335
123976,117641,6335
123977,117642,6335
123979,117644,6335
123981,117646,6335
123982,117647,6335
123984,117649,6335
123985,117650,6335
123986,117651,6335
123988,117653,6335
123989,117654,6335
123991,117656,6335
123992,117657,6335
123994,117659,6335
123996,117661,6335
123998,117663,6335
123999,117664,6335
124000,117665,6335
124002,117667,6335
124003,117667,6336
124004,117668,6336
124005,117669,6336
124006,117670,6336
124007,117671,6336
124008,117672,6336
124009,117673,6336
124010,117674,6336
124012,117676,6336
124013,117677,6336
124014,117678,6336
124015,117679,6336
124016,117680,6336
124017,117681,6336
124018,117682,6336
124020,117684,6336
124022,117686,6336
124023,117687,6336
124024,117688,6336
124025,117689,6336
124027,117691,6336
124029,117693,6336
124031,117695,6336
124033,117697,6336
124034,117698,6336
124036,117700,6336
124037,117701,6336
124039,117703,6336
124040,117704,6336
124041,117705,6336
124042,117706,6336
124044,117708,6336
124046,117710,6336
124047,117711,6336
124048,117712,6336
124049,117713,6336
124050,117714,6336
124052,117716,6336
124054,117718,6336
124055,117719,6336
124057,117721,6336
124058,117722,6336
124059,117723,6336
124061,117725,6336
124063,117727,6336
124064,117728,6336
124065,117729,6336
124066,117730,6336
124067,117731,6336
124068,117732,6336
124069,117733,6336
124070,117734,6336
124071,117735,6336
124072,117736,6336
124073,117737,6336
124074,117738,6336
124075,117739,6336
124076,117740,6336
124078,117742,6336
124080,117744,6336
124081,117745,6336
124082,117746,6336
124084,117747,6337
124085,117748,6337
124086,117749,6337
124087,117750,6337
124088,117751,6337
124090,117753,6337
124091,117754,6337
124092,117755,6337
124094,117757,6337
124095,117758,6337
124096,117759,6337
124097,117760,6337
124098,117761,6337
124099,117762,6337
124101,117764,6337
124102,117765,6337
124103,117766,6337
124104,117767,6337
124105,117768,6337
124107,117770,6337
124108,117771,6337
124110,117773,6337
124111,117774,6337
124112,117775,6337
124113,117776,6337
124114,117777,6337
124116,117779,6337
124117,117780,6337
124118,117781,6337
124119,117782,6337
124120,117783,6337
124121,117784,6337
124123,117786,6337
124124,117787,6337
124125,117788,6337
124126,117789,6337
124128,117791,6337
124129,117792,6337
124130,117793,6337
124131,117794,6337
124132,117795,6337
124133,117796,6337
124134,117797,6337
124135,117798,6337
124136,117799,6337
124138,117801,6337
124139,117802,6337
124140,117803,6337
124141,117804,6337
124142,117805,6337
124143,117806,6337
124144,117807,6337
124146,117809,6337
124147,117810,6337
124148,117811,6337
124149,117812,6337
124151,117814,6337
124152,117815,6337
124154,117817,6337
124156,117819,6337
124157,117820,6337
124158,117821,6337
124159,117822,6337
124160,117823,6337
124162,117825,6337
124163,117826,6337
124164,117827,6337
124165,117828,6337
124167,117830,6337
124168,117831,6337
124169,117832,6337
124170,117833,6337
124171,117834,6337
124172,117835,6337
124173,117836,6337
124174,117837,6337
124175,117838,6337
124176,117839,6337
124177,117840,6337
124178,117841,6337
124180,117843,6337
124181,117844,6337
124183,117846,6337
124184,117847,6337
124185,117848,6337
124186,117849,6337
124187,117850,6337
124188,117851,6337
124189,117852,6337
124190,117853,6337
124191,117854,6337
124192,117855,6337
124193,117856,6337
124194,117857,6337
124196,117859,6337
124197,117860,6337
124199,117862,6337
124200,117863,6337
124201,117864,6337
124202,117865,6337
124203,117866,6337
124205,117868,6337
124206,117869,6337
124207,117870,6337
124209,117872,6337
124211,117874,6337
124213,117876,6337
124214,117877,6337
124215,117878,6337
124216,117879,6337
124218,117881,6337
124220,117883,6337
124221,117884,6337
124222,117885,6337
124223,117886,6337
124224,117887,6337
124226,117889,6337
124227,117890,6337
124228,117891,6337
124229,117892,6337
124230,117893,6337
124231,117894,6337
124233,117896,6337
124235,117898,6337
124236,117899,6337
124237,117900,6337
124238,117901,6337
124239,117902,6337
124240,117903,6337
124242,117905,6337
124244,117907,6337
124245,117908,6337
124246,117909,6337
124247,117910,6337
124248,117911,6337
124249,117912,6337
124250,117913,6337
124251,117914,6337
124252,117915,6337
124253,117916,6337
124254,117917,6337
124256,117919,6337
124257,117920,6337
124258,117921,6337
124259,117922,6337
124261,117924,6337
124262,117925,6337
124263,117926,6337
124265,117928,6337
124266,117929,6337
124267,117930,6337
124268,117931,6337
124269,117932,6337
124270,117933,6337
124271,117934,6337
124273,117936,6337
124274,117937,6337
124275,117938,6337
124276,117939,6337
124277,117940,6337
124279,117942,6337
124280,117943,6337
124281,117944,6337
124282,117945,6337
124283,117946,6337
124284,117947,6337
124286,117949,6337
124287,117950,6337
124288,117951,6337
124289,117952,6337
124291,117954,6337
124293,117956,6337
124294,117957,6337
124295,117958,6337
124296,117959,6337
124298,117961,6337
124299,117962,6337
124301,117964,6337
124302,117965,6337
124303,117966,6337
124304,117967,6337
124305,117968,6337
124306,117969,6337
124307,117970,6337
124308,117971,6337
124310,117973,6337
124311,117974,6337
124313,117976,6337
124314,117977,6337
124316,117979,6337
124318,117981,6337
124320,117983,6337
124321,117984,6337
124323,117986,6337
124324,117987,6337
124326,117989,6337
124328,117991,6337
124329,117992,6337
124330,117993,6337
124332,117995,6337
124333,117996,6337
124335,117998,6337
124336,117999,6337
124337,118000,6337
124338,118001,6337
124340,118003,6337
124341,118004,6337
124342,118005,6337
124344,118007,6337
124345,118008,6337
124347,118010,6337
124348,118011,6337
124349,118012,6337
124350,118013,6337
124351,118014,6337
124352,118015,6337
124354,118017,6337
124356,118019,6337
124357,118020,6337
124358,118021,6337
124359,118022,6337
124360,118023,6337
124362,118025,6337
124363,118026,6337
124364,118027,6337
124366,118029,6337
124367,118030,6337
124368,118031,6337
124369,118032,6337
124370,118033,6337
124371,118034,6337
124373,118035,6338
124374,118036,6338
124375,118037,6338
124377,118039,6338
124378,118040,6338
124379,118041,6338
124380,118042,6338
124382,118044,6338
124383,118045,6338
124385,118046,6339
124386,118047,6339
124387,118048,6339
124389,118050,6339
124390,118051,6339
124391,118052,6339
124392,118053,6339
124393,118054,6339
124395,118056,6339
124396,118057,6339
124397,118058,6339
124398,118059,6339
124400,118061,6339
124401,118062,6339
124402,118063,6339
124403,118063,6340
124404,118064,6340
124405,118065,6340
124407,118067,6340
124408,118068,6340
124409,118069,6340
124410,118070,6340
124411,118071,6340
124413,118073,6340
124414,118074,6340
124415,118075,6340
124417,118077,6340
124418,118078,6340
124419,118078,6341
124420,118079,6341
124421,118080,6341
124423,118082,6341
124424,118083,6341
124426,118085,6341
124427,118086,6341
124429,118088,6341
124430,118089,6341
124431,118090,6341
124433,118092,6341
124434,118093,6341
124435,118094,6341
124436,118095,6341
124438,118097,6341
124439,118098,6341
124440,118099,6341
124441,118100,6341
124443,118102,6341
124444,118103,6341
124445,118104,6341
124446,118105,6341
124448,118107,6341
124449,118108,6341
124450,118109,6341
124451,118110,6341
124453,118112,6341
124455,118114,6341
124456,118115,6341
124458,118117,6341
124459,118118,6341
124460,118119,6341
124461,118120,6341
124462,118121,6341
124464,118123,6341
124465,118124,6341
124466,118125,6341
124467,118126,6341
124468,118127,6341
124469,118128,6341
124470,118129,6341
124472,118131,6341
124473,118132,6341
124474,118133,6341
124475,118134,6341
124476,118135,6341
124478,118137,6341
124480,118139,6341
124481,118140,6341
124483,118142,6341
124484,118143,6341
124486,118145,6341
124488,118147,6341
124489,118148,6341
124490,118149,6341
124491,118150,6341
124492,118151,6341
124494,118153,6341
124495,118154,6341
124497,118156,6341
124498,118157,6341
124499,118158,6341
124501,118160,6341
124502,118161,6341
124504,118163,6341
124505,118164,6341
124507,118166,6341
124508,118167,6341
124510,118169,6341
124511,118170,6341
124513,118172,6341
124514,118173,6341
124515,118174,6341
124516,118175,6341
124517,118176,6341
124519,118178,6341
124520,118178,6342
124521,118179,6342
124523,118181,6342
124524,118182,6342
124526,118184,6342
124528,118186,6342
124530,118188,6342
124531,118189,6342
124533,118191,6342
124534,118192,6342
124536,118194,6342
124537,118195,6342
124538,118196,6342
124540,118198,6342
124541,118199,6342
124542,118200,6342
124543,118201,6342
124544,118202,6342
124546,118204,6342
124547,118205,6342
124548,118206,6342
124549,118207,6342
124550,118208,6342
124551,118209,6342
124552,118210,6342
124553,118211,6342
124554,118212,6342
124556,118214,6342
124557,118215,6342
124558,118216,6342
124559,118217,6342
124560,118218,6342
124561,118219,6342
124562,118220,6342
124563,118221,6342
124564,118222,6342
124566,118224,6342
124567,118225,6342
124568,118226,6342
124569,118227,6342
124570,118228,6342
124571,118229,6342
124572,118230,6342
124573,118231,6342
124574,118232,6342
124576,118234,6342
124577,118235,6342
124578,118236,6342
124579,118237,6342
124580,118238,6342
124581,118239,6342
124582,118240,6342
124583,118241,6342
124584,118242,6342
124586,118244,6342
124587,118245,6342
124588,118246,6342
124589,118247,6342
124590,118248,6342
124591,118249,6342
124592,118250,6342
124593,118251,6342
124594,118252,6342
124596,118254,6342
124597,118255,6342
124598,118256,6342
124599,118257,6342
124600,118258,6342
124601,118259,6342
124602,118260,6342
124603,118261,6342
124604,118262,6342
124606,118264,6342
124607,118265,6342
124608,118266,6342
124609,118267,6342
124610,118268,6342
124611,118269,6342
124612,118270,6342
124613,118271,6342
124614,118272,6342
124616,118274,6342
124617,118275,6342
124618,118276,6342
124619,118277,6342
124620,118278,6342
124621,118279,6342
124622,118280,6342
124623,118281,6342
124624,118282,6342
124626,118284,6342
124627,118285,6342
124628,118286,6342
124629,118287,6342
124630,118288,6342
124631,118289,6342
124632,118290,6342
124633,118291,6342
124634,118292,6342
124636,118294,6342
124637,118295,6342
124638,118296,6342
124639,118297,6342
124640,118298,6342
124641,118299,6342
124642,118300,6342
124643,118301,6342
124644,118302,6342
124646,118304,6342
124647,118305,6342
124648,118306,6342
124649,118307,6342
124650,118308,6342
124651,118309,6342
124652,118310,6342
124653,118311,6342
124654,118312,6342
124656,118314,6342
124657,118315,6342
124658,118316,6342
124659,118317,6342
124660,118318,6342
124661,118319,6342
124662,118320,6342
124663,118321,6342
124664,118322,6342
124666,118324,6342
124667,118325,6342
124668,118326,6342
124669,118327,6342
124670,118328,6342
124671,118329,6342
124672,118330,6342
124673,118331,6342
124674,118332,6342
124676,118334,6342
124677,118335,6342
124679,118336,6343
124680,118337,6343
124681,118338,6343
124682,118339,6343
124683,118340,6343
124684,118341,6343
124685,118342,6343
124687,118344,6343
124688,118345,6343
124689,118346,6343
124690,118347,6343
124691,118348,6343
124692,118349,6343
124693,118350,6343
124694,118351,6343
124695,118352,6343
124697,118354,6343
124698,118355,6343
124699,118356,6343
124700,118357,6343
124701,118358,6343
124702,118359,6343
124703,118360,6343
124704,118361,6343
124705,118362,6343
124707,118364,6343
124708,118365,6343
124709,118366,6343
124710,118367,6343
124711,118368,6343
124712,118369,6343
124713,118370,6343
124714,118371,6343
124715,118372,6343
124717,118374,6343
124718,118375,6343
124719,118376,6343
124720,118377,6343
124721,118378,6343
124722,118379,6343
124723,118380,6343
124724,118381,6343
124725,118382,6343
124727,118384,6343
124728,118385,6343
124729,118386,6343
124730,118387,6343
124731,118388,6343
124732,118389,6343
124733,118390,6343
124734,118391,6343
124735,118392,6343
124737,118394,6343
124738,118395,6343
124739,118396,6343
124740,118397,6343
124741,118398,6343
124742,118399,6343
124744,118401,6343
124746,118403,6343
124747,118404,6343
124748,118405,6343
124750,118407,6343
124752,118409,6343
124753,118410,6343
124754,118411,6343
124756,118413,6343
124757,118414,6343
124758,118415,6343
124759,118416,6343
124761,118418,6343
124762,118419,6343
124763,118420,6343
124764,118421,6343
124766,118423,6343
124768,118425,6343
124769,118426,6343
124770,118427,6343
124772,118429,6343
124774,118431,6343
124775,118432,6343
124776,118433,6343
124778,118435,6343
124780,118437,6343
124781,118438,6343
124783,118440,6343
124785,118442,6343
124786,118443,6343
124788,118445,6343
124790,118447,6343
124792,118449,6343
124793,118450,6343
124794,118451,6343
124796,118453,6343
124798,118455,6343
124799,118456,6343
124801,118458,6343
124803,118460,6343
124804,118461,6343
124805,118462,6343
124807,118464,6343
124808,118465,6343
124810,118467,6343
124811,118468,6343
124812,118469,6343
124814,118471,6343
124816,118473,6343
124817,118474,6343
124819,118476,6343
124820,118477,6343
124822,118479,6343
124823,118480,6343
124825,118482,6343
124827,118484,6343
124829,118486,6343
124830,118487,6343
124832,118489,6343
124833,118490,6343
124835,118492,6343
124836,118493,6343
124838,118495,6343
124839,118496,6343
124840,118497,6343
124841,118498,6343
124842,118499,6343
124843,118500,6343
124844,118501,6343
124845,118502,6343
124846,118503,6343
124847,118504,6343
124848,118505,6343
124849,118506,6343
124850,118507,6343
124851,118508,6343
124852,118509,6343
124854,118511,6343
124855,118512,6343
124856,118513,6343
124857,118514,6343
124859,118516,6343
124860,118517,6343
124861,118518,6343
124863,118520,6343
124865,118522,6343
124866,118523,6343
124868,118525,6343
124870,118527,6343
124872,118529,6343
124873,118530,6343
124874,118531,6343
124875,118532,6343
124876,118533,6343
124877,118534,6343
124879,118536,6343
124880,118537,6343
124882,118539,6343
124884,118541,6343
124886,118543,6343
124887,118544,6343
124889,118546,6343
124890,118547,6343
124892,118549,6343
124893,118550,6343
124894,118551,6343
124895,118552,6343
124897,118554,6343
124899,118556,6343
124900,118557,6343
124901,118558,6343
124902,118559,6343
124904,118561,6343
124906,118563,6343
124907,118564,6343
124909,118566,6343
124910,118567,6343
124911,118568,6343
124912,118569,6343
124914,118571,6343
124915,118572,6343
124916,118573,6343
124917,118574,6343
124918,118575,6343
124920,118577,6343
124921,118578,6343
124922,118579,6343
124923,118580,6343
124925,118582,6343
124926,118583,6343
124927,118584,6343
124928,118585,6343
124929,118586,6343
124931,118588,6343
124933,118590,6343
124934,118591,6343
124936,118593,6343
124937,118594,6343
124938,118595,6343
124939,118596,6343
124940,118597,6343
124942,118599,6343
124944,118601,6343
124945,118602,6343
124946,118603,6343
124947,118604,6343
124948,118605,6343
124950,118607,6343
124952,118609,6343
124953,118610,6343
124954,118611,6343
124955,118612,6343
124957,118614,6343
124959,118616,6343
124960,118617,6343
124961,118618,6343
124962,118619,6343
124964,118621,6343
124965,118622,6343
124967,118624,6343
124969,118626,6343
124971,118628,6343
124972,118629,6343
124973,118630,6343
124974,118631,6343
124976,118633,6343
124977,118634,6343
124978,118635,6343
124979,118636,6343
124980,118637,6343
124981,118638,6343
124983,118640,6343
124984,118641,6343
124986,118643,6343
124988,118645,6343
124989,118646,6343
124990,118647,6343
124991,118648,6343
124993,118650,6343
124995,118652,6343
124996,118653,6343
124997,118654,6343
124998,118655,6343
124999,118656,6343
125000,118657,6343
125001,118658,6343
125002,118659,6343
125003,118660,6343
125004,118661,6343
125005,118662,6343
125007,118664,6343
125008,118665,6343
125010,118667,6343
125011,118668,6343
125012,118669,6343
125013,118670,6343
125014,118671,6343
125016,118673,6343
125017,118674,6343
125018,118675,6343
125019,118676,6343
125021,118678,6343
125023,118680,6343
125024,118681,6343
125025,118682,6343
125026,118683,6343
125027,118684,6343
125029,118686,6343
125030,118687,6343
125032,118689,6343
125033,118690,6343
125034,118691,6343
125035,118692,6343
125036,118693,6343
125038,118695,6343
125040,118697,6343
125042,118699,6343
125043,118700,6343
125044,118701,6343
125045,118702,6343
125047,118704,6343
125049,118706,6343
125051,118708,6343
125052,118709,6343
125053,118710,6343
125055,118712,6343
125057,118714,6343
125058,118715,6343
125059,118716,6343
125060,118717,6343
125062,118719,6343
125063,118720,6343
125064,118721,6343
125066,118723,6343
125067,118724,6343
125068,118725,6343
125069,118726,6343
125070,118727,6343
125072,118729,6343
125073,118730,6343
125074,118731,6343
125075,118732,6343
125076,118733,6343
125077,118734,6343
125079,118736,6343
125080,118737,6343
125082,118739,6343
125084,118741,6343
125085,118742,6343
125086,118743,6343
125087,118744,6343
125089,118746,6343
125091,118748,6343
125092,118749,6343
125093,118750,6343
125094,118751,6343
125095,118752,6343
125096,118753,6343
125097,118754,6343
125098,118755,6343
125099,118756,6343
125101,118758,6343
125102,118759,6343
125104,118761,6343
125105,118762,6343
125107,118764,6343
125108,118765,6343
125109,118766,6343
125110,118767,6343
125111,118768,6343
125113,118770,6343
125114,118771,6343
125115,118772,6343
125116,118773,6343
125118,118775,6343
125120,118777,6343
125121,118778,6343
125122,118779,6343
125123,118780,6343
125124,118781,6343
125126,118783,6343
125127,118784,6343
125129,118786,6343
125130,118787,6343
125131,118788,6343
125133,118790,6343
125134,118791,6343
125136,118793,6343
125138,118795,6343
125140,118797,6343
125141,118798,6343
125143,118800,6343
125144,118801,6343
125146,118803,6343
125148,118805,6343
125150,118807,6343
125151,118808,6343
125152,118809,6343
125154,118811,6343
125156,118813,6343
125157,118814,6343
125158,118815,6343
125159,118816,6343
125161,118818,6343
125162,118819,6343
125164,118820,6344
125166,118822,6344
125167,118823,6344
125168,118824,6344
125169,118825,6344
125170,118826,6344
125172,118828,6344
125173,118829,6344
125174,118830,6344
125175,118831,6344
125176,118832,6344
125177,118833,6344
125179,118835,6344
125180,118836,6344
125182,118838,6344
125183,118839,6344
125185,118841,6344
125186,118842,6344
125187,118843,6344
125188,118844,6344
125189,118845,6344
125190,118845,6345
125192,118847,6345
125193,118848,6345
125194,118849,6345
125196,118851,6345
125198,118853,6345
125199,118854,6345
125200,118855,6345
125201,118856,6345
125202,118857,6345
125204,118859,6345
125206,118861,6345
125207,118862,6345
125209,118864,6345
125210,118865,6345
125211,118866,6345
125213,118868,6345
125214,118869,6345
125216,118871,6345
125217,118872,6345
125219,118874,6345
125221,118876,6345
125223,118878,6345
125224,118879,6345
125225,118880,6345
125227,118882,6345
125229,118882,6347
125230,118883,6347
125231,118884,6347
125232,118885,6347
125233,118886,6347
125234,118887,6347
125235,118888,6347
125236,118889,6347
125238,118891,6347
125239,118892,6347
125240,118893,6347
125241,118894,6347
125242,118895,6347
125243,118896,6347
125244,118897,6347
125246,118899,6347
125248,118901,6347
125249,118902,6347
125250,118903,6347
125251,118904,6347
125253,118906,6347
125255,118908,6347
125257,118910,6347
125259,118912,6347
125260,118913,6347
125262,118915,6347
125263,118916,6347
125265,118918,6347
125266,118919,6347
125267,118920,6347
125268,118921,6347
125270,118923,6347
125272,118925,6347
125273,118926,6347
125274,118927,6347
125275,118928,6347
125276,118929,6347
125278,118931,6347
125280,118933,6347
125281,118934,6347
125283,118936,6347
125284,118937,6347
125285,118938,6347
125287,118940,6347
125289,118942,6347
125290,118943,6347
125291,118944,6347
125292,118945,6347
125293,118946,6347
125294,118947,6347
125295,118948,6347
125296,118949,6347
125297,118950,6347
125298,118951,6347
125299,118952,6347
125300,118953,6347
125301,118954,6347
125302,118955,6347
125304,118957,6347
125306,118959,6347
125307,118960,6347
125308,118961,6347
125309,118961,6348
125310,118962,6348
125311,118963,6348
125312,118964,6348
125314,118966,6348
125316,118968,6348
125317,118969,6348
125318,118970,6348
125320,118972,6348
125321,118973,6348
125322,118974,6348
125323,118975,6348
125324,118976,6348
125325,118977,6348
125327,118979,6348
125328,118980,6348
125329,118981,6348
125330,118982,6348
125331,118983,6348
125333,118985,6348
125334,118986,6348
125336,118988,6348
125337,118989,6348
125338,118990,6348
125339,118991,6348
125340,118992,6348
125342,118994,6348
125343,118995,6348
125344,118996,6348
125345,118997,6348
125346,118998,6348
125347,118999,6348
125349,119001,6348
125350,119002,6348
125351,119003,6348
125352,119004,6348
125354,119006,6348
125355,119007,6348
125356,119008,6348
125357,119009,6348
125358,119010,6348
125359,119011,6348
125360,119012,6348
125361,119013,6348
125362,119014,6348
125364,119016,6348
125365,119017,6348
125366,119018,6348
125367,119019,6348
125368,119020,6348
125369,119021,6348
125370,119022,6348
125372,119024,6348
125373,119025,6348
125374,119026,6348
125375,119027,6348
125377,119029,6348
125378,119030,6348
125380,119032,6348
125382,119034,6348
125383,119035,6348
125384,119036,6348
125385,119037,6348
125386,119038,6348
125388,119040,6348
125389,119041,6348
125390,119042,6348
125391,119043,6348
125393,119045,6348
125394,119046,6348
125395,119047,6348
125396,119048,6348
125397,119049,6348
125398,119050,6348
125399,119051,6348
125400,119052,6348
125401,119053,6348
125402,119054,6348
125403,119055,6348
125404,119056,6348
125406,119058,6348
125407,119059,6348
125409,119061,6348
125410,119062,6348
125411,119063,6348
125412,119064,6348
125413,119065,6348
125414,119066,6348
125415,119067,6348
125416,119068,6348
125417,119069,6348
125418,119070,6348
125419,119071,6348
125420,119072,6348
125422,119074,6348
125423,119075,6348
125425,119077,6348
125426,119078,6348
125427,119079,6348
125428,119080,6348
125429,119081,6348
125431,119083,6348
125432,119084,6348
125433,119085,6348
125435,119087,6348
125437,119089,6348
125439,119091,6348
125440,119092,6348
125441,119093,6348
125442,119094,6348
125444,119096,6348
125446,119098,6348
125447,119099,6348
125448,119100,6348
125449,119101,6348
125450,119102,6348
125452,119104,6348
125453,119105,6348
125454,119106,6348
125455,119107,6348
125456,119108,6348
125457,119109,6348
125459,119111,6348
125461,119113,6348
125462,119114,6348
125463,119115,6348
125464,119116,6348
125465,119117,6348
125466,119118,6348
125468,119120,6348
125470,119122,6348
125471,119123,6348
125472,119124,6348
125473,119125,6348
125474,119126,6348
125475,119127,6348
125476,119128,6348
125477,119129,6348
125478,119130,6348
125479,119131,6348
125480,119132,6348
125482,119134,6348
125483,119135,6348
125484,119136,6348
125485,119137,6348
125487,119139,6348
125488,119140,6348
125489,119141,6348
125491,119143,6348
125492,119144,6348
125493,119145,6348
125494,119146,6348
125495,119147,6348
125496,119148,6348
125497,119149,6348
125499,119151,6348
125500,119152,6348
125501,119153,6348
125502,119154,6348
125503,119155,6348
125505,119157,6348
125506,119158,6348
125507,119159,6348
125508,119160,6348
125509,119161,6348
125510,119162,6348
125512,119164,6348
125513,119165,6348
125514,119166,6348
125515,119167,6348
125517,119169,6348
125519,119171,6348
125520,119172,6348
125521,119173,6348
125522,119174,6348
125524,119176,6348
125525,119177,6348
125527,119179,6348
125528,119180,6348
125529,119181,6348
125530,119182,6348
125531,119183,6348
125532,119184,6348
125533,119185,6348
125534,119186,6348
125536,119188,6348
125537,119189,6348
125539,119191,6348
125540,119192,6348
125542,119194,6348
125544,119196,6348
125546,119198,6348
125547,119199,6348
125549,119201,6348
125550,119202,6348
125552,119204,6348
125554,119206,6348
125555,119207,6348
125556,119208,6348
125558,119210,6348
125559,119211,6348
125561,119213,6348
125562,119214,6348
125563,119215,6348
125564,119216,6348
125566,119218,6348
125567,119219,6348
125568,119220,6348
125570,119222,6348
125571,119223,6348
125573,119225,6348
125574,119226,6348
125575,119227,6348
125576,119228,6348
125577,119229,6348
125578,119230,6348
125580,119232,6348
125581,119233,6348
125582,119234,6348
125583,119235,6348
125584,119236,6348
125585,119237,6348
125587,119239,6348
125588,119240,6348
125589,119241,6348
125591,119243,6348
125592,119244,6348
125593,119245,6348
125594,119246,6348
125595,119247,6348
125596,119248,6348
125597,119249,6348
125598,119250,6348
125600,119251,6349
125602,119253,6349
125603,119254,6349
125604,119255,6349
125605,119256,6349
125607,119258,6349
125608,119259,6349
125609,119259,6350
125610,119260,6350
125611,119261,6350
125613,119263,6350
125614,119264,6350
125615,119265,6350
125616,119266,6350
125617,119267,6350
125619,119269,6350
125620,119270,6350
125622,119272,6350
125623,119273,6350
125625,119275,6350
125626,119276,6350
125627,119277,6350
125629,119278,6351
125630,119279,6351
125631,119280,6351
125633,119282,6351
125634,119283,6351
125635,119284,6351
125636,119285,6351
125637,119286,6351
125639,119288,6351
125640,119289,6351
125641,119290,6351
125643,119292,6351
125644,119293,6351
125645,119294,6351
125646,119295,6351
125647,119296,6351
125649,119298,6351
125650,119299,6351
125652,119301,6351
125653,119302,6351
125655,119304,6351
125656,119305,6351
125657,119306,6351
125659,119308,6351
125660,119309,6351
125661,119310,6351
125662,119311,6351
125664,119313,6351
125665,119314,6351
125666,119315,6351
125667,119316,6351
125669,119318,6351
125670,119319,6351
125671,119320,6351
125672,119321,6351
125674,119323,6351
125675,119324,6351
125676,119325,6351
125677,119326,6351
125679,119328,6351
125681,119330,6351
125682,119331,6351
125684,119333,6351
125685,119334,6351
125686,119335,6351
125687,119336,6351
125688,119337,6351
125690,119339,6351
125691,119340,6351
125692,119341,6351
125693,119342,6351
125694,119343,6351
125695,119344,6351
125696,119345,6351
125698,119347,6351
125699,119348,6351
125700,119349,6351
125701,119350,6351
125702,119351,6351
125704,119353,6351
125706,119355,6351
125707,119356,6351
125709,119358,6351
125710,119359,6351
125712,119361,6351
125714,119363,6351
125715,119364,6351
125716,119365,6351
125717,119366,6351
125718,119367,6351
125720,119369,6351
125721,119370,6351
125723,119372,6351
125724,119373,6351
125725,119374,6351
125727,119376,6351
125728,119377,6351
125730,119379,6351
125731,119380,6351
125733,119382,6351
125734,119383,6351
125736,119385,6351
125737,119386,6351
125739,119388,6351
125740,119389,6351
125741,119390,6351
125742,119391,6351
125743,119392,6351
125745,119394,6351
125746,119394,6352
125747,119395,6352
125749,119397,6352
125750,119398,6352
125752,119400,6352
125754,119402,6352
125756,119404,6352
125757,119405,6352
125759,119407,6352
125760,119408,6352
125762,119410,6352
125763,119411,6352
125764,119412,6352
125766,119414,6352
125767,119415,6352
125768,119416,6352
125769,119417,6352
125770,119418,6352
125772,119420,6352
125773,119421,6352
125774,119422,6352
125775,119423,6352
125776,119424,6352
125777,119425,6352
125778,119426,6352
125779,119427,6352
125780,119428,6352
125782,119430,6352
125783,119431,6352
125784,119432,6352
125785,119433,6352
125786,119434,6352
125787,119435,6352
125788,119436,6352
125789,119437,6352
125790,119438,6352
125792,119440,6352
125793,119441,6352
125794,119442,6352
125795,119443,6352
125796,119444,6352
125797,119445,6352
125798,119446,6352
125799,119447,6352
125800,119448,6352
125802,119450,6352
125803,119451,6352
125804,119452,6352
125805,119453,6352
125806,119454,6352
125807,119455,6352
125808,119456,6352
125809,119457,6352
125810,119458,6352
125812,119460,6352
125813,119461,6352
125814,119462,6352
125815,119463,6352
125816,119464,6352
125817,119465,6352
125818,119466,6352
125819,119467,6352
125820,119468,6352
125822,119470,6352
125823,119471,6352
125824,119472,6352
125825,119473,6352
125826,119474,6352
125827,119475,6352
125828,119476,6352
125829,119477,6352
125830,119478,6352
125832,119480,6352
125833,119481,6352
125834,119482,6352
125835,119483,6352
125836,119484,6352
125837,119485,6352
125838,119486,6352
125839,119487,6352
125840,119488,6352
125842,119490,6352
125843,119491,6352
125844,119492,6352
125845,119493,6352
125846,119494,6352
125847,119495,6352
125848,119496,6352
125849,119497,6352
125850,119498,6352
125852,119500,6352
125853,119501,6352
125854,119502,6352
125855,119503,6352
125856,119504,6352
125857,119505,6352
125858,119506,6352
125859,119507,6352
125860,119508,6352
125862,119510,6352
125863,119511,6352
125864,119512,6352
125865,119513,6352
125866,119514,6352
125867,119515,6352
125868,119516,6352
125869,119517,6352
125870,119518,6352
125872,119520,6352
125873,119521,6352
125874,119522,6352
125875,119523,6352
125876,119524,6352
125877,119525,6352
125878,119526,6352
125879,119527,6352
125880,119528,6352
125882,119530,6352
125883,119531,6352
125885,119532,6353
125886,119533,6353
125887,119534,6353
125888,119535,6353
125889,119536,6353
125890,119537,6353
125891,119538,6353
125893,119540,6353
125894,119541,6353
125895,119542,6353
125896,119543,6353
125897,119544,6353
125898,119545,6353
125899,119546,6353
125900,119547,6353
125901,119548,6353
125903,119550,6353
125904,119551,6353
125905,119552,6353
125906,119553,6353
125907,119554,6353
125908,119555,6353
125909,119556,6353
125910,119557,6353
125911,119558,6353
125913,119560,6353
125914,119561,6353
125915,119562,6353
125916,119563,6353
125917,119564,6353
125918,119565,6353
125919,119566,6353
125920,119567,6353
125921,119568,6353
125923,119570,6353
125924,119571,6353
125925,119572,6353
125926,119573,6353
125927,119574,6353
125928,119575,6353
125929,119576,6353
125930,119577,6353
125931,119578,6353
125933,119580,6353
125934,119581,6353
125935,119582,6353
125936,119583,6353
125937,119584,6353
125938,119585,6353
125939,119586,6353
125940,119587,6353
125941,119588,6353
125943,119590,6353
125944,119591,6353
125945,119592,6353
125946,119593,6353
125947,119594,6353
125948,119595,6353
125949,119596,6353
125950,119597,6353
125951,119598,6353
125953,119600,6353
125954,119601,6353
125955,119602,6353
125956,119603,6353
125957,119604,6353
125958,119605,6353
125960,119607,6353
125962,119609,6353
125963,119610,6353
125964,119611,6353
125966,119613,6353
125968,119615,6353
125969,119616,6353
125970,119617,6353
125972,119619,6353
125973,119620,6353
125974,119621,6353
125975,119622,6353
125977,119624,6353
125978,119625,6353
125979,119626,6353
125980,119627,6353
125982,119629,6353
125984,119631,6353
125985,119632,6353
125986,119633,6353
125988,119635,6353
125990,119637,6353
125991,119638,6353
125992,119639,6353
125994,119641,6353
125996,119643,6353
125997,119644,6353
125999,119646,6353
126001,119648,6353
126002,119649,6353
126004,119651,6353
126006,119653,6353
126008,119655,6353
126009,119656,6353
126010,119657,6353
126012,119659,6353
126014,119661,6353
126015,119662,6353
126017,119664,6353
126019,119666,6353
126020,119667,6353
126021,119668,6353
126023,119670,6353
126024,119671,6353
126026,119673,6353
126027,119674,6353
126028,119675,6353
126030,119677,6353
126032,119679,6353
126033,119680,6353
126035,119682,6353
126036,119683,6353
126038,119685,6353
126039,119686,6353
126041,119688,6353
126043,119690,6353
126045,119692,6353
126046,119693,6353
126048,119695,6353
126049,119696,6353
126051,119698,6353
126052,119699,6353
126054,119701,6353
126055,119702,6353
126056,119703,6353
126057,119704,6353
126058,119705,6353
126059,119706,6353
126060,119707,6353
126061,119708,6353
126062,119709,6353
126063,119710,6353
126064,119711,6353
126065,119712,6353
126066,119713,6353
126067,119714,6353
126068,119715,6353
126070,119717,6353
126071,119718,6353
126072,119719,6353
126073,119720,6353
126075,119722,6353
126076,119723,6353
126077,119724,6353
126079,119726,6353
126081,119728,6353
126082,119729,6353
126084,119731,6353
126086,119733,6353
126088,119735,6353
126089,119736,6353
126090,119737,6353
126091,119738,6353
126092,119739,6353
126093,119740,6353
126095,119742,6353
126096,119743,6353
126098,119745,6353
126100,119747,6353
126102,119749,6353
126103,119750,6353
126105,119752,6353
126106,119753,6353
126108,119755,6353
126109,119756,6353
126110,119757,6353
126111,119758,6353
126113,119760,6353
126115,119762,6353
126116,119763,6353
126117,119764,6353
126118,119765,6353
126120,119767,6353
126122,119769,6353
126123,119770,6353
126125,119772,6353
126126,119773,6353
126127,119774,6353
126128,119775,6353
126130,119777,6353
126131,119778,6353
126132,119779,6353
126133,119780,6353
126134,119781,6353
126136,119783,6353
126137,119784,6353
126138,119785,6353
126139,119786,6353
126141,119788,6353
126142,119789,6353
126143,119790,6353
126144,119791,6353
126145,119792,6353
126147,119794,6353
126149,119796,6353
126150,119797,6353
126152,119799,6353
126153,119800,6353
126154,119801,6353
126155,119802,6353
126156,119803,6353
126158,119805,6353
126160,119807,6353
126161,119808,6353
126162,119809,6353
126163,119810,6353
126164,119811,6353
126166,119813,6353
126168,119815,6353
126169,119816,6353
126170,119817,6353
126171,119818,6353
126173,119820,6353
126175,119822,6353
126176,119823,6353
126177,119824,6353
126178,119825,6353
126180,119827,6353
126181,119828,6353
126183,119830,6353
126185,119832,6353
126187,119834,6353
126188,119835,6353
126189,119836,6353
126190,119837,6353
126192,119839,6353
126193,119840,6353
126194,119841,6353
126195,119842,6353
126196,119843,6353
126197,119844,6353
126199,119846,6353
126200,119847,6353
126202,119849,6353
126204,119851,6353
126205,119852,6353
126206,119853,6353
126207,119854,6353
126209,119856,6353
126211,119858,6353
126212,119859,6353
126213,119860,6353
126214,119861,6353
126215,119862,6353
126216,119863,6353
126217,119864,6353
126218,119865,6353
126219,119866,6353
126220,119867,6353
126221,119868,6353
126223,119870,6353
126224,119871,6353
126226,119873,6353
126227,119874,6353
126228,119875,6353
126229,119876,6353
126230,119877,6353
126232,119879,6353
126233,119880,6353
126234,119881,6353
126235,119882,6353
126237,119884,6353
126239,119886,6353
126240,119887,6353
126241,119888,6353
126242,119889,6353
126243,119890,6353
126245,119892,6353
126246,119893,6353
126248,119895,6353
126249,119896,6353
126250,119897,6353
126251,119898,6353
126252,119899,6353
126254,119901,6353
126256,119903,6353
126258,119905,6353
126259,119906,6353
126260,119907,6353
126261,119908,6353
126263,119910,6353
126265,119912,6353
126267,119914,6353
126268,119915,6353
126269,119916,6353
126271,119918,6353
126273,119920,6353
126274,119921,6353
126275,119922,6353
126276,119923,6353
126278,119925,6353
126279,119926,6353
126280,119927,6353
126282,119929,6353
126283,119930,6353
126284,119931,6353
126285,119932,6353
126286,119933,6353
126288,119935,6353
126289,119936,6353
126290,119937,6353
126291,119938,6353
126292,119939,6353
126293,119940,6353
126295,119942,6353
126296,119943,6353
126298,119945,6353
126300,119947,6353
126301,119948,6353
126302,119949,6353
126303,119950,6353
126305,119952,6353
126307,119954,6353
126308,119955,6353
126309,119956,6353
126310,119957,6353
126311,119958,6353
126312,119959,6353
126313,119960,6353
126314,119961,6353
126315,119962,6353
126317,119964,6353
126318,119965,6353
126320,119967,6353
126321,119968,6353
126323,119970,6353
126324,119971,6353
126325,119972,6353
126326,119973,6353
126327,119974,6353
126329,119976,6353
126330,119977,6353
126331,119978,6353
126332,119979,6353
126334,119981,6353
126336,119983,6353
126337,119984,6353
126338,119985,6353
126339,119986,6353
126340,119987,6353
126342,119989,6353
126343,119990,6353
126345,119992,6353
126346,119993,6353
126347,119994,6353
126349,119996,6353
126350,119997,6353
126352,119999,6353
126354,120001,6353
126356,120003,6353
126357,120004,6353
126359,120006,6353
126360,120007,6353
126362,120009,6353
126364,120011,6353
126366,120013,6353
126367,120014,6353
126368,120015,6353
126370,120017,6353
126372,120019,6353
126373,120020,6353
126374,120021,6353
126375,120022,6353
126377,120024,6353
126378,120025,6353
126380,120026,6354
126382,120028,6354
126383,120029,6354
126384,120030,6354
126385,120031,6354
126386,120032,6354
126388,120034,6354
126389,120035,6354
126390,120036,6354
126391,120037,6354
126392,120038,6354
126393,120039,6354
126395,120041,6354
126396,120042,6354
126398,120044,6354
126399,120045,6354
126401,120047,6354
126402,120048,6354
126403,120049,6354
126404,120050,6354
126405,120051,6354
126406,120052,6354
126408,120054,6354
126409,120055,6354
126410,120056,6354
126412,120058,6354
126414,120060,6354
126415,120061,6354
126416,120062,6354
126417,120063,6354
126418,120064,6354
126420,120066,6354
126422,120068,6354
126423,120069,6354
126425,120071,6354
126426,120072,6354
126427,120073,6354
126429,120075,6354
126430,120076,6354
126432,120078,6354
126433,120079,6354
126435,120081,6354
126437,120083,6354
126439,120085,6354
126440,120086,6354
126441,120087,6354
126443,120089,6354
126445,120090,6355
126446,120091,6355
126447,120092,6355
126448,120093,6355
126449,120094,6355
126450,120095,6355
126451,120096,6355
126452,120097,6355
126454,120099,6355
126455,120100,6355
126456,120101,6355
126457,120102,6355
126458,120103,6355
126459,120104,6355
126460,120105,6355
126461,120106,6355
126462,120107,6355
126464,120109,6355
126465,120110,6355
126466,120111,6355
126467,120112,6355
126468,120113,6355
126469,120114,6355
126470,120115,6355
126471,120116,6355
126472,120117,6355
126474,120119,6355
126475,120120,6355
126476,120121,6355
126477,120122,6355
126478,120123,6355
126479,120124,6355
126480,120125,6355
126482,120127,6355
126484,120129,6355
126485,120130,6355
126486,120131,6355
126487,120132,6355
126489,120134,6355
126491,120136,6355
126493,120138,6355
126495,120140,6355
126496,120141,6355
126498,120143,6355
126499,120144,6355
126501,120146,6355
126502,120147,6355
126503,120148,6355
126504,120149,6355
126506,120151,6355
126508,120153,6355
126509,120154,6355
126510,120155,6355
126511,120156,6355
126512,120157,6355
126514,120159,6355
126516,120161,6355
126517,120162,6355
126519,120164,6355
126520,120165,6355
126521,120166,6355
126523,120168,6355
126525,120170,6355
126526,120171,6355
126527,120172,6355
126528,120173,6355
126529,120174,6355
126530,120175,6355
126531,120176,6355
126532,120177,6355
126533,120178,6355
126534,120179,6355
126535,120180,6355
126536,120181,6355
126537,120182,6355
126538,120183,6355
126540,120185,6355
126542,120187,6355
126543,120188,6355
126544,120189,6355
126545,120189,6356
126546,120190,6356
126547,120191,6356
126548,120192,6356
126550,120194,6356
126552,120196,6356
126553,120197,6356
126554,120198,6356
126556,120200,6356
126557,120201,6356
126558,120202,6356
126559,120203,6356
126560,120204,6356
126561,120205,6356
126563,120207,6356
126564,120208,6356
126565,120209,6356
126566,120210,6356
126567,120211,6356
126569,120213,6356
126570,120214,6356
126572,120216,6356
126573,120217,6356
126574,120218,6356
126575,120219,6356
126576,120220,6356
126578,120222,6356
126579,120223,6356
126580,120224,6356
126582,120225,6357
126583,120226,6357
126584,120227,6357
126586,120229,6357
126587,120230,6357
126588,120231,6357
126589,120232,6357
126591,120234,6357
126592,120235,6357
126593,120236,6357
126594,120237,6357
126595,120238,6357
126596,120239,6357
126597,120240,6357
126598,120241,6357
126599,120242,6357
126601,120244,6357
126602,120245,6357
126603,120246,6357
126604,120247,6357
126605,120248,6357
126606,120249,6357
126607,120250,6357
126609,120252,6357
126610,120253,6357
126611,120254,6357
126612,120255,6357
126614,120257,6357
126615,120258,6357
126617,120260,6357
126619,120262,6357
126620,120263,6357
126621,120264,6357
126622,120265,6357
126623,120266,6357
126625,120268,6357
126626,120269,6357
126627,120270,6357
126628,120271,6357
126630,120273,6357
126631,120274,6357
126632,120275,6357
126633,120276,6357
126634,120277,6357
126635,120278,6357
126636,120279,6357
126637,120280,6357
126638,120281,6357
126639,120282,6357
126640,120283,6357
126641,120284,6357
126643,120286,6357
126644,120287,6357
126646,120289,6357
126647,120290,6357
126648,120291,6357
126649,120292,6357
126650,120293,6357
126651,120294,6357
126652,120295,6357
126653,120296,6357
126654,120297,6357
126655,120298,6357
126656,120299,6357
126657,120300,6357
126659,120302,6357
126660,120303,6357
126662,120305,6357
126663,120306,6357
126664,120307,6357
126665,120308,6357
126666,120309,6357
126668,120311,6357
126669,120312,6357
126670,120313,6357
126672,120315,6357
126674,120317,6357
126676,120319,6357
126677,120320,6357
126678,120321,6357
126679,120322,6357
126681,120324,6357
126683,120326,6357
126684,120327,6357
126685,120328,6357
126686,120329,6357
126687,120330,6357
126689,120332,6357
126690,120333,6357
126691,120334,6357
126692,120335,6357
126693,120336,6357
126694,120337,6357
126696,120339,6357
126698,120341,6357
126699,120342,6357
126700,120343,6357
126701,120344,6357
126702,120345,6357
126703,120346,6357
126705,120348,6357
126707,120350,6357
126708,120351,6357
126709,120352,6357
126710,120353,6357
126711,120354,6357
126712,120355,6357
126713,120356,6357
126714,120357,6357
126715,120358,6357
126716,120359,6357
126717,120360,6357
126719,120362,6357
126720,120363,6357
126721,120364,6357
126722,120365,6357
126724,120367,6357
126725,120368,6357
126726,120369,6357
126728,120371,6357
126729,120372,6357
126730,120373,6357
126731,120374,6357
126732,120375,6357
126733,120376,6357
126734,120377,6357
126736,120379,6357
126737,120380,6357
126738,120381,6357
126739,120382,6357
126740,120383,6357
126742,120385,6357
126743,120386,6357
126744,120387,6357
126745,120388,6357
126746,120389,6357
126747,120390,6357
126749,120392,6357
126750,120393,6357
126751,120394,6357
126752,120395,6357
126754,120397,6357
126756,120399,6357
126757,120400,6357
126758,120401,6357
126759,120402,6357
126761,120404,6357
126762,120405,6357
126764,120407,6357
126765,120408,6357
126766,120409,6357
126767,120410,6357
126768,120411,6357
126769,120412,6357
126770,120413,6357
126771,120414,6357
126773,120416,6357
126774,120417,6357
126776,120419,6357
126777,120420,6357
126779,120422,6357
126781,120424,6357
126783,120426,6357
126784,120427,6357
126786,120429,6357
126787,120430,6357
126789,120432,6357
126791,120434,6357
126792,120435,6357
126793,120436,6357
126795,120438,6357
126796,120439,6357
126798,120441,6357
126799,120442,6357
126800,120443,6357
126801,120444,6357
126803,120446,6357
126804,120447,6357
126805,120448,6357
126807,120450,6357
126808,120451,6357
126810,120453,6357
126811,120454,6357
126812,120455,6357
126813,120456,6357
126814,120457,6357
126815,120458,6357
126817,120460,6357
126818,120461,6357
126819,120462,6357
126820,120463,6357
126821,120464,6357
126822,120465,6357
126824,120467,6357
126825,120468,6357
126826,120469,6357
126828,120471,6357
126829,120472,6357
126830,120473,6357
126831,120474,6357
126832,120475,6357
126833,120476,6357
126835,120477,6358
126836,120478,6358
126837,120479,6358
126839,120481,6358
126840,120482,6358
126841,120483,6358
126842,120484,6358
126844,120486,6358
126845,120487,6358
126847,120488,6359
126848,120489,6359
126849,120490,6359
126851,120492,6359
126852,120493,6359
126853,120494,6359
126854,120495,6359
126855,120496,6359
126857,120498,6359
126858,120499,6359
126859,120500,6359
126860,120501,6359
126862,120503,6359
126863,120504,6359
126864,120505,6359
126865,120505,6360
126866,120506,6360
126867,120507,6360
126869,120509,6360
126870,120510,6360
126871,120511,6360
126872,120512,6360
126873,120513,6360
126875,120515,6360
126876,120516,6360
126877,120517,6360
126879,120519,6360
126880,120520,6360
126881,120520,6361
126882,120521,6361
126883,120522,6361
126885,120524,6361
126886,120525,6361
126888,120527,6361
126889,120528,6361
126891,120530,6361
126892,120531,6361
126893,120532,6361
126895,120534,6361
126896,120535,6361
126897,120536,6361
126898,120537,6361
126900,120539,6361
126901,120540,6361
126902,120541,6361
126903,120542,6361
126905,120544,6361
126906,120545,6361
126907,120546,6361
126908,120547,6361
126910,120549,6361
126911,120550,6361
126912,120551,6361
126913,120552,6361
126915,120554,6361
126917,120556,6361
126918,120557,6361
126920,120559,6361
126921,120560,6361
126922,120561,6361
126923,120562,6361
126924,120563,6361
126926,120565,6361
126927,120566,6361
126928,120567,6361
126929,120568,6361
126930,120569,6361
126931,120570,6361
126932,120571,6361
126934,120573,6361
126935,120574,6361
126936,120575,6361
126937,120576,6361
126938,120577,6361
126940,120579,6361
126942,120581,6361
126943,120582,6361
126945,120584,6361
126946,120585,6361
126948,120587,6361
126950,120589,6361
126951,120590,6361
126952,120591,6361
126953,120592,6361
126954,120593,6361
126956,120595,6361
126957,120596,6361
126959,120598,6361
126960,120599,6361
126961,120600,6361
126963,120602,6361
126964,120603,6361
126966,120605,6361
126967,120606,6361
126969,120608,6361
126970,120609,6361
126972,120611,6361
126973,120612,6361
126975,120614,6361
126976,120615,6361
126977,120616,6361
126978,120617,6361
126979,120618,6361
126981,120620,6361
126982,120620,6362
126983,120621,6362
126985,120623,6362
126986,120624,6362
126988,120626,6362
126990,120628,6362
126992,120630,6362
126993,120631,6362
126995,120633,6362
126996,120634,6362
126998,120636,6362
126999,120637,6362
127000,120638,6362
127002,120640,6362
127003,120641,6362
127004,120642,6362
127005,120643,6362
127006,120644,6362
127008,120646,6362
127009,120647,6362
127010,120648,6362
127011,120649,6362
127012,120650,6362
127013,120651,6362
127014,120652,6362
127015,120653,6362
127016,120654,6362
127018,120656,6362
127019,120657,6362
127020,120658,6362
127021,120659,6362
127022,120660,6362
127023,120661,6362
127024,120662,6362
127025,120663,6362
127026,120664,6362
127028,120666,6362
127029,120667,6362
127030,120668,6362
127031,120669,6362
127032,120670,6362
127033,120671,6362
127034,120672,6362
127035,120673,6362
127036,120674,6362
127038,120676,6362
127039,120677,6362
127040,120678,6362
127041,120679,6362
127042,120680,6362
127043,120681,6362
127044,120682,6362
127045,120683,6362
127046,120684,6362
127048,120686,6362
127049,120687,6362
127050,120688,6362
127051,120689,6362
127052,120690,6362
127053,120691,6362
127054,120692,6362
127055,120693,6362
127056,120694,6362
127058,120696,6362
127059,120697,6362
127060,120698,6362
127061,120699,6362
127062,120700,6362
127063,120701,6362
127064,120702,6362
127065,120703,6362
127066,120704,6362
127068,120706,6362
127069,120707,6362
127070,120708,6362
127071,120709,6362
127072,120710,6362
127073,120711,6362
127074,120712,6362
127075,120713,6362
127076,120714,6362
127078,120716,6362
127079,120717,6362
127080,120718,6362
127081,120719,6362
127082,120720,6362
127083,120721,6362
127084,120722,6362
127085,120723,6362
127086,120724,6362
127088,120726,6362
127089,120727,6362
127090,120728,6362
127091,120729,6362
127092,120730,6362
127093,120731,6362
127095,120733,6362
127097,120735,6362
127098,120736,6362
127099,120737,6362
127101,120739,6362
127103,120741,6362
127104,120742,6362
127105,120743,6362
127107,120745,6362
127108,120746,6362
127109,120747,6362
127110,120748,6362
127112,120750,6362
127113,120751,6362
127114,120752,6362
127115,120753,6362
127117,120755,6362
127119,120757,6362
127120,120758,6362
127121,120759,6362
127123,120761,6362
127125,120763,6362
127126,120764,6362
127127,120765,6362
127129,120767,6362
127131,120769,6362
127132,120770,6362
127134,120772,6362
127136,120774,6362
127137,120775,6362
127139,120777,6362
127141,120779,6362
127143,120781,6362
127144,120782,6362
127145,120783,6362
127147,120785,6362
127149,120787,6362
127150,120788,6362
127152,120790,6362
127154,120792,6362
127155,120793,6362
127156,120794,6362
127158,120796,6362
127159,120797,6362
127161,120799,6362
127162,120800,6362
127163,120801,6362
127165,120803,6362
127167,120805,6362
127168,120806,6362
127170,120808,6362
127171,120809,6362
127173,120811,6362
127174,120812,6362
127176,120814,6362
127178,120816,6362
127180,120818,6362
127181,120819,6362
127183,120821,6362
127184,120822,6362
127186,120824,6362
127187,120825,6362
127189,120827,6362
127190,120828,6362
127191,120829,6362
127192,120830,6362
127193,120831,6362
127194,120832,6362
127195,120833,6362
127196,120834,6362
127197,120835,6362
127198,120836,6362
127199,120837,6362
127200,120838,6362
127201,120839,6362
127202,120840,6362
127203,120841,6362
127205,120843,6362
127206,120844,6362
127207,120845,6362
127208,120846,6362
127210,120848,6362
127211,120849,6362
127212,120850,6362
127214,120852,6362
127216,120854,6362
127217,120855,6362
127219,120857,6362
127221,120859,6362
127223,120861,6362
127224,120862,6362
127225,120863,6362
127226,120864,6362
127227,120865,6362
127228,120866,6362
127230,120868,6362
127231,120869,6362
127233,120871,6362
127235,120873,6362
127237,120875,6362
127238,120876,6362
127240,120878,6362
127241,120879,6362
127243,120881,6362
127244,120882,6362
127245,120883,6362
127246,120884,6362
127248,120886,6362
127250,120888,6362
127251,120889,6362
127252,120890,6362
127253,120891,6362
127255,120893,6362
127257,120895,6362
127258,120896,6362
127260,120898,6362
127261,120899,6362
127262,120900,6362
127263,120901,6362
127265,120903,6362
127266,120904,6362
127267,120905,6362
127268,120906,6362
127269,120907,6362
127271,120909,6362
127272,120910,6362
127273,120911,6362
127274,120912,6362
127276,120914,6362
127277,120915,6362
127278,120916,6362
127279,120917,6362
127280,120918,6362
127282,120920,6362
127284,120922,6362
127285,120923,6362
127287,120925,6362
127288,120926,6362
127289,120927,6362
127290,120928,6362
127291,120929,6362
127293,120931,6362
127295,120933,6362
127296,120934,6362
127297,120935,6362
127298,120936,6362
127299,120937,6362
127301,120939,6362
127303,120941,6362
127304,120942,6362
127305,120943,6362
127306,120944,6362
127308,120946,6362
127310,120948,6362
127311,120949,6362
127312,120950,6362
127313,120951,6362
127315,120953,6362
127316,120954,6362
127318,120956,6362
127320,120958,6362
127322,120960,6362
127323,120961,6362
127324,120962,6362
127325,120963,6362
127327,120965,6362
127328,120966,6362
127329,120967,6362
127330,120968,6362
127331,120969,6362
127332,120970,6362
127334,120972,6362
127335,120973,6362
127337,120975,6362
127339,120977,6362
127340,120978,6362
127341,120979,6362
127342,120980,6362
127344,120982,6362
127346,120984,6362
127347,120985,6362
127348,120986,6362
127349,120987,6362
127350,120988,6362
127351,120989,6362
127352,120990,6362
127353,120991,6362
127354,120992,6362
127355,120993,6362
127356,120994,6362
127358,120996,6362
127359,120997,6362
127361,120999,6362
127362,121000,6362
127363,121001,6362
127364,121002,6362
127365,121003,6362
127367,121005,6362
127368,121006,6362
127369,121007,6362
127370,121008,6362
127372,121010,6362
127374,121012,6362
127375,121013,6362
127376,121014,6362
127377,121015,6362
127378,121016,6362
127380,121018,6362
127381,121019,6362
127383,121021,6362
127384,121022,6362
127385,121023,6362
127386,121024,6362
127387,121025,6362
127389,121027,6362
127391,121029,6362
127393,121031,6362
127394,121032,6362
127395,121033,6362
127396,121034,6362
127398,121036,6362
127400,121038,6362
127402,121040,6362
127403,121041,6362
127404,121042,6362
127406,121044,6362
127408,121046,6362
127409,121047,6362
127410,121048,6362
127411,121049,6362
127413,121051,6362
127414,121052,6362
127415,121053,6362
127417,121055,6362
127418,121056,6362
127419,121057,6362
127420,121058,6362
127421,121059,6362
127423,121061,6362
127424,121062,6362
127425,121063,6362
127426,121064,6362
127427,121065,6362
127428,121066,6362
127430,121068,6362
127431,121069,6362
127433,121071,6362
127435,121073,6362
127436,121074,6362
127437,121075,6362
127438,121076,6362
127440,121078,6362
127442,121080,6362
127443,121081,6362
127444,121082,6362
127445,121083,6362
127446,121084,6362
127447,121085,6362
127448,121086,6362
127449,121087,6362
127450,121088,6362
127452,121090,6362
127453,121091,6362
127455,121093,6362
127456,121094,6362
127458,121096,6362
127459,121097,6362
127460,121098,6362
127461,121099,6362
127462,121100,6362
127464,121102,6362
127465,121103,6362
127466,121104,6362
127467,121105,6362
127469,121107,6362
127471,121109,6362
127472,121110,6362
127473,121111,6362
127474,121112,6362
127475,121113,6362
127477,121115,6362
127478,121116,6362
127480,121118,6362
127481,121119,6362
127482,121120,6362
127484,121122,6362
127485,121123,6362
127487,121125,6362
127489,121127,6362
127491,121129,6362
127492,121130,6362
127494,121132,6362
127495,121133,6362
127497,121135,6362
127499,121137,6362
127501,121139,6362
127502,121140,6362
127503,121141,6362
127505,121143,6362
127507,121145,6362
127508,121146,6362
127509,121147,6362
127510,121148,6362
127512,121150,6362
127513,121151,6362
127515,121153,6362
127517,121155,6362
127518,121156,6362
127519,121157,6362
127520,121158,6362
127521,121159,6362
127523,121161,6362
127524,121162,6362
127525,121163,6362
127526,121164,6362
127527,121165,6362
127528,121166,6362
127530,121168,6362
127531,121169,6362
127533,121171,6362
127534,121172,6362
127536,121174,6362
127537,121175,6362
127538,121176,6362
127539,121177,6362
127540,121178,6362
127541,121178,6363
127543,121180,6363
127544,121181,6363
127545,121182,6363
127547,121184,6363
127549,121186,6363
127550,121187,6363
127551,121188,6363
127552,121189,6363
127553,121190,6363
127555,121192,6363
127557,121194,6363
127558,121195,6363
127560,121197,6363
127561,121198,6363
127562,121199,6363
127564,121201,6363
127565,121202,6363
127567,121204,6363
127568,121205,6363
127570,121207,6363
127572,121209,6363
127574,121211,6363
127575,121212,6363
127576,121213,6363
127578,121215,6363
127580,121215,6365
127581,121216,6365
127582,121217,6365
127583,121218,6365
127584,121219,6365
127585,121220,6365
127586,121221,6365
127587,121222,6365
127589,121224,6365
127590,121225,6365
127591,121226,6365
127592,121227,6365
127593,121228,6365
127594,121229,6365
127595,121230,6365
127597,121232,6365
127599,121234,6365
127600,121235,6365
127601,121236,6365
127602,121237,6365
127604,121239,6365
127606,121241,6365
127608,121243,6365
127610,121245,6365
127611,121246,6365
127613,121248,6365
127614,121249,6365
127616,121251,6365
127617,121252,6365
127618,121253,6365
127619,121254,6365
127621,121256,6365
127623,121258,6365
127624,121259,6365
127625,121260,6365
127626,121261,6365
127627,121262,6365
127629,121264,6365
127631,121266,6365
127632,121267,6365
127634,121269,6365
127635,121270,6365
127636,121271,6365
127638,121273,6365
127640,121275,6365
127641,121276,6365
127642,121277,6365
127643,121278,6365
127644,121279,6365
127645,121280,6365
127646,121281,6365
127647,121282,6365
127648,121283,6365
127649,121284,6365
127650,121285,6365
127651,121286,6365
127652,121287,6365
127653,121288,6365
127655,121290,6365
127657,121292,6365
127658,121293,6365
127659,121294,6365
127660,121294,6366
127661,121295,6366
127662,121296,6366
127663,121297,6366
127665,121299,6366
127667,121301,6366
127668,121302,6366
127669,121303,6366
127671,121305,6366
127672,121306,6366
127673,121307,6366
127674,121308,6366
127675,121309,6366
127676,121310,6366
127678,121312,6366
127679,121313,6366
127680,121314,6366
127681,121315,6366
127682,121316,6366
127684,121318,6366
127685,121319,6366
127687,121321,6366
127688,121322,6366
127689,121323,6366
127690,121324,6366
127691,121325,6366
127693,121327,6366
127694,121328,6366
127695,121329,6366
127696,121330,6366
127697,121331,6366
127698,121332,6366
127700,121334,6366
127701,121335,6366
127702,121336,6366
127703,121337,6366
127705,121339,6366
127706,121340,6366
127707,121341,6366
127708,121342,6366
127709,121343,6366
127710,121344,6366
127711,121345,6366
127712,121346,6366
127713,121347,6366
127715,121349,6366
127716,121350,6366
127717,121351,6366
127718,121352,6366
127719,121353,6366
127720,121354,6366
127721,121355,6366
127723,121357,6366
127724,121358,6366
127725,121359,6366
127726,121360,6366
127728,121362,6366
127729,121363,6366
127731,121365,6366
127733,121367,6366
127734,121368,6366
127735,121369,6366
127736,121370,6366
127737,121371,6366
127739,121373,6366
127740,121374,6366
127741,121375,6366
127742,121376,6366
127744,121378,6366
127745,121379,6366
127746,121380,6366
127747,121381,6366
127748,121382,6366
127749,121383,6366
127750,121384,6366
127751,121385,6366
127752,121386,6366
127753,121387,6366
127754,121388,6366
127755,121389,6366
127757,121391,6366
127758,121392,6366
127760,121394,6366
127761,121395,6366
127762,121396,6366
127763,121397,6366
127764,121398,6366
127765,121399,6366
127766,121400,6366
127767,121401,6366
127768,121402,6366
127769,121403,6366
127770,121404,6366
127771,121405,6366
127773,121407,6366
127774,121408,6366
127776,121410,6366
127777,121411,6366
127778,121412,6366
127779,121413,6366
127780,121414,6366
127782,121416,6366
127783,121417,6366
127784,121418,6366
127786,121420,6366
127788,121422,6366
127790,121424,6366
127791,121425,6366
127792,121426,6366
127793,121427,6366
127795,121429,6366
127797,121431,6366
127798,121432,6366
127799,121433,6366
127800,121434,6366
127801,121435,6366
127803,121437,6366
127804,121438,6366
127805,121439,6366
127806,121440,6366
127807,121441,6366
127808,121442,6366
127810,121444,6366
127812,121446,6366
127813,121447,6366
127814,121448,6366
127815,121449,6366
127816,121450,6366
127817,121451,6366
127819,121453,6366
127821,121455,6366
127822,121456,6366
127823,121457,6366
127824,121458,6366
127825,121459,6366
127826,121460,6366
127827,121461,6366
127828,121462,6366
127829,121463,6366
127830,121464,6366
127831,121465,6366
127833,121467,6366
127834,121468,6366
127835,121469,6366
127836,121470,6366
127838,121472,6366
127839,121473,6366
127840,121474,6366
127842,121476,6366
127843,121477,6366
127844,121478,6366
127845,121479,6366
127846,121480,6366
127847,121481,6366
127848,121482,6366
127850,121484,6366
127851,121485,6366
127852,121486,6366
127853,121487,6366
127854,121488,6366
127856,121490,6366
127857,121491,6366
127858,121492,6366
127859,121493,6366
127860,121494,6366
127861,121495,6366
127863,121497,6366
127864,121498,6366
127865,121499,6366
127866,121500,6366
127868,121502,6366
127870,121504,6366
127871,121505,6366
127872,121506,6366
127873,121507,6366
127875,121509,6366
127876,121510,6366
127878,121512,6366
127879,121513,6366
127880,121514,6366
127881,121515,6366
127882,121516,6366
127883,121517,6366
127884,121518,6366
127885,121519,6366
127887,121521,6366
127888,121522,6366
127890,121524,6366
127891,121525,6366
127893,121527,6366
127895,121529,6366
127897,121531,6366
127898,121532,6366
127900,121534,6366
127901,121535,6366
127903,121537,6366
127905,121539,6366
127906,121540,6366
127907,121541,6366
127909,121543,6366
127910,121544,6366
127912,121546,6366
127913,121547,6366
127914,121548,6366
127915,121549,6366
127917,121551,6366
127918,121552,6366
127919,121553,6366
127921,121555,6366
127922,121556,6366
127924,121558,6366
127925,121559,6366
127926,121560,6366
127927,121561,6366
127928,121562,6366
127929,121563,6366
127931,121565,6366
127932,121566,6366
127933,121567,6366
127934,121568,6366
127935,121569,6366
127936,121570,6366
127938,121572,6366
127939,121573,6366
127940,121574,6366
127942,121576,6366
127943,121577,6366
127944,121578,6366
127945,121579,6366
127946,121580,6366
127947,121581,6366
127948,121582,6366
127949,121583,6366
127951,121584,6367
127953,121586,6367
127954,121587,6367
127955,121588,6367
127956,121589,6367
127958,121591,6367
127959,121592,6367
127960,121592,6368
127961,121593,6368
127962,121594,6368
127964,121596,6368
127965,121597,6368
127966,121598,6368
127967,121599,6368
127968,121600,6368
127970,121602,6368
127971,121603,6368
127973,121605,6368
127974,121606,6368
127976,121608,6368
127977,121609,6368
127978,121610,6368
127980,121610,6370
127981,121611,6370
127982,121612,6370
127984,121614,6370
127985,121615,6370
127986,121616,6370
127987,121617,6370
127988,121618,6370
127990,121620,6370
127991,121621,6370
127992,121622,6370
127994,121624,6370
127995,121625,6370
127996,121625,6371
127997,121626,6371
127998,121627,6371
128000,121629,6371
128001,121630,6371
128003,121632,6371
128004,121633,6371
128006,121635,6371
128007,121636,6371
128008,121637,6371
128010,121639,6371
128011,121640,6371
128012,121641,6371
128013,121642,6371
128015,121644,6371
128016,121645,6371
128017,121646,6371
128018,121647,6371
128020,121649,6371
128021,121650,6371
128022,121651,6371
128023,121652,6371
128025,121654,6371
128026,121655,6371
128027,121656,6371
128028,121657,6371
128030,121659,6371
128032,121661,6371
128033,121662,6371
128035,121664,6371
128036,121665,6371
128037,121666,6371
128038,121667,6371
128039,121668,6371
128041,121670,6371
128042,121671,6371
128043,121672,6371
128044,121673,6371
128045,121674,6371
128046,121675,6371
128047,121676,6371
128049,121678,6371
128050,121679,6371
128051,121680,6371
128052,121681,6371
128053,121682,6371
128055,121684,6371
128057,121686,6371
128058,121687,6371
128060,121689,6371
128061,121690,6371
128063,121692,6371
128065,121694,6371
128066,121695,6371
128067,121696,6371
128068,121697,6371
128069,121698,6371
128071,121700,6371
128072,121701,6371
128074,121703,6371
128075,121704,6371
128076,121705,6371
128078,121707,6371
128079,121708,6371
128081,121710,6371
128082,121711,6371
128084,121713,6371
128085,121714,6371
128087,121716,6371
128088,121717,6371
128090,121719,6371
128091,121720,6371
128092,121721,6371
128093,121722,6371
128094,121723,6371
128096,121725,6371
128097,121725,6372
128098,121726,6372
128100,121728,6372
128101,121729,6372
128103,121731,6372
128105,121733,6372
128107,121735,6372
128108,121736,6372
128110,121738,6372
128111,121739,6372
128113,121741,6372
128114,121742,6372
128115,121743,6372
128117,121745,6372
128118,121746,6372
128119,121747,6372
128120,121748,6372
128121,121749,6372
128123,121751,6372
128124,121752,6372
128125,121753,6372
128126,121754,6372
128127,121755,6372
128128,121756,6372
128129,121757,6372
128130,121758,6372
128131,121759,6372
128133,121761,6372
128134,121762,6372
128135,121763,6372
128136,121764,6372
128137,121765,6372
128138,121766,6372
128139,121767,6372
128140,121768,6372
128141,121769,6372
128143,121771,6372
128144,121772,6372
128145,121773,6372
128146,121774,6372
128147,121775,6372
128148,121776,6372
128149,121777,6372
128150,121778,6372
128151,121779,6372
128153,121781,6372
128154,121782,6372
128155,121783,6372
128156,121784,6372
128157,121785,6372
128158,121786,6372
128159,121787,6372
128160,121788,6372
128161,121789,6372
128163,121791,6372
128164,121792,6372
128165,121793,6372
128166,121794,6372
128167,121795,6372
128168,121796,6372
128169,121797,6372
128170,121798,6372
128171,121799,6372
128173,121801,6372
128174,121802,6372
128175,121803,6372
128176,121804,6372
128177,121805,6372
128178,121806,6372
128179,121807,6372
128180,121808,6372
128181,121809,6372
128183,121811,6372
128184,121812,6372
128185,121813,6372
128186,121814,6372
128187,121815,6372
128188,121816,6372
128189,121817,6372
128190,121818,6372
128191,121819,6372
128193,121821,6372
128194,121822,6372
128195,121823,6372
128196,121824,6372
128197,121825,6372
128198,121826,6372
128199,121827,6372
128200,121828,6372
128201,121829,6372
128203,121831,6372
128204,121832,6372
128205,121833,6372
128206,121834,6372
128207,121835,6372
128208,121836,6372
128209,121837,6372
128210,121838,6372
128211,121839,6372
128213,121841,6372
128214,121842,6372
128215,121843,6372
128216,121844,6372
128217,121845,6372
128218,121846,6372
128219,121847,6372
128220,121848,6372
128221,121849,6372
128223,121851,6372
128224,121852,6372
128225,121853,6372
128226,121854,6372
128227,121855,6372
128228,121856,6372
128229,121857,6372
128230,121858,6372
128231,121859,6372
128233,121861,6372
128234,121862,6372
128235,121863,6372
128236,121864,6372
128237,121865,6372
128238,121866,6372
128239,121867,6372
128240,121868,6372
128241,121869,6372
128243,121871,6372
128244,121872,6372
128245,121873,6372
128246,121874,6372
128247,121875,6372
128248,121876,6372
128249,121877,6372
128250,121878,6372
128251,121879,6372
128253,121881,6372
128254,121882,6372
128256,121883,6373
128257,121884,6373
128258,121885,6373
128259,121886,6373
128260,121887,6373
128261,121888,6373
128262,121889,6373
128264,121891,6373
128265,121892,6373
128266,121893,6373
128267,121894,6373
128268,121895,6373
128269,121896,6373
128270,121897,6373
128271,121898,6373
128272,121899,6373
128274,121901,6373
128275,121902,6373
128276,121903,6373
128277,121904,6373
128278,121905,6373
128279,121906,6373
128280,121907,6373
128281,121908,6373
128282,121909,6373
128284,121911,6373
128285,121912,6373
128286,121913,6373
128287,121914,6373
128288,121915,6373
128289,121916,6373
128290,121917,6373
128291,121918,6373
128292,121919,6373
128294,121921,6373
128295,121922,6373
128296,121923,6373
128297,121924,6373
128298,121925,6373
128299,121926,6373
128300,121927,6373
128301,121928,6373
128302,121929,6373
128304,121931,6373
128305,121932,6373
128306,121933,6373
128307,121934,6373
128308,121935,6373
128309,121936,6373
128310,121937,6373
128311,121938,6373
128312,121939,6373
128314,121941,6373
128315,121942,6373
128316,121943,6373
128317,121944,6373
128318,121945,6373
128319,121946,6373
128320,121947,6373
128321,121948,6373
128322,121949,6373
128324,121951,6373
128325,121952,6373
128326,121953,6373
128327,121954,6373
128328,121955,6373
128329,121956,6373
128330,121957,6373
128331,121958,6373
128332,121959,6373
128334,121961,6373
128335,121962,6373
128336,121963,6373
128337,121964,6373
128338,121965,6373
128339,121966,6373
128340,121967,6373
128341,121968,6373
128342,121969,6373
128344,121971,6373
128345,121972,6373
128346,121973,6373
128347,121974,6373
128348,121975,6373
128349,121976,6373
128351,121978,6373
128353,121980,6373
128354,121981,6373
128355,121982,6373
128357,121984,6373
128359,121986,6373
128360,121987,6373
128361,121988,6373
128363,121990,6373
128364,121991,6373
128365,121992,6373
128366,121993,6373
128368,121995,6373
128369,121996,6373
128370,121997,6373
128371,121998,6373
128373,122000,6373
128375,122002,6373
128376,122003,6373
128377,122004,6373
128379,122006,6373
128381,122008,6373
128382,122009,6373
128383,122010,6373
128385,122012,6373
128387,122014,6373
128388,122015,6373
128390,122017,6373
128392,122019,6373
128393,122020,6373
128395,122022,6373
128397,122024,6373
128399,122026,6373
128400,122027,6373
128401,122028,6373
128403,122030,6373
128405,122032,6373
128406,122033,6373
128408,122035,6373
128410,122037,6373
128411,122038,6373
128412,122039,6373
128414,122041,6373
128415,122042,6373
128417,122044,6373
128418,122045,6373
128419,122046,6373
128421,122048,6373
128423,122050,6373
128424,122051,6373
128426,122053,6373
128427,122054,6373
128429,122056,6373
128430,122057,6373
128432,122059,6373
128434,122061,6373
128436,122063,6373
128437,122064,6373
128439,122066,6373
128440,122067,6373
128442,122069,6373
128443,122070,6373
128445,122072,6373
128446,122073,6373
128447,122074,6373
128448,122075,6373
128449,122076,6373
128450,122077,6373
128451,122078,6373
128452,122079,6373
128453,122080,6373
128454,122081,6373
128455,122082,6373
128456,122083,6373
128457,122084,6373
128458,122085,6373
128459,122086,6373
128461,122088,6373
128462,122089,6373
128463,122090,6373
128464,122091,6373
128466,122093,6373
128467,122094,6373
128468,122095,6373
128470,122097,6373
128472,122099,6373
128473,122100,6373
128475,122102,6373
128477,122104,6373
128479,122106,6373
128480,122107,6373
128481,122108,6373
128482,122109,6373
128483,122110,6373
128484,122111,6373
128486,122113,6373
128487,122114,6373
128489,122116,6373
128491,122118,6373
128493,122120,6373
128494,122121,6373
128496,122123,6373
128497,122124,6373
128499,122126,6373
128500,122127,6373
128501,122128,6373
128502,122129,6373
128504,122131,6373
128506,122133,6373
128507,122134,6373
128508,122135,6373
128509,122136,6373
128511,122138,6373
128513,122140,6373
128514,122141,6373
128516,122143,6373
128517,122144,6373
128518,122145,6373
128519,122146,6373
128521,122148,6373
128522,122149,6373
128523,122150,6373
128524,122151,6373
128525,122152,6373
128527,122154,6373
128528,122155,6373
128529,122156,6373
128530,122157,6373
128532,122159,6373
128533,122160,6373
128534,122161,6373
128535,122162,6373
128536,122163,6373
128538,122165,6373
128540,122167,6373
128541,122168,6373
128543,122170,6373
128544,122171,6373
128545,122172,6373
128546,122173,6373
128547,122174,6373
128549,122176,6373
128551,122178,6373
128552,122179,6373
128553,122180,6373
128554,122181,6373
128555,122182,6373
128557,122184,6373
128559,122186,6373
128560,122187,6373
128561,122188,6373
128562,122189,6373
128564,122191,6373
128566,122193,6373
128567,122194,6373
128568,122195,6373
128569,122196,6373
128571,122198,6373
128572,122199,6373
128574,122201,6373
128576,122203,6373
128578,122205,6373
128579,122206,6373
128580,122207,6373
128581,122208,6373
128583,122210,6373
128584,122211,6373
128585,122212,6373
128586,122213,6373
128587,122214,6373
128588,122215,6373
128590,122217,6373
128591,122218,6373
128593,122220,6373
128595,122222,6373
128596,122223,6373
128597,122224,6373
128598,122225,6373
128600,122227,6373
128602,122229,6373
128603,122230,6373
128604,122231,6373
128605,122232,6373
128606,122233,6373
128607,122234,6373
128608,122235,6373
128609,122236,6373
128610,122237,6373
128611,122238,6373
128612,122239,6373
128614,122241,6373
128615,122242,6373
128617,122244,6373
128618,122245,6373
128619,122246,6373
128620,122247,6373
128621,122248,6373
128623,122250,6373
128624,122251,6373
128625,122252,6373
128626,122253,6373
128628,122255,6373
128630,122257,6373
128631,122258,6373
128632,122259,6373
128633,122260,6373
128634,122261,6373
128636,122263,6373
128637,122264,6373
128639,122266,6373
128640,122267,6373
128641,122268,6373
128642,122269,6373
128643,122270,6373
128645,122272,6373
128647,122274,6373
128649,122276,6373
128650,122277,6373
128651,122278,6373
128652,122279,6373
128654,122281,6373
128656,122283,6373
128658,122285,6373
128659,122286,6373
128660,122287,6373
128662,122289,6373
128664,122291,6373
128665,122292,6373
128666,122293,6373
128667,122294,6373
128669,122296,6373
128670,122297,6373
128671,122298,6373
128673,122300,6373
128674,122301,6373
128675,122302,6373
128676,122303,6373
128677,122304,6373
128679,122306,6373
128680,122307,6373
128681,122308,6373
128682,122309,6373
128683,122310,6373
128684,122311,6373
128686,122313,6373
128687,122314,6373
128689,122316,6373
128691,122318,6373
128692,122319,6373
128693,122320,6373
128694,122321,6373
128696,122323,6373
128698,122325,6373
128699,122326,6373
128700,122327,6373
128701,122328,6373
128702,122329,6373
128703,122330,6373
128704,122331,6373
128705,122332,6373
128706,122333,6373
128708,122335,6373
128709,122336,6373
128711,122338,6373
128712,122339,6373
128714,122341,6373
128715,122342,6373
128716,122343,6373
128717,122344,6373
128718,122345,6373
128720,122347,6373
128721,122348,6373
128722,122349,6373
128723,122350,6373
128725,122352,6373
128727,122354,6373
128728,122355,6373
128729,122356,6373
128730,122357,6373
128731,122358,6373
128733,122360,6373
128734,122361,6373
128736,122363,6373
128737,122364,6373
128738,122365,6373
128740,122367,6373
128741,122368,6373
128743,122370,6373
128745,122372,6373
128747,122374,6373
128748,122375,6373
128750,122377,6373
128751,122378,6373
128753,122380,6373
128755,122382,6373
128757,122384,6373
128758,122385,6373
128759,122386,6373
128761,122388,6373
128763,122390,6373
128764,122391,6373
128765,122392,6373
128766,122393,6373
128768,122395,6373
128769,122396,6373
128771,122396,6375
128773,122398,6375
128774,122399,6375
128775,122400,6375
128776,122401,6375
128777,122402,6375
128779,122404,6375
128780,122405,6375
128781,122406,6375
128782,122407,6375
128783,122408,6375
128784,122409,6375
128786,122411,6375
128787,122412,6375
128789,122414,6375
128790,122415,6375
128792,122417,6375
128793,122418,6375
128794,122419,6375
128795,122420,6375
128796,122421,6375
128797,122421,6376
128799,122423,6376
128800,122424,6376
128801,122425,6376
128803,122427,6376
128805,122429,6376
128806,122430,6376
128807,122431,6376
128808,122432,6376
128809,122433,6376
128811,122435,6376
128813,122437,6376
128814,122438,6376
128816,122440,6376
128817,122441,6376
128818,122442,6376
128820,122444,6376
128821,122445,6376
128823,122447,6376
128824,122448,6376
128826,122450,6376
128828,122452,6376
128830,122454,6376
128831,122455,6376
128832,122456,6376
128834,122458,6376
128835,122458,6377
128836,122459,6377
128837,122460,6377
128838,122461,6377
128839,122462,6377
128840,122463,6377
128841,122464,6377
128842,122465,6377
128844,122467,6377
128845,122468,6377
128846,122469,6377
128847,122470,6377
128848,122471,6377
128849,122472,6377
128850,122473,6377
128852,122475,6377
128854,122477,6377
128855,122478,6377
128856,122479,6377
128857,122480,6377
128859,122482,6377
128861,122484,6377
128863,122486,6377
128865,122488,6377
128866,122489,6377
128868,122491,6377
128869,122492,6377
128871,122494,6377
128872,122495,6377
128873,122496,6377
128874,122497,6377
128876,122499,6377
128878,122501,6377
128879,122502,6377
128880,122503,6377
128881,122504,6377
128882,122505,6377
128884,122507,6377
128886,122509,6377
128887,122510,6377
128889,122512,6377
128890,122513,6377
128891,122514,6377
128893,122516,6377
128895,122518,6377
128896,122519,6377
128897,122520,6377
128898,122521,6377
128899,122522,6377
128900,122523,6377
128901,122524,6377
128902,122525,6377
128903,122526,6377
128904,122527,6377
128905,122528,6377
128906,122529,6377
128907,122530,6377
128908,122531,6377
128910,122533,6377
128912,122535,6377
128913,122536,6377
128914,122537,6377
128915,122537,6378
128916,122538,6378
128917,122539,6378
128918,122540,6378
128920,122542,6378
128922,122544,6378
128923,122545,6378
128924,122546,6378
128926,122548,6378
128927,122549,6378
128928,122550,6378
128929,122551,6378
128930,122552,6378
128931,122553,6378
128933,122555,6378
128934,122556,6378
128935,122557,6378
128936,122558,6378
128937,122559,6378
128939,122561,6378
128940,122562,6378
128942,122564,6378
128943,122565,6378
128944,122566,6378
128945,122567,6378
128946,122568,6378
128948,122570,6378
128949,122571,6378
128950,122572,6378
128952,122573,6379
128953,122574,6379
128954,122575,6379
128956,122577,6379
128957,122578,6379
128958,122579,6379
128959,122580,6379
128961,122582,6379
128962,122583,6379
128963,122584,6379
128964,122585,6379
128965,122586,6379
128966,122587,6379
128967,122588,6379
128968,122589,6379
128969,122590,6379
128971,122592,6379
128972,122593,6379
128973,122594,6379
128974,122595,6379
128975,122596,6379
128976,122597,6379
128977,122598,6379
128979,122600,6379
128980,122601,6379
128981,122602,6379
128982,122603,6379
128984,122605,6379
128985,122606,6379
128987,122608,6379
128989,122610,6379
128990,122611,6379
128991,122612,6379
128992,122613,6379
128993,122614,6379
128995,122616,6379
128996,122617,6379
128997,122618,6379
128998,122619,6379
129000,122621,6379
129001,122622,6379
129002,122623,6379
129003,122624,6379
129004,122625,6379
129005,122626,6379
129006,122627,6379
129007,122628,6379
129008,122629,6379
129009,122630,6379
129010,122631,6379
129011,122632,6379
129013,122634,6379
129014,122635,6379
129016,122637,6379
129017,122638,6379
129018,122639,6379
129019,122640,6379
129020,122641,6379
129021,122642,6379
129022,122643,6379
129023,122644,6379
129024,122645,6379
129025,122646,6379
129026,122647,6379
129027,122648,6379
129029,122650,6379
129030,122651,6379
129032,122653,6379
129033,122654,6379
129034,122655,6379
129035,122656,6379
129036,122657,6379
129038,122659,6379
129039,122660,6379
129040,122661,6379
129042,122663,6379
129044,122665,6379
129046,122667,6379
129047,122668,6379
129048,122669,6379
129049,122670,6379
129051,122672,6379
129053,122674,6379
129054,122675,6379
129055,122676,6379
129056,122677,6379
129057,122678,6379
129059,122680,6379
129060,122681,6379
129061,122682,6379
129063,122684,6379
129064,122685,6379
129065,122686,6379
129067,122688,6379
129069,122690,6379
129070,122691,6379
129071,122692,6379
129072,122693,6379
129073,122694,6379
129074,122695,6379
129076,122697,6379
129078,122699,6379
129079,122700,6379
129080,122701,6379
129081,122702,6379
129082,122703,6379
129083,122704,6379
129084,122705,6379
129085,122706,6379
129086,122707,6379
129087,122708,6379
129088,122709,6379
129090,122711,6379
129091,122712,6379
129092,122713,6379
129093,122714,6379
129095,122716,6379
129096,122717,6379
129097,122718,6379
129099,122720,6379
129100,122721,6379
129101,122722,6379
129102,122723,6379
129103,122724,6379
129104,122725,6379
129105,122726,6379
129107,122728,6379
129108,122729,6379
129109,122730,6379
129110,122731,6379
129111,122732,6379
129113,122734,6379
129114,122735,6379
129115,122736,6379
129116,122737,6379
129117,122738,6379
129118,122739,6379
129120,122741,6379
129121,122742,6379
129122,122743,6379
129123,122744,6379
129125,122746,6379
129127,122748,6379
129128,122749,6379
129129,122750,6379
129130,122751,6379
129132,122753,6379
129133,122754,6379
129135,122756,6379
129136,122757,6379
129137,122758,6379
129138,122759,6379
129139,122760,6379
129140,122761,6379
129141,122762,6379
129142,122763,6379
129144,122765,6379
129145,122766,6379
129147,122768,6379
129148,122769,6379
129150,122771,6379
129152,122773,6379
129154,122775,6379
129155,122776,6379
129157,122778,6379
129158,122779,6379
129160,122781,6379
129162,122783,6379
129163,122784,6379
129164,122785,6379
129166,122787,6379
129167,122788,6379
129169,122790,6379
129170,122791,6379
129171,122792,6379
129172,122793,6379
129174,122795,6379
129175,122796,6379
129176,122797,6379
129178,122799,6379
129179,122800,6379
129181,122802,6379
129182,122803,6379
129183,122804,6379
129184,122805,6379
129185,122806,6379
129186,122807,6379
129188,122809,6379
129189,122810,6379
129190,122811,6379
129191,122812,6379
129192,122813,6379
129193,122814,6379
129195,122816,6379
129196,122817,6379
129197,122818,6379
129199,122820,6379
129200,122821,6379
129201,122822,6379
129202,122823,6379
129203,122824,6379
129204,122825,6379
129206,122826,6380
129207,122827,6380
129208,122828,6380
129210,122830,6380
129211,122831,6380
129212,122832,6380
129213,122833,6380
129215,122835,6380
129216,122836,6380
129218,122837,6381
129219,122838,6381
129220,122839,6381
129222,122841,6381
129223,122842,6381
129224,122843,6381
129225,122844,6381
129226,122845,6381
129228,122847,6381
129229,122848,6381
129230,122849,6381
129231,122850,6381
129233,122852,6381
129234,122853,6381
129235,122854,6381
129236,122855,6381
129237,122856,6381
129238,122857,6381
129240,122859,6381
129241,122860,6381
129242,122861,6381
129243,122862,6381
129244,122863,6381
129246,122865,6381
129247,122866,6381
129248,122867,6381
129250,122869,6381
129251,122870,6381
129252,122870,6382
129253,122871,6382
129254,122872,6382
129256,122874,6382
129257,122875,6382
129259,122877,6382
129260,122878,6382
129262,122880,6382
129263,122881,6382
129264,122882,6382
129266,122884,6382
129267,122885,6382
129268,122886,6382
129269,122887,6382
129271,122889,6382
129272,122890,6382
129273,122891,6382
129274,122892,6382
129276,122894,6382
129277,122895,6382
129278,122896,6382
129279,122897,6382
129281,122899,6382
129282,122900,6382
129283,122901,6382
129284,122902,6382
129286,122904,6382
129288,122906,6382
129289,122907,6382
129291,122909,6382
129292,122910,6382
129293,122911,6382
129294,122912,6382
129295,122913,6382
129297,122915,6382
129298,122916,6382
129299,122917,6382
129300,122918,6382
129301,122919,6382
129302,122920,6382
129303,122921,6382
129305,122923,6382
129306,122924,6382
129307,122925,6382
129308,122926,6382
129309,122927,6382
129311,122929,6382
129313,122931,6382
129314,122932,6382
129316,122934,6382
129317,122935,6382
129319,122937,6382
129321,122939,6382
129322,122940,6382
129323,122941,6382
129324,122942,6382
129325,122943,6382
129327,122945,6382
129328,122946,6382
129330,122948,6382
129331,122949,6382
129332,122950,6382
129334,122952,6382
129335,122953,6382
129337,122955,6382
129338,122956,6382
129340,122958,6382
129341,122959,6382
129343,122961,6382
129344,122962,6382
129346,122964,6382
129347,122965,6382
129348,122966,6382
129349,122967,6382
129350,122968,6382
129352,122970,6382
129353,122970,6383
129354,122971,6383
129356,122973,6383
129357,122974,6383
129359,122976,6383
129361,122978,6383
129363,122980,6383
129364,122981,6383
129366,122983,6383
129367,122984,6383
129369,122986,6383
129370,122987,6383
129371,122988,6383
129373,122990,6383
129374,122991,6383
129375,122992,6383
129376,122993,6383
129377,122994,6383
129379,122996,6383
129380,122997,6383
129381,122998,6383
129382,122999,6383
129383,123000,6383
129384,123001,6383
129385,123002,6383
129386,123003,6383
129387,123004,6383
129389,123006,6383
129390,123007,6383
129391,123008,6383
129392,123009,6383
129393,123010,6383
129394,123011,6383
129395,123012,6383
129396,123013,6383
129397,123014,6383
129399,123016,6383
129400,123017,6383
129401,123018,6383
129402,123019,6383
129403,123020,6383
129404,123021,6383
129405,123022,6383
129406,123023,6383
129407,123024,6383
129409,123026,6383
129410,123027,6383
129411,123028,6383
129412,123029,6383
129413,123030,6383
129414,123031,6383
129416,123033,6383
129418,123035,6383
129419,123036,6383
129420,123037,6383
129422,123039,6383
129424,123041,6383
129425,123042,6383
129426,123043,6383
129428,123045,6383
129429,123046,6383
129430,123047,6383
129431,123048,6383
129433,123050,6383
129434,123051,6383
129435,123052,6383
129436,123053,6383
129438,123055,6383
129440,123057,6383
129441,123058,6383
129442,123059,6383
129444,123061,6383
129446,123063,6383
129447,123064,6383
129448,123065,6383
129450,123067,6383
129452,123069,6383
129453,123070,6383
129455,123072,6383
129457,123074,6383
129458,123075,6383
129460,123077,6383
129462,123079,6383
129464,123081,6383
129465,123082,6383
129466,123083,6383
129468,123085,6383
129470,123087,6383
129471,123088,6383
129473,123090,6383
129475,123092,6383
129476,123093,6383
129477,123094,6383
129479,123096,6383
129480,123097,6383
129482,123099,6383
129483,123100,6383
129484,123101,6383
129486,123103,6383
129488,123105,6383
129489,123106,6383
129491,123108,6383
129492,123109,6383
129494,123111,6383
129495,123112,6383
129497,123114,6383
129499,123116,6383
129501,123118,6383
129502,123119,6383
129504,123121,6383
129505,123122,6383
129507,123124,6383
129508,123125,6383
129510,123127,6383
129511,123128,6383
129512,123129,6383
129513,123130,6383
129514,123131,6383
129515,123132,6383
129516,123133,6383
129517,123134,6383
129518,123135,6383
129519,123136,6383
129520,123137,6383
129521,123138,6383
129522,123139,6383
129523,123140,6383
129524,123141,6383
129526,123143,6383
129527,123144,6383
129528,123145,6383
129529,123146,6383
129531,123148,6383
129532,123149,6383
129533,123150,6383
129535,123152,6383
129537,123154,6383
129538,123155,6383
129540,123157,6383
129542,123159,6383
129544,123161,6383
129545,123162,6383
129546,123163,6383
129547,123164,6383
129548,123165,6383
129549,123166,6383
129551,123168,6383
129552,123169,6383
129554,123171,6383
129556,123173,6383
129558,123175,6383
129559,123176,6383
129561,123178,6383
129562,123179,6383
129564,123181,6383
129565,123182,6383
129566,123183,6383
129567,123184,6383
129569,123186,6383
129571,123188,6383
129572,123189,6383
129573,123190,6383
129574,123191,6383
129576,123193,6383
129578,123195,6383
129579,123196,6383
129581,123198,6383
129582,123199,6383
129583,123200,6383
129584,123201,6383
129586,123203,6383
129587,123204,6383
129588,123205,6383
129589,123206,6383
129590,123207,6383
129592,123209,6383
129593,123210,6383
129594,123211,6383
129595,123212,6383
129597,123214,6383
129598,123215,6383
129599,123216,6383
129600,123217,6383
129601,123218,6383
129603,123220,6383
129605,123222,6383
129606,123223,6383
129608,123225,6383
129609,123226,6383
129610,123227,6383
129611,123228,6383
129612,123229,6383
129614,123231,6383
129616,123233,6383
129617,123234,6383
129618,123235,6383
129619,123236,6383
129620,123237,6383
129622,123239,6383
129624,123241,6383
129625,123242,6383
129626,123243,6383
129627,123244,6383
129629,123246,6383
129631,123248,6383
129632,123249,6383
129633,123250,6383
129634,123251,6383
129636,123253,6383
129637,123254,6383
129639,123256,6383
129641,123258,6383
129643,123260,6383
129644,123261,6383
129645,123262,6383
129646,123263,6383
129648,123265,6383
129649,123266,6383
129650,123267,6383
129651,123268,6383
129652,123269,6383
129653,123270,6383
129655,123272,6383
129656,123273,6383
129658,123275,6383
129660,123277,6383
129661,123278,6383
129662,123279,6383
129663,123280,6383
129665,123282,6383
129667,123284,6383
129668,123285,6383
129669,123286,6383
129670,123287,6383
129671,123288,6383
129672,123289,6383
129673,123290,6383
129674,123291,6383
129675,123292,6383
129676,123293,6383
129677,123294,6383
129679,123296,6383
129680,123297,6383
129682,123299,6383
129683,123300,6383
129684,123301,6383
129685,123302,6383
129686,123303,6383
129688,123305,6383
129689,123306,6383
129690,123307,6383
129691,123308,6383
129693,123310,6383
129695,123312,6383
129696,123313,6383
129697,123314,6383
129698,123315,6383
129699,123316,6383
129701,123318,6383
129702,123319,6383
129704,123321,6383
129705,123322,6383
129706,123323,6383
129707,123324,6383
129708,123325,6383
129710,123327,6383
129712,123329,6383
129714,123331,6383
129715,123332,6383
129716,123333,6383
129717,123334,6383
129719,123336,6383
129721,123338,6383
129723,123340,6383
129724,123341,6383
129725,123342,6383
129727,123344,6383
129729,123346,6383
129730,123347,6383
129731,123348,6383
129732,123349,6383
129734,123351,6383
129735,123352,6383
129736,123353,6383
129738,123355,6383
129739,123356,6383
129740,123357,6383
129741,123358,6383
129742,123359,6383
129744,123361,6383
129745,123362,6383
129746,123363,6383
129747,123364,6383
129748,123365,6383
129749,123366,6383
129751,123368,6383
129752,123369,6383
129754,123371,6383
129756,123373,6383
129757,123374,6383
129758,123375,6383
129759,123376,6383
129761,123378,6383
129763,123380,6383
129764,123381,6383
129765,123382,6383
129766,123383,6383
129767,123384,6383
129768,123385,6383
129769,123386,6383
129770,123387,6383
129771,123388,6383
129773,123390,6383
129774,123391,6383
129776,123393,6383
129777,123394,6383
129779,123396,6383
129780,123397,6383
129781,123398,6383
129782,123399,6383
129783,123400,6383
129785,123402,6383
129786,123403,6383
129787,123404,6383
129788,123405,6383
129790,123407,6383
129792,123409,6383
129793,123410,6383
129794,123411,6383
129795,123412,6383
129796,123413,6383
129798,123415,6383
129799,123416,6383
129801,123418,6383
129802,123419,6383
129803,123420,6383
129805,123422,6383
129806,123423,6383
129808,123425,6383
129810,123427,6383
129812,123429,6383
129813,123430,6383
129815,123432,6383
129816,123433,6383
129818,123435,6383
129820,123437,6383
129822,123439,6383
129823,123440,6383
129824,123441,6383
129826,123443,6383
129828,123445,6383
129829,123446,6383
129830,123447,6383
129831,123448,6383
129833,123450,6383
129834,123451,6383
129836,123451,6385
129838,123453,6385
129839,123454,6385
129840,123455,6385
129841,123456,6385
129842,123457,6385
129844,123459,6385
129845,123460,6385
129846,123461,6385
129847,123462,6385
129848,123463,6385
129849,123464,6385
129851,123466,6385
129852,123467,6385
129854,123469,6385
129855,123470,6385
129857,123472,6385
129858,123473,6385
129859,123474,6385
129860,123475,6385
129861,123476,6385
129862,123477,6385
129864,123479,6385
129865,123480,6385
129866,123481,6385
129868,123483,6385
129870,123485,6385
129871,123486,6385
129872,123487,6385
129873,123488,6385
129874,123489,6385
129876,123491,6385
129878,123493,6385
129879,123494,6385
129881,123496,6385
129882,123497,6385
129883,123498,6385
129885,123500,6385
129886,123501,6385
129888,123503,6385
129889,123504,6385
129891,123506,6385
129893,123508,6385
129895,123510,6385
129896,123511,6385
129897,123512,6385
129899,123514,6385
129900,123514,6386
129901,123515,6386
129902,123516,6386
129903,123517,6386
129904,123518,6386
129905,123519,6386
129906,123520,6386
129907,123521,6386
129909,123523,6386
129911,123525,6386
129912,123526,6386
129913,123527,6386
129914,123528,6386
129915,123529,6386
129916,123530,6386
129918,123532,6386
129920,123534,6386
129921,123535,6386
129922,123536,6386
129923,123537,6386
129925,123539,6386
129927,123541,6386
129929,123543,6386
129931,123545,6386
129932,123546,6386
129934,123548,6386
129935,123549,6386
129937,123551,6386
129938,123552,6386
129939,123553,6386
129940,123554,6386
129942,123556,6386
129944,123558,6386
129945,123559,6386
129946,123560,6386
129947,123561,6386
129948,123562,6386
129950,123564,6386
129952,123566,6386
129953,123567,6386
129955,123569,6386
129956,123570,6386
129957,123571,6386
129959,123573,6386
129961,123575,6386
129962,123576,6386
129963,123577,6386
129964,123578,6386
129965,123579,6386
129966,123580,6386
129967,123581,6386
129968,123582,6386
129969,123583,6386
129970,123584,6386
129971,123585,6386
129972,123586,6386
129973,123587,6386
129974,123588,6386
129976,123590,6386
129978,123592,6386
129979,123593,6386
129980,123594,6386
129982,123595,6387
129983,123596,6387
129984,123597,6387
129985,123598,6387
129986,123599,6387
129988,123601,6387
129989,123602,6387
129990,123603,6387
129992,123605,6387
129993,123606,6387
129994,123607,6387
129995,123608,6387
129996,123609,6387
129997,123610,6387
129999,123612,6387
130000,123613,6387
130001,123614,6387
130002,123615,6387
130003,123616,6387
130005,123618,6387
130006,123619,6387
130008,123621,6387
130009,123622,6387
130010,123623,6387
130011,123624,6387
130012,123625,6387
130014,123627,6387
130015,123628,6387
130016,123629,6387
130017,123630,6387
130018,123631,6387
130019,123632,6387
130021,123634,6387
130022,123635,6387
130023,123636,6387
130024,123637,6387
130026,123639,6387
130027,123640,6387
130028,123641,6387
130029,123642,6387
130030,123643,6387
130031,123644,6387
130032,123645,6387
130033,123646,6387
130034,123647,6387
130036,123649,6387
130037,123650,6387
130038,123651,6387
130039,123652,6387
130040,123653,6387
130041,123654,6387
130042,123655,6387
130044,123657,6387
130045,123658,6387
130046,123659,6387
130047,123660,6387
130049,123662,6387
130050,123663,6387
130052,123665,6387
130054,123667,6387
130055,123668,6387
130056,123669,6387
130057,123670,6387
130058,123671,6387
130060,123673,6387
130061,123674,6387
130062,123675,6387
130063,123676,6387
130065,123678,6387
130066,123679,6387
130067,123680,6387
130068,123681,6387
130069,123682,6387
130070,123683,6387
130071,123684,6387
130072,123685,6387
130073,123686,6387
130074,123687,6387
130075,123688,6387
130076,123689,6387
130078,123691,6387
130079,123692,6387
130081,123694,6387
130082,123695,6387
130083,123696,6387
130084,123697,6387
130085,123698,6387
130086,123699,6387
130087,123700,6387
130088,123701,6387
130089,123702,6387
130090,123703,6387
130091,123704,6387
130092,123705,6387
130094,123707,6387
130095,123708,6387
130097,123710,6387
130098,123711,6387
130099,123712,6387
130100,123713,6387
130101,123714,6387
130103,123716,6387
130104,123717,6387
130105,123718,6387
130107,123720,6387
130109,123722,6387
130111,123724,6387
130112,123725,6387
130113,123726,6387
130114,123727,6387
130116,123729,6387
130118,123731,6387
130119,123732,6387
130120,123733,6387
130121,123734,6387
130122,123735,6387
130124,123737,6387
130125,123738,6387
130126,123739,6387
130127,123740,6387
130128,123741,6387
130129,123742,6387
130131,123744,6387
130133,123746,6387
130134,123747,6387
130135,123748,6387
130136,123749,6387
130137,123750,6387
130138,123751,6387
130140,123753,6387
130142,123755,6387
130143,123756,6387
130144,123757,6387
130145,123758,6387
130146,123759,6387
130147,123760,6387
130148,123761,6387
130149,123762,6387
130150,123763,6387
130151,123764,6387
130152,123765,6387
130154,123767,6387
130155,123768,6387
130156,123769,6387
130157,123770,6387
130159,123772,6387
130160,123773,6387
130161,123774,6387
130163,123776,6387
130164,123777,6387
130165,123778,6387
130166,123779,6387
130167,123780,6387
130168,123781,6387
130169,123782,6387
130171,123784,6387
130172,123785,6387
130173,123786,6387
130174,123787,6387
130175,123788,6387
130177,123790,6387
130178,123791,6387
130179,123792,6387
130180,123793,6387
130181,123794,6387
130182,123795,6387
130184,123797,6387
130185,123798,6387
130186,123799,6387
130187,123800,6387
130189,123802,6387
130191,123804,6387
130192,123805,6387
130193,123806,6387
130194,123807,6387
130196,123809,6387
130197,123810,6387
130199,123812,6387
130200,123813,6387
130201,123814,6387
130202,123815,6387
130203,123816,6387
130204,123817,6387
130205,123818,6387
130206,123819,6387
130208,123821,6387
130209,123822,6387
130211,123824,6387
130212,123825,6387
130214,123827,6387
130216,123829,6387
130218,123831,6387
130219,123832,6387
130221,123834,6387
130222,123835,6387
130224,123837,6387
130226,123839,6387
130227,123840,6387
130228,123841,6387
130230,123843,6387
130231,123844,6387
130233,123846,6387
130234,123847,6387
130235,123848,6387
130236,123849,6387
130238,123851,6387
130239,123852,6387
130240,123853,6387
130242,123855,6387
130243,123856,6387
130245,123858,6387
130246,123859,6387
130247,123860,6387
130248,123861,6387
130249,123862,6387
130250,123863,6387
130252,123865,6387
130254,123867,6387
130255,123868,6387
130256,123869,6387
130257,123870,6387
130258,123871,6387
130260,123873,6387
130261,123874,6387
130262,123875,6387
130264,123877,6387
130265,123878,6387
130266,123879,6387
130267,123880,6387
130268,123881,6387
130269,123882,6387
130270,123883,6387
130271,123884,6387
130273,123885,6388
130275,123887,6388
130276,123888,6388
130277,123889,6388
130278,123890,6388
130280,123892,6388
130281,123893,6388
130282,123893,6389
130283,123894,6389
130284,123895,6389
130286,123897,6389
130287,123898,6389
130288,123899,6389
130289,123900,6389
130290,123901,6389
130292,123903,6389
130293,123904,6389
130295,123906,6389
130296,123907,6389
130298,123909,6389
130299,123910,6389
130300,123911,6389
130301,123912,6389
130302,123913,6389
130303,123914,6389
130305,123916,6389
130306,123917,6389
130307,123918,6389
130308,123919,6389
130309,123920,6389
130311,123922,6389
130312,123923,6389
130313,123924,6389
130315,123926,6389
130316,123927,6389
130317,123927,6390
130318,123928,6390
130319,123929,6390
130321,123931,6390
130322,123932,6390
130324,123934,6390
130325,123935,6390
130327,123937,6390
130328,123938,6390
130329,123939,6390
130331,123941,6390
130332,123942,6390
130333,123943,6390
130334,123944,6390
130336,123946,6390
130337,123947,6390
130338,123948,6390
130339,123949,6390
130341,123951,6390
130342,123952,6390
130343,123953,6390
130344,123954,6390
130346,123956,6390
130347,123957,6390
130348,123958,6390
130349,123959,6390
130351,123961,6390
130353,123963,6390
130354,123964,6390
130356,123966,6390
130357,123967,6390
130358,123968,6390
130359,123969,6390
130360,123970,6390
130362,123972,6390
130363,123973,6390
130364,123974,6390
130365,123975,6390
130366,123976,6390
130367,123977,6390
130368,123978,6390
130370,123980,6390
130371,123981,6390
130372,123982,6390
130373,123983,6390
130374,123984,6390
130376,123986,6390
130378,123988,6390
130379,123989,6390
130381,123991,6390
130382,123992,6390
130384,123994,6390
130386,123996,6390
130387,123997,6390
130388,123998,6390
130389,123999,6390
130390,124000,6390
130392,124002,6390
130393,124003,6390
130395,124005,6390
130396,124006,6390
130397,124007,6390
130399,124009,6390
130400,124010,6390
130402,124012,6390
130403,124013,6390
130405,124015,6390
130406,124016,6390
130408,124018,6390
130409,124019,6390
130411,124021,6390
130412,124022,6390
130413,124023,6390
130414,124024,6390
130415,124025,6390
130417,124027,6390
130418,124027,6391
130419,124028,6391
130421,124030,6391
130422,124031,6391
130424,124033,6391
130426,124035,6391
130428,124037,6391
130429,124038,6391
130431,124040,6391
130432,124041,6391
130434,124043,6391
130435,124044,6391
130436,124045,6391
130438,124047,6391
130439,124048,6391
130440,124049,6391
130441,124050,6391
130442,124051,6391
130444,124053,6391
130445,124054,6391
130446,124055,6391
130447,124056,6391
130448,124057,6391
130449,124058,6391
130450,124059,6391
130451,124060,6391
130452,124061,6391
130454,124063,6391
130455,124064,6391
130456,124065,6391
130457,124066,6391
130458,124067,6391
130459,124068,6391
130460,124069,6391
130461,124070,6391
130462,124071,6391
130464,124073,6391
130465,124074,6391
130466,124075,6391
130467,124076,6391
130468,124077,6391
130469,124078,6391
130470,124079,6391
130471,124080,6391
130472,124081,6391
130474,124083,6391
130475,124084,6391
130476,124085,6391
130477,124086,6391
130478,124087,6391
130479,124088,6391
130480,124089,6391
130481,124090,6391
130482,124091,6391
130484,124093,6391
130485,124094,6391
130486,124095,6391
130487,124096,6391
130488,124097,6391
130489,124098,6391
130490,124099,6391
130491,124100,6391
130492,124101,6391
130494,124103,6391
130495,124104,6391
130496,124105,6391
130497,124106,6391
130498,124107,6391
130499,124108,6391
130500,124109,6391
130501,124110,6391
130502,124111,6391
130504,124113,6391
130505,124114,6391
130506,124115,6391
130507,124116,6391
130508,124117,6391
130509,124118,6391
130510,124119,6391
130511,124120,6391
130512,124121,6391
130514,124123,6391
130515,124124,6391
130516,124125,6391
130517,124126,6391
130518,124127,6391
130519,124128,6391
130520,124129,6391
130521,124130,6391
130522,124131,6391
130524,124133,6391
130525,124134,6391
130526,124135,6391
130527,124136,6391
130528,124137,6391
130529,124138,6391
130530,124139,6391
130531,124140,6391
130532,124141,6391
130534,124143,6391
130535,124144,6391
130536,124145,6391
130537,124146,6391
130538,124147,6391
130539,124148,6391
130540,124149,6391
130541,124150,6391
130542,124151,6391
130544,124153,6391
130545,124154,6391
130546,124155,6391
130547,124156,6391
130548,124157,6391
130549,124158,6391
130550,124159,6391
130551,124160,6391
130552,124161,6391
130554,124163,6391
130555,124164,6391
130556,124165,6391
130557,124166,6391
130558,124167,6391
130559,124168,6391
130560,124169,6391
130561,124170,6391
130562,124171,6391
130564,124173,6391
130565,124174,6391
130566,124175,6391
130567,124176,6391
130568,124177,6391
130569,124178,6391
130571,124180,6391
130573,124182,6391
130574,124183,6391
130575,124184,6391
130577,124186,6391
130579,124188,6391
130580,124189,6391
130581,124190,6391
130583,124192,6391
130584,124193,6391
130585,124194,6391
130586,124195,6391
130588,124197,6391
130589,124198,6391
130590,124199,6391
130591,124200,6391
130593,124202,6391
130595,124204,6391
130596,124205,6391
130597,124206,6391
130599,124208,6391
130601,124210,6391
130602,124211,6391
130603,124212,6391
130605,124214,6391
130607,124216,6391
130608,124217,6391
130610,124219,6391
130612,124221,6391
130613,124222,6391
130615,124224,6391
130617,124226,6391
130619,124228,6391
130620,124229,6391
130621,124230,6391
130623,124232,6391
130625,124234,6391
130626,124235,6391
130628,124237,6391
130630,124239,6391
130631,124240,6391
130632,124241,6391
130634,124243,6391
130635,124244,6391
130637,124246,6391
130638,124247,6391
130639,124248,6391
130641,124250,6391
130643,124252,6391
130644,124253,6391
130646,124255,6391
130647,124256,6391
130649,124258,6391
130650,124259,6391
130652,124261,6391
130654,124263,6391
130656,124265,6391
130657,124266,6391
130659,124268,6391
130660,124269,6391
130662,124271,6391
130663,124272,6391
130665,124274,6391
130666,124275,6391
130667,124276,6391
130668,124277,6391
130669,124278,6391
130670,124279,6391
130671,124280,6391
130672,124281,6391
130673,124282,6391
130674,124283,6391
130675,124284,6391
130676,124285,6391
130677,124286,6391
130678,124287,6391
130679,124288,6391
130681,124290,6391
130682,124291,6391
130683,124292,6391
130684,124293,6391
130686,124295,6391
130687,124296,6391
130688,124297,6391
130690,124299,6391
130692,124301,6391
130693,124302,6391
130695,124304,6391
130697,124306,6391
130699,124308,6391
130700,124309,6391
130701,124310,6391
130702,124311,6391
130703,124312,6391
130704,124313,6391
130706,124315,6391
130707,124316,6391
130709,124318,6391
130711,124320,6391
130713,124322,6391
130714,124323,6391
130716,124325,6391
130717,124326,6391
130719,124328,6391
130720,124329,6391
130721,124330,6391
130722,124331,6391
130724,124333,6391
130726,124335,6391
130727,124336,6391
130728,124337,6391
130729,124338,6391
130731,124340,6391
130733,124342,6391
130734,124343,6391
130736,124345,6391
130737,124346,6391
130738,124347,6391
130739,124348,6391
130741,124350,6391
130742,124351,6391
130743,124352,6391
130744,124353,6391
130745,124354,6391
130747,124356,6391
130748,124357,6391
130749,124358,6391
130750,124359,6391
130752,124361,6391
130753,124362,6391
130754,124363,6391
130755,124364,6391
130756,124365,6391
130758,124367,6391
130760,124369,6391
130761,124370,6391
130763,124372,6391
130764,124373,6391
130765,124374,6391
130766,124375,6391
130767,124376,6391
130769,124378,6391
130771,124380,6391
130772,124381,6391
130773,124382,6391
130774,124383,6391
130775,124384,6391
130777,124386,6391
130779,124388,6391
130780,124389,6391
130781,124390,6391
130782,124391,6391
130784,124393,6391
130786,124395,6391
130787,124396,6391
130788,124397,6391
130789,124398,6391
130791,124400,6391
130792,124401,6391
130794,124403,6391
130796,124405,6391
130798,124407,6391
130799,124408,6391
130800,124409,6391
130801,124410,6391
130803,124412,6391
130804,124413,6391
130805,124414,6391
130806,124415,6391
130807,124416,6391
130808,124417,6391
130810,124419,6391
130811,124420,6391
130813,124422,6391
130815,124424,6391
130816,124425,6391
130817,124426,6391
130818,124427,6391
130820,124429,6391
130822,124431,6391
130823,124432,6391
130824,124433,6391
130825,124434,6391
130826,124435,6391
130827,124436,6391
130828,124437,6391
130829,124438,6391
130830,124439,6391
130831,124440,6391
130832,124441,6391
130834,124443,6391
130835,124444,6391
130837,124446,6391
130838,124447,6391
130839,124448,6391
130840,124449,6391
130841,124450,6391
130843,124452,6391
130844,124453,6391
130845,124454,6391
130846,124455,6391
130848,124457,6391
130850,124459,6391
130851,124460,6391
130852,124461,6391
130853,124462,6391
130854,124463,6391
130856,124465,6391
130857,124466,6391
130859,124468,6391
130860,124469,6391
130861,124470,6391
130862,124471,6391
130863,124472,6391
130865,124474,6391
130867,124476,6391
130869,124478,6391
130870,124479,6391
130871,124480,6391
130872,124481,6391
130874,124483,6391
130876,124485,6391
130878,124487,6391
130879,124488,6391
130880,124489,6391
130882,124491,6391
130884,124493,6391
130885,124494,6391
130886,124495,6391
130887,124496,6391
130889,124498,6391
130890,124499,6391
130891,124500,6391
130893,124502,6391
130894,124503,6391
130895,124504,6391
130896,124505,6391
130897,124506,6391
130899,124508,6391
130900,124509,6391
130901,124510,6391
130902,124511,6391
130903,124512,6391
130904,124513,6391
130906,124515,6391
130907,124516,6391
130909,124518,6391
130910,124519,6391
130912,124521,6391
130913,124522,6391
130914,124523,6391
130915,124524,6391
130916,124525,6391
130917,124526,6391
130919,124528,6391
130920,124529,6391
130921,124530,6391
130923,124532,6391
130925,124534,6391
130926,124535,6391
130927,124536,6391
130928,124537,6391
130929,124538,6391
130931,124540,6391
130933,124542,6391
130934,124543,6391
130936,124545,6391
130937,124546,6391
130938,124547,6391
130940,124549,6391
130941,124550,6391
130943,124552,6391
130944,124553,6391
130946,124555,6391
130948,124557,6391
130950,124559,6391
130951,124560,6391
130952,124561,6391
130954,124563,6391
130955,124564,6391
130956,124565,6391
130957,124566,6391
130958,124567,6391
130959,124568,6391
130960,124569,6391
130961,124570,6391
130962,124571,6391
130964,124573,6391
130965,124574,6391
130966,124575,6391
130967,124576,6391
130968,124577,6391
130969,124578,6391
130970,124579,6391
130971,124580,6391
130972,124581,6391
130974,124583,6391
130976,124584,6392
130977,124585,6392
130978,124586,6392
130979,124587,6392
130980,124588,6392
130981,124589,6392
130982,124590,6392
130983,124591,6392
130984,124592,6392
130985,124593,6392
130986,124594,6392
130988,124596,6392
130989,124597,6392
130990,124598,6392
130992,124600,6392
130994,124602,6392
130996,124604,6392
130997,124605,6392
130998,124606,6392
130999,124607,6392
131001,124609,6392
131002,124610,6392
131003,124611,6392
131004,124612,6392
131006,124614,6392
131008,124616,6392
131009,124617,6392
131010,124618,6392
131011,124619,6392
131013,124621,6392
131015,124623,6392
131016,124624,6392
131017,124625,6392
131018,124626,6392
131019,124627,6392
131020,124628,6392
131021,124629,6392
131022,124630,6392
131023,124631,6392
131025,124633,6392
131026,124634,6392
131028,124636,6392
131029,124637,6392
131031,124639,6392
131032,124640,6392
131033,124641,6392
131034,124642,6392
131035,124643,6392
131037,124645,6392
131038,124646,6392
131039,124647,6392
131040,124648,6392
131042,124650,6392
131044,124652,6392
131045,124653,6392
131046,124654,6392
131047,124655,6392
131048,124656,6392
131050,124658,6392
131051,124659,6392
131053,124661,6392
131054,124662,6392
131055,124663,6392
131057,124665,6392
131058,124666,6392
131060,124668,6392
131062,124670,6392
131064,124672,6392
131065,124673,6392
131067,124675,6392
131068,124676,6392
131070,124678,6392
131072,124680,6392
131074,124682,6392
131075,124683,6392
131076,124684,6392
131078,124686,6392
131080,124688,6392
131081,124689,6392
131082,124690,6392
131083,124691,6392
131085,124693,6392
131086,124694,6392
131087,124694,6393
131089,124696,6393
131090,124697,6393
131091,124698,6393
131092,124699,6393
131093,124700,6393
131095,124702,6393
131096,124703,6393
131097,124704,6393
131098,124705,6393
131099,124706,6393
131100,124707,6393
131102,124709,6393
131103,124710,6393
131105,124712,6393
131106,124713,6393
131108,124715,6393
131109,124716,6393
131110,124717,6393
131111,124718,6393
131112,124719,6393
131113,124719,6394
131115,124721,6394
131116,124722,6394
131117,124723,6394
131119,124725,6394
131121,124727,6394
131122,124728,6394
131123,124729,6394
131124,124730,6394
131125,124731,6394
131127,124733,6394
131129,124735,6394
131130,124736,6394
131132,124738,6394
131133,124739,6394
131134,124740,6394
131136,124742,6394
131137,124743,6394
131139,124745,6394
131140,124746,6394
131142,124748,6394
131144,124750,6394
131146,124752,6394
131147,124753,6394
131148,124754,6394
131150,124756,6394
131152,124757,6395
131153,124758,6395
131154,124759,6395
131155,124760,6395
131156,124761,6395
131157,124762,6395
131159,124764,6395
131161,124766,6395
131162,124767,6395
131163,124768,6395
131164,124769,6395
131166,124771,6395
131168,124773,6395
131170,124775,6395
131172,124777,6395
131173,124778,6395
131175,124780,6395
131176,124781,6395
131178,124783,6395
131179,124784,6395
131180,124785,6395
131181,124786,6395
131183,124788,6395
131185,124790,6395
131186,124791,6395
131187,124792,6395
131188,124793,6395
131189,124794,6395
131191,124796,6395
131193,124798,6395
131194,124799,6395
131196,124801,6395
131197,124802,6395
131198,124803,6395
131200,124805,6395
131202,124807,6395
131203,124808,6395
131204,124809,6395
131205,124810,6395
131206,124811,6395
131207,124812,6395
131208,124813,6395
131209,124814,6395
131210,124815,6395
131211,124816,6395
131212,124817,6395
131213,124818,6395
131214,124819,6395
131215,124820,6395
131217,124822,6395
131219,124824,6395
131220,124825,6395
131221,124826,6395
131223,124827,6396
131224,124828,6396
131225,124829,6396
131226,124830,6396
131227,124831,6396
131229,124833,6396
131230,124834,6396
131231,124835,6396
131233,124837,6396
131234,124838,6396
131235,124839,6396
131236,124840,6396
131237,124841,6396
131238,124842,6396
131240,124844,6396
131241,124845,6396
131242,124846,6396
131243,124847,6396
131244,124848,6396
131246,124850,6396
131247,124851,6396
131249,124853,6396
131250,124854,6396
131251,124855,6396
131252,124856,6396
131253,124857,6396
131255,124859,6396
131256,124860,6396
131257,124861,6396
131258,124862,6396
131259,124863,6396
131260,124864,6396
131262,124866,6396
131263,124867,6396
131264,124868,6396
131265,124869,6396
131267,124871,6396
131268,124872,6396
131269,124873,6396
131270,124874,6396
131271,124875,6396
131272,124876,6396
131273,124877,6396
131274,124878,6396
131275,124879,6396
131277,124881,6396
131278,124882,6396
131279,124883,6396
131280,124884,6396
131281,124885,6396
131282,124886,6396
131283,124887,6396
131285,124889,6396
131286,124890,6396
131287,124891,6396
131288,124892,6396
131290,124894,6396
131291,124895,6396
131293,124897,6396
131295,124899,6396
131296,124900,6396
131297,124901,6396
131298,124902,6396
131299,124903,6396
131301,124905,6396
131302,124906,6396
131303,124907,6396
131304,124908,6396
131306,124910,6396
131307,124911,6396
131308,124912,6396
131309,124913,6396
131310,124914,6396
131311,124915,6396
131312,124916,6396
131313,124917,6396
131314,124918,6396
131315,124919,6396
131316,124920,6396
131317,124921,6396
131319,124923,6396
131320,124924,6396
131322,124926,6396
131323,124927,6396
131324,124928,6396
131325,124929,6396
131326,124930,6396
131327,124931,6396
131328,124932,6396
131329,124933,6396
131330,124934,6396
131331,124935,6396
131332,124936,6396
131333,124937,6396
131335,124939,6396
131336,124940,6396
131338,124942,6396
131339,124943,6396
131340,124944,6396
131341,124945,6396
131342,124946,6396
131344,124948,6396
131345,124949,6396
131346,124950,6396
131348,124952,6396
131350,124954,6396
131352,124956,6396
131353,124957,6396
131354,124958,6396
131355,124959,6396
131357,124961,6396
131359,124963,6396
131360,124964,6396
131361,124965,6396
131362,124966,6396
131363,124967,6396
131365,124969,6396
131366,124970,6396
131367,124971,6396
131368,124972,6396
131369,124973,6396
131370,124974,6396
131372,124976,6396
131374,124978,6396
131375,124979,6396
131376,124980,6396
131377,124981,6396
131378,124982,6396
131379,124983,6396
131381,124985,6396
131383,124987,6396
131384,124988,6396
131385,124989,6396
131386,124990,6396
131387,124991,6396
131388,124992,6396
131389,124993,6396
131390,124994,6396
131391,124995,6396
131392,124996,6396
131393,124997,6396
131395,124999,6396
131396,125000,6396
131397,125001,6396
131398,125002,6396
131400,125004,6396
131401,125005,6396
131402,125006,6396
131404,125008,6396
131405,125009,6396
131406,125010,6396
131407,125011,6396
131408,125012,6396
131409,125013,6396
131410,125014,6396
131412,125016,6396
131413,125017,6396
131414,125018,6396
131415,125019,6396
131416,125020,6396
131418,125022,6396
131419,125023,6396
131420,125024,6396
131421,125025,6396
131422,125026,6396
131423,125027,6396
131425,125029,6396
131426,125030,6396
131427,125031,6396
131428,125032,6396
131430,125034,6396
131432,125036,6396
131433,125037,6396
131434,125038,6396
131435,125039,6396
131437,125041,6396
131438,125042,6396
131440,125044,6396
131441,125045,6396
131442,125046,6396
131443,125047,6396
131444,125048,6396
131445,125049,6396
131446,125050,6396
131447,125051,6396
131449,125053,6396
131450,125054,6396
131452,125056,6396
131453,125057,6396
131455,125059,6396
131457,125061,6396
131459,125063,6396
131460,125064,6396
131462,125066,6396
131463,125067,6396
131465,125069,6396
131467,125071,6396
131468,125072,6396
131469,125073,6396
131471,125075,6396
131472,125076,6396
131474,125078,6396
131475,125079,6396
131476,125080,6396
131477,125081,6396
131479,125083,6396
131480,125084,6396
131481,125085,6396
131483,125087,6396
131484,125088,6396
131486,125090,6396
131487,125091,6396
131488,125092,6396
131489,125093,6396
131490,125094,6396
131491,125095,6396
131493,125097,6396
131495,125099,6396
131496,125100,6396
131497,125101,6396
131498,125102,6396
131499,125103,6396
131501,125105,6396
131502,125106,6396
131503,125107,6396
131505,125109,6396
131506,125110,6396
131507,125111,6396
131508,125112,6396
131509,125113,6396
131510,125114,6396
131512,125115,6397
131513,125116,6397
131514,125117,6397
131516,125119,6397
131517,125120,6397
131518,125121,6397
131519,125122,6397
131521,125124,6397
131522,125125,6397
131524,125126,6398
131525,125127,6398
131526,125128,6398
131528,125130,6398
131529,125131,6398
131530,125132,6398
131531,125133,6398
131532,125134,6398
131534,125136,6398
131535,125137,6398
131536,125138,6398
131537,125139,6398
131539,125141,6398
131540,125142,6398
131541,125143,6398
131542,125143,6399
131543,125144,6399
131544,125145,6399
131546,125147,6399
131547,125148,6399
131548,125149,6399
131549,125150,6399
131550,125151,6399
131552,125153,6399
131553,125154,6399
131554,125155,6399
131556,125157,6399
131557,125158,6399
131558,125158,6400
131559,125159,6400
131560,125160,6400
131562,125162,6400
131563,125163,6400
131565,125165,6400
131566,125166,6400
131568,125168,6400
131569,125169,6400
131570,125170,6400
131572,125172,6400
131573,125173,6400
131574,125174,6400
131575,125175,6400
131577,125177,6400
131578,125178,6400
131579,125179,6400
131580,125180,6400
131582,125182,6400
131583,125183,6400
131584,125184,6400
131585,125185,6400
131587,125187,6400
131588,125188,6400
131589,125189,6400
131590,125190,6400
131592,125192,6400
131594,125194,6400
131595,125195,6400
131597,125197,6400
131598,125198,6400
131599,125199,6400
131600,125200,6400
131601,125201,6400
131603,125203,6400
131604,125204,6400
131605,125205,6400
131606,125206,6400
131607,125207,6400
131608,125208,6400
131609,125209,6400
131611,125211,6400
131612,125212,6400
131613,125213,6400
131614,125214,6400
131615,125215,6400
131617,125217,6400
131619,125219,6400
131620,125220,6400
131622,125222,6400
131623,125223,6400
131625,125225,6400
131627,125227,6400
131628,125228,6400
131629,125229,6400
131630,125230,6400
131631,125231,6400
131633,125233,6400
131634,125234,6400
131636,125236,6400
131637,125237,6400
131638,125238,6400
131640,125240,6400
131641,125241,6400
131643,125243,6400
131644,125244,6400
131646,125246,6400
131647,125247,6400
131649,125249,6400
131650,125250,6400
131652,125252,6400
131653,125253,6400
131654,125254,6400
131655,125255,6400
131656,125256,6400
131658,125258,6400
131659,125258,6401
131660,125259,6401
131662,125261,6401
131663,125262,6401
131665,125264,6401
131667,125266,6401
131669,125268,6401
131670,125269,6401
131672,125271,6401
131673,125272,6401
131675,125274,6401
131676,125275,6401
131677,125276,6401
131679,125278,6401
131680,125279,6401
131681,125280,6401
131682,125281,6401
131683,125282,6401
131685,125284,6401
131686,125285,6401
131687,125286,6401
131688,125287,6401
131689,125288,6401
131690,125289,6401
131691,125290,6401
131692,125291,6401
131693,125292,6401
131695,125294,6401
131696,125295,6401
131697,125296,6401
131698,125297,6401
131699,125298,6401
131700,125299,6401
131701,125300,6401
131702,125301,6401
131703,125302,6401
131705,125304,6401
131706,125305,6401
131707,125306,6401
131708,125307,6401
131709,125308,6401
131710,125309,6401
131711,125310,6401
131712,125311,6401
131713,125312,6401
131715,125314,6401
131716,125315,6401
131717,125316,6401
131718,125317,6401
131719,125318,6401
131720,125319,6401
131721,125320,6401
131722,125321,6401
131723,125322,6401
131725,125324,6401
131726,125325,6401
131728,125326,6402
131729,125327,6402
131730,125328,6402
131731,125329,6402
131732,125330,6402
131733,125331,6402
131734,125332,6402
131736,125334,6402
131737,125335,6402
131738,125336,6402
131739,125337,6402
131740,125338,6402
131741,125339,6402
131742,125340,6402
131743,125341,6402
131744,125342,6402
131746,125344,6402
131747,125345,6402
131748,125346,6402
131749,125347,6402
131750,125348,6402
131751,125349,6402
131752,125350,6402
131753,125351,6402
131754,125352,6402
131756,125354,6402
131757,125355,6402
131758,125356,6402
131759,125357,6402
131760,125358,6402
131761,125359,6402
131762,125360,6402
131763,125361,6402
131764,125362,6402
131766,125364,6402
131767,125365,6402
131768,125366,6402
131769,125367,6402
131770,125368,6402
131771,125369,6402
131772,125370,6402
131773,125371,6402
131774,125372,6402
131776,125374,6402
131777,125375,6402
131778,125376,6402
131779,125377,6402
131780,125378,6402
131781,125379,6402
131782,125380,6402
131783,125381,6402
131784,125382,6402
131786,125384,6402
131787,125385,6402
131788,125386,6402
131789,125387,6402
131790,125388,6402
131791,125389,6402
131792,125390,6402
131793,125391,6402
131794,125392,6402
131796,125394,6402
131797,125395,6402
131798,125396,6402
131799,125397,6402
131800,125398,6402
131801,125399,6402
131802,125400,6402
131803,125401,6402
131804,125402,6402
131806,125404,6402
131807,125405,6402
131808,125406,6402
131809,125407,6402
131810,125408,6402
131811,125409,6402
131812,125410,6402
131813,125411,6402
131814,125412,6402
131816,125414,6402
131817,125415,6402
131818,125416,6402
131819,125417,6402
131820,125418,6402
131821,125419,6402
131822,125420,6402
131823,125421,6402
131824,125422,6402
131826,125424,6402
131827,125425,6402
131828,125426,6402
131829,125427,6402
131830,125428,6402
131831,125429,6402
131832,125430,6402
131833,125431,6402
131834,125432,6402
131836,125434,6402
131837,125435,6402
131838,125436,6402
131839,125437,6402
131840,125438,6402
131841,125439,6402
131842,125440,6402
131843,125441,6402
131844,125442,6402
131846,125444,6402
131847,125445,6402
131848,125446,6402
131849,125447,6402
131850,125448,6402
131851,125449,6402
131853,125451,6402
131855,125453,6402
131856,125454,6402
131857,125455,6402
131859,125457,6402
131861,125459,6402
131862,125460,6402
131863,125461,6402
131865,125463,6402
131866,125464,6402
131867,125465,6402
131868,125466,6402
131870,125468,6402
131871,125469,6402
131872,125470,6402
131873,125471,6402
131875,125473,6402
131877,125475,6402
131878,125476,6402
131879,125477,6402
131881,125479,6402
131883,125481,6402
131884,125482,6402
131885,125483,6402
131887,125485,6402
131889,125487,6402
131890,125488,6402
131892,125490,6402
131894,125492,6402
131895,125493,6402
131897,125495,6402
131899,125497,6402
131901,125499,6402
131902,125500,6402
131903,125501,6402
131905,125503,6402
131907,125505,6402
131908,125506,6402
131910,125508,6402
131912,125510,6402
131913,125511,6402
131914,125512,6402
131916,125514,6402
131917,125515,6402
131919,125517,6402
131920,125518,6402
131921,125519,6402
131923,125521,6402
131925,125523,6402
131926,125524,6402
131928,125526,6402
131929,125527,6402
131931,125529,6402
131932,125530,6402
131934,125532,6402
131936,125534,6402
131938,125536,6402
131939,125537,6402
131941,125539,6402
131942,125540,6402
131944,125542,6402
131945,125543,6402
131947,125545,6402
131948,125546,6402
131949,125547,6402
131950,125548,6402
131951,125549,6402
131952,125550,6402
131953,125551,6402
131954,125552,6402
131955,125553,6402
131956,125554,6402
131957,125555,6402
131958,125556,6402
131959,125557,6402
131960,125558,6402
131961,125559,6402
131963,125561,6402
131964,125562,6402
131965,125563,6402
131966,125564,6402
131968,125566,6402
131969,125567,6402
131970,125568,6402
131972,125570,6402
131974,125572,6402
131975,125573,6402
131977,125575,6402
131979,125577,6402
131981,125579,6402
131982,125580,6402
131983,125581,6402
131984,125582,6402
131985,125583,6402
131986,125584,6402
131988,125586,6402
131989,125587,6402
131991,125589,6402
131993,125591,6402
131995,125593,6402
131996,125594,6402
131998,125596,6402
131999,125597,6402
132001,125599,6402
132002,125600,6402
132003,125601,6402
132004,125602,6402
132006,125604,6402
132008,125606,6402
132009,125607,6402
132010,125608,6402
132011,125609,6402
132013,125611,6402
132015,125613,6402
132016,125614,6402
132018,125616,6402
132019,125617,6402
132020,125618,6402
132021,125619,6402
132023,125621,6402
132024,125622,6402
132025,125623,6402
132026,125624,6402
132027,125625,6402
132029,125627,6402
132030,125628,6402
132031,125629,6402
132032,125630,6402
132034,125632,6402
132035,125633,6402
132036,125634,6402
132037,125635,6402
132038,125636,6402
132040,125638,6402
132042,125640,6402
132043,125641,6402
132045,125643,6402
132046,125644,6402
132047,125645,6402
132048,125646,6402
132049,125647,6402
132051,125649,6402
132053,125651,6402
132054,125652,6402
132055,125653,6402
132056,125654,6402
132057,125655,6402
132059,125657,6402
132061,125659,6402
132062,125660,6402
132063,125661,6402
132064,125662,6402
132066,125664,6402
132068,125666,6402
132069,125667,6402
132070,125668,6402
132071,125669,6402
132073,125671,6402
132074,125672,6402
132076,125674,6402
132078,125676,6402
132080,125678,6402
132081,125679,6402
132082,125680,6402
132083,125681,6402
132085,125683,6402
132086,125684,6402
132087,125685,6402
132088,125686,6402
132089,125687,6402
132090,125688,6402
132092,125690,6402
132093,125691,6402
132095,125693,6402
132097,125695,6402
132098,125696,6402
132099,125697,6402
132100,125698,6402
132102,125700,6402
132104,125702,6402
132105,125703,6402
132106,125704,6402
132107,125705,6402
132108,125706,6402
132109,125707,6402
132110,125708,6402
132111,125709,6402
132112,125710,6402
132113,125711,6402
132114,125712,6402
132116,125714,6402
132117,125715,6402
132119,125717,6402
132120,125718,6402
132121,125719,6402
132122,125720,6402
132123,125721,6402
132125,125723,6402
132126,125724,6402
132127,125725,6402
132128,125726,6402
132130,125728,6402
132132,125730,6402
132133,125731,6402
132134,125732,6402
132135,125733,6402
132136,125734,6402
132138,125736,6402
132139,125737,6402
132141,125739,6402
132142,125740,6402
132143,125741,6402
132144,125742,6402
132145,125743,6402
132147,125745,6402
132149,125747,6402
132151,125749,6402
132152,125750,6402
132153,125751,6402
132154,125752,6402
132156,125754,6402
132158,125756,6402
132160,125758,6402
132161,125759,6402
132162,125760,6402
132164,125762,6402
132166,125764,6402
132167,125765,6402
132168,125766,6402
132169,125767,6402
132171,125769,6402
132172,125770,6402
132173,125771,6402
132175,125773,6402
132176,125774,6402
132177,125775,6402
132178,125776,6402
132179,125777,6402
132181,125779,6402
132182,125780,6402
132183,125781,6402
132184,125782,6402
132185,125783,6402
132186,125784,6402
132188,125786,6402
132189,125787,6402
132191,125789,6402
132193,125791,6402
132194,125792,6402
132195,125793,6402
132196,125794,6402
132198,125796,6402
132200,125798,6402
132201,125799,6402
132202,125800,6402
132203,125801,6402
132204,125802,6402
132205,125803,6402
132206,125804,6402
132207,125805,6402
132208,125806,6402
132210,125808,6402
132211,125809,6402
132213,125811,6402
132214,125812,6402
132216,125814,6402
132217,125815,6402
132218,125816,6402
132219,125817,6402
132220,125818,6402
132222,125820,6402
132223,125821,6402
132224,125822,6402
132225,125823,6402
132227,125825,6402
132229,125827,6402
132230,125828,6402
132231,125829,6402
132232,125830,6402
132233,125831,6402
132235,125833,6402
132236,125834,6402
132238,125836,6402
132239,125837,6402
132240,125838,6402
132242,125840,6402
132243,125841,6402
132245,125843,6402
132247,125845,6402
132249,125847,6402
132250,125848,6402
132252,125850,6402
132253,125851,6402
132255,125853,6402
132257,125855,6402
132259,125857,6402
132260,125858,6402
132261,125859,6402
132263,125861,6402
132265,125863,6402
132266,125864,6402
132267,125865,6402
132268,125866,6402
132270,125868,6402
132271,125869,6402
132273,125870,6403
132275,125872,6403
132276,125873,6403
132277,125874,6403
132278,125875,6403
132279,125876,6403
132281,125878,6403
132282,125879,6403
132283,125880,6403
132284,125881,6403
132285,125882,6403
132286,125883,6403
132288,125885,6403
132289,125886,6403
132291,125888,6403
132292,125889,6403
132294,125891,6403
132295,125892,6403
132296,125893,6403
132297,125894,6403
132298,125895,6403
132300,125895,6405
132302,125897,6405
132303,125898,6405
132304,125899,6405
132306,125901,6405
132308,125903,6405
132309,125904,6405
132310,125905,6405
132311,125906,6405
132312,125907,6405
132314,125909,6405
132316,125911,6405
132317,125912,6405
132319,125914,6405
132320,125915,6405
132321,125916,6405
132323,125918,6405
132324,125919,6405
132326,125921,6405
132327,125922,6405
132329,125924,6405
132331,125926,6405
132333,125928,6405
132334,125929,6405
132335,125930,6405
132337,125932,6405
132339,125932,6407
132340,125933,6407
132341,125934,6407
132342,125935,6407
132343,125936,6407
132344,125937,6407
132346,125939,6407
132348,125941,6407
132349,125942,6407
132350,125943,6407
132351,125944,6407
132353,125946,6407
132355,125948,6407
132357,125950,6407
132359,125952,6407
132360,125953,6407
132362,125955,6407
132363,125956,6407
132365,125958,6407
132366,125959,6407
132367,125960,6407
132368,125961,6407
132370,125963,6407
132372,125965,6407
132373,125966,6407
132374,125967,6407
132375,125968,6407
132376,125969,6407
132378,125971,6407
132380,125973,6407
132381,125974,6407
132383,125976,6407
132384,125977,6407
132385,125978,6407
132387,125980,6407
132389,125982,6407
132390,125983,6407
132391,125984,6407
132392,125985,6407
132393,125986,6407
132394,125987,6407
132395,125988,6407
132396,125989,6407
132397,125990,6407
132398,125991,6407
132399,125992,6407
132400,125993,6407
132401,125994,6407
132402,125995,6407
132404,125997,6407
132406,125999,6407
132407,126000,6407
132408,126001,6407
132410,126002,6408
132411,126003,6408
132412,126004,6408
132413,126005,6408
132414,126006,6408
132416,126008,6408
132417,126009,6408
132418,126010,6408
132420,126012,6408
132421,126013,6408
132422,126014,6408
132423,126015,6408
132424,126016,6408
132425,126017,6408
132427,126019,6408
132428,126020,6408
132429,126021,6408
132430,126022,6408
132431,126023,6408
132433,126025,6408
132434,126026,6408
132436,126028,6408
132437,126029,6408
132438,126030,6408
132439,126031,6408
132440,126032,6408
132442,126034,6408
132443,126035,6408
132444,126036,6408
132445,126037,6408
132446,126038,6408
132447,126039,6408
132449,126041,6408
132450,126042,6408
132451,126043,6408
132452,126044,6408
132454,126046,6408
132455,126047,6408
132456,126048,6408
132457,126049,6408
132458,126050,6408
132459,126051,6408
132460,126052,6408
132461,126053,6408
132462,126054,6408
132464,126056,6408
132465,126057,6408
132466,126058,6408
132467,126059,6408
132468,126060,6408
132469,126061,6408
132470,126062,6408
132472,126064,6408
132473,126065,6408
132474,126066,6408
132475,126067,6408
132477,126069,6408
132478,126070,6408
132480,126072,6408
132482,126074,6408
132483,126075,6408
132484,126076,6408
132485,126077,6408
132486,126078,6408
132488,126080,6408
132489,126081,6408
132490,126082,6408
132491,126083,6408
132493,126085,6408
132494,126086,6408
132495,126087,6408
132496,126088,6408
132497,126089,6408
132498,126090,6408
132499,126091,6408
132500,126092,6408
132501,126093,6408
132502,126094,6408
132503,126095,6408
132504,126096,6408
132506,126098,6408
132507,126099,6408
132509,126101,6408
132510,126102,6408
132511,126103,6408
132512,126104,6408
132513,126105,6408
132514,126106,6408
132515,126107,6408
132516,126108,6408
132517,126109,6408
132518,126110,6408
132519,126111,6408
132520,126112,6408
132522,126114,6408
132523,126115,6408
132525,126117,6408
132526,126118,6408
132527,126119,6408
132528,126120,6408
132529,126121,6408
132531,126123,6408
132532,126124,6408
132533,126125,6408
132535,126127,6408
132537,126129,6408
132539,126131,6408
132540,126132,6408
132541,126133,6408
132542,126134,6408
132544,126136,6408
132546,126138,6408
132547,126139,6408
132548,126140,6408
132549,126141,6408
132550,126142,6408
132552,126144,6408
132553,126145,6408
132554,126146,6408
132555,126147,6408
132556,126148,6408
132557,126149,6408
132559,126151,6408
132561,126153,6408
132562,126154,6408
132563,126155,6408
132564,126156,6408
132565,126157,6408
132566,126158,6408
132568,126160,6408
132570,126162,6408
132571,126163,6408
132572,126164,6408
132573,126165,6408
132574,126166,6408
132575,126167,6408
132576,126168,6408
132577,126169,6408
132578,126170,6408
132579,126171,6408
132580,126172,6408
132582,126174,6408
132583,126175,6408
132584,126176,6408
132585,126177,6408
132587,126179,6408
132588,126180,6408
132589,126181,6408
132591,126183,6408
132592,126184,6408
132593,126185,6408
132594,126186,6408
132595,126187,6408
132596,126188,6408
132597,126189,6408
132599,126191,6408
132600,126192,6408
132601,126193,6408
132602,126194,6408
132603,126195,6408
132605,126197,6408
132606,126198,6408
132607,126199,6408
132608,126200,6408
132609,126201,6408
132610,126202,6408
132612,126204,6408
132613,126205,6408
132614,126206,6408
132615,126207,6408
132617,126209,6408
132619,126211,6408
132620,126212,6408
132621,126213,6408
132622,126214,6408
132624,126216,6408
132625,126217,6408
132627,126219,6408
132628,126220,6408
132629,126221,6408
132630,126222,6408
132631,126223,6408
132632,126224,6408
132633,126225,6408
132634,126226,6408
132636,126228,6408
132637,126229,6408
132639,126231,6408
132640,126232,6408
132642,126234,6408
132644,126236,6408
132646,126238,6408
132647,126239,6408
132649,126241,6408
132650,126242,6408
132652,126244,6408
132654,126246,6408
132655,126247,6408
132656,126248,6408
132658,126250,6408
132659,126251,6408
132661,126253,6408
132662,126254,6408
132663,126255,6408
132664,126256,6408
132666,126258,6408
132667,126259,6408
132668,126260,6408
132670,126262,6408
132671,126263,6408
132673,126265,6408
132674,126266,6408
132675,126267,6408
132676,126268,6408
132677,126269,6408
132678,126270,6408
132680,126272,6408
132682,126274,6408
132683,126275,6408
132684,126276,6408
132685,126277,6408
132686,126278,6408
132688,126280,6408
132689,126281,6408
132690,126282,6408
132692,126284,6408
132693,126285,6408
132694,126286,6408
132695,126287,6408
132696,126288,6408
132697,126289,6408
132698,126290,6408
132699,126291,6408
132701,126292,6409
132703,126294,6409
132704,126295,6409
132705,126296,6409
132706,126297,6409
132708,126299,6409
132709,126300,6409
132710,126300,6410
132711,126301,6410
132712,126302,6410
132714,126304,6410
132715,126305,6410
132716,126306,6410
132717,126307,6410
132718,126308,6410
132720,126310,6410
132721,126311,6410
132723,126313,6410
132724,126314,6410
132726,126316,6410
132727,126317,6410
132728,126318,6410
132729,126318,6411
132730,126319,6411
132731,126320,6411
132733,126322,6411
132734,126323,6411
132735,126324,6411
132736,126325,6411
132737,126326,6411
132739,126328,6411
132740,126329,6411
132741,126330,6411
132743,126332,6411
132744,126333,6411
132745,126333,6412
132746,126334,6412
132747,126335,6412
132749,126337,6412
132750,126338,6412
132752,126340,6412
132753,126341,6412
132755,126343,6412
132756,126344,6412
132757,126345,6412
132759,126347,6412
132760,126348,6412
132761,126349,6412
132762,126350,6412
132764,126352,6412
132765,126353,6412
132766,126354,6412
132767,126355,6412
132769,126357,6412
132770,126358,6412
132771,126359,6412
132772,126360,6412
132774,126362,6412
132775,126363,6412
132776,126364,6412
132777,126365,6412
132779,126367,6412
132781,126369,6412
132782,126370,6412
132784,126372,6412
132785,126373,6412
132786,126374,6412
132787,126375,6412
132788,126376,6412
132790,126378,6412
132791,126379,6412
132792,126380,6412
132793,126381,6412
132794,126382,6412
132795,126383,6412
132796,126384,6412
132798,126386,6412
132799,126387,6412
132800,126388,6412
132801,126389,6412
132802,126390,6412
132804,126392,6412
132806,126394,6412
132807,126395,6412
132809,126397,6412
132810,126398,6412
132812,126400,6412
132814,126402,6412
132815,126403,6412
132816,126404,6412
132817,126405,6412
132818,126406,6412
132820,126408,6412
132821,126409,6412
132823,126411,6412
132824,126412,6412
132825,126413,6412
132827,126415,6412
132828,126416,6412
132830,126418,6412
132831,126419,6412
132833,126421,6412
132834,126422,6412
132836,126424,6412
132837,126425,6412
132839,126427,6412
132840,126428,6412
132841,126429,6412
132842,126430,6412
132843,126431,6412
132845,126433,6412
132846,126433,6413
132847,126434,6413
132849,126436,6413
132850,126437,6413
132852,126439,6413
132854,126441,6413
132856,126443,6413
132857,126444,6413
132859,126446,6413
132860,126447,6413
132862,126449,6413
132863,126450,6413
132864,126451,6413
132866,126453,6413
132867,126454,6413
132868,126455,6413
132869,126456,6413
132870,126457,6413
132872,126459,6413
132873,126460,6413
132874,126461,6413
132875,126462,6413
132876,126463,6413
132877,126464,6413
132878,126465,6413
132879,126466,6413
132880,126467,6413
132882,126469,6413
132883,126470,6413
132885,126471,6414
132886,126472,6414
132887,126473,6414
132888,126474,6414
132889,126475,6414
132890,126476,6414
132891,126477,6414
132893,126479,6414
132894,126480,6414
132895,126481,6414
132896,126482,6414
132897,126483,6414
132898,126484,6414
132899,126485,6414
132900,126486,6414
132901,126487,6414
132903,126489,6414
132904,126490,6414
132905,126491,6414
132906,126492,6414
132907,126493,6414
132908,126494,6414
132909,126495,6414
132910,126496,6414
132911,126497,6414
132913,126499,6414
132914,126500,6414
132915,126501,6414
132916,126502,6414
132917,126503,6414
132918,126504,6414
132920,126506,6414
132922,126508,6414
132923,126509,6414
132924,126510,6414
132926,126512,6414
132928,126514,6414
132929,126515,6414
132930,126516,6414
132932,126518,6414
132933,126519,6414
132934,126520,6414
132935,126521,6414
132937,126523,6414
132938,126524,6414
132939,126525,6414
132940,126526,6414
132942,126528,6414
132944,126530,6414
132945,126531,6414
132946,126532,6414
132948,126534,6414
132950,126536,6414
132951,126537,6414
132952,126538,6414
132954,126540,6414
132956,126542,6414
132957,126543,6414
132959,126545,6414
132961,126547,6414
132962,126548,6414
132964,126550,6414
132966,126552,6414
132968,126554,6414
132969,126555,6414
132970,126556,6414
132972,126558,6414
132974,126560,6414
132975,126561,6414
132977,126563,6414
132979,126565,6414
132980,126566,6414
132981,126567,6414
132983,126569,6414
132984,126570,6414
132986,126572,6414
132987,126573,6414
132988,126574,6414
132990,126576,6414
132992,126578,6414
132993,126579,6414
132995,126581,6414
132996,126582,6414
132998,126584,6414
132999,126585,6414
133001,126587,6414
133003,126589,6414
133005,126591,6414
133006,126592,6414
133008,126594,6414
133009,126595,6414
133011,126597,6414
133012,126598,6414
133014,126600,6414
133015,126601,6414
133016,126602,6414
133017,126603,6414
133018,126604,6414
133019,126605,6414
133020,126606,6414
133021,126607,6414
133022,126608,6414
133023,126609,6414
133024,126610,6414
133025,126611,6414
133026,126612,6414
133027,126613,6414
133028,126614,6414
133030,126616,6414
133031,126617,6414
133032,126618,6414
133033,126619,6414
133035,126621,6414
133036,126622,6414
133037,126623,6414
133039,126625,6414
133041,126627,6414
133042,126628,6414
133044,126630,6414
133046,126632,6414
133048,126634,6414
133049,126635,6414
133050,126636,6414
133051,126637,6414
133052,126638,6414
133053,126639,6414
133055,126641,6414
133056,126642,6414
133058,126644,6414
133060,126646,6414
133062,126648,6414
133063,126649,6414
133065,126651,6414
133066,126652,6414
133068,126654,6414
133069,126655,6414
133070,126656,6414
133071,126657,6414
133073,126659,6414
133075,126661,6414
133076,126662,6414
133077,126663,6414
133078,126664,6414
133080,126666,6414
133082,126668,6414
133083,126669,6414
133085,126671,6414
133086,126672,6414
133087,126673,6414
133088,126674,6414
133090,126676,6414
133091,126677,6414
133092,126678,6414
133093,126679,6414
133094,126680,6414
133096,126682,6414
133097,126683,6414
133098,126684,6414
133099,126685,6414
133101,126687,6414
133102,126688,6414
133103,126689,6414
133104,126690,6414
133105,126691,6414
133107,126693,6414
133109,126695,6414
133110,126696,6414
133112,126698,6414
133113,126699,6414
133114,126700,6414
133115,126701,6414
133116,126702,6414
133118,126704,6414
133120,126706,6414
133121,126707,6414
133122,126708,6414
133123,126709,6414
133124,126710,6414
133126,126712,6414
133128,126714,6414
133129,126715,6414
133130,126716,6414
133131,126717,6414
133133,126719,6414
133135,126721,6414
133136,126722,6414
133137,126723,6414
133138,126724,6414
133140,126726,6414
133141,126727,6414
133143,126729,6414
133145,126731,6414
133147,126733,6414
133148,126734,6414
133149,126735,6414
133150,126736,6414
133152,126738,6414
133153,126739,6414
133154,126740,6414
133155,126741,6414
133156,126742,6414
133157,126743,6414
133159,126745,6414
133160,126746,6414
133162,126748,6414
133164,126750,6414
133165,126751,6414
133166,126752,6414
133167,126753,6414
133169,126755,6414
133171,126757,6414
133172,126758,6414
133173,126759,6414
133174,126760,6414
133175,126761,6414
133176,126762,6414
133177,126763,6414
133178,126764,6414
133179,126765,6414
133180,126766,6414
133181,126767,6414
133183,126769,6414
133184,126770,6414
133186,126772,6414
133187,126773,6414
133188,126774,6414
133189,126775,6414
133190,126776,6414
133192,126778,6414
133193,126779,6414
133194,126780,6414
133195,126781,6414
133197,126783,6414
133199,126785,6414
133200,126786,6414
133201,126787,6414
133202,126788,6414
133203,126789,6414
133205,126791,6414
133206,126792,6414
133208,126794,6414
133209,126795,6414
133210,126796,6414
133211,126797,6414
133212,126798,6414
133214,126800,6414
133216,126802,6414
133218,126804,6414
133219,126805,6414
133220,126806,6414
133221,126807,6414
133223,126809,6414
133225,126811,6414
133227,126813,6414
133228,126814,6414
133229,126815,6414
133231,126817,6414
133233,126819,6414
133234,126820,6414
133235,126821,6414
133236,126822,6414
133238,126824,6414
133239,126825,6414
133240,126826,6414
133242,126828,6414
133243,126829,6414
133244,126830,6414
133245,126831,6414
133246,126832,6414
133248,126834,6414
133249,126835,6414
133250,126836,6414
133251,126837,6414
133252,126838,6414
133253,126839,6414
133255,126841,6414
133256,126842,6414
133258,126844,6414
133260,126846,6414
133261,126847,6414
133262,126848,6414
133263,126849,6414
133265,126851,6414
133267,126853,6414
133268,126854,6414
133269,126855,6414
133270,126856,6414
133271,126857,6414
133272,126858,6414
133273,126859,6414
133274,126860,6414
133275,126861,6414
133277,126863,6414
133278,126864,6414
133280,126866,6414
133281,126867,6414
133283,126869,6414
133284,126870,6414
133285,126871,6414
133286,126872,6414
133287,126873,6414
133289,126875,6414
133290,126876,6414
133291,126877,6414
133292,126878,6414
133294,126880,6414
133296,126882,6414
133297,126883,6414
133298,126884,6414
133299,126885,6414
133300,126886,6414
133302,126888,6414
133303,126889,6414
133305,126891,6414
133306,126892,6414
133307,126893,6414
133309,126895,6414
133310,126896,6414
133312,126898,6414
133314,126900,6414
133316,126902,6414
133317,126903,6414
133319,126905,6414
133320,126906,6414
133322,126908,6414
133324,126910,6414
133326,126912,6414
133327,126913,6414
133328,126914,6414
133330,126916,6414
133332,126918,6414
133333,126919,6414
133334,126920,6414
133335,126921,6414
133337,126923,6414
133338,126924,6414
133339,126925,6414
133341,126927,6414
133342,126928,6414
133343,126929,6414
133344,126930,6414
133345,126931,6414
133347,126933,6414
133348,126934,6414
133349,126935,6414
133350,126936,6414
133351,126937,6414
133352,126938,6414
133354,126940,6414
133355,126941,6414
133357,126943,6414
133358,126944,6414
133360,126946,6414
133361,126947,6414
133362,126948,6414
133363,126949,6414
133364,126950,6414
133365,126950,6415
133367,126952,6415
133368,126953,6415
133369,126954,6415
133371,126956,6415
133373,126958,6415
133374,126959,6415
133375,126960,6415
133376,126961,6415
133377,126962,6415
133379,126964,6415
133381,126966,6415
133382,126967,6415
133384,126969,6415
133385,126970,6415
133386,126971,6415
133388,126973,6415
133389,126974,6415
133391,126976,6415
133392,126977,6415
133394,126979,6415
133396,126981,6415
133398,126983,6415
133399,126984,6415
133400,126985,6415
133402,126987,6415
133404,126987,6417
133405,126988,6417
133406,126989,6417
133407,126990,6417
133408,126991,6417
133409,126992,6417
133410,126993,6417
133411,126994,6417
133413,126996,6417
133414,126997,6417
133415,126998,6417
133416,126999,6417
133417,127000,6417
133418,127001,6417
133419,127002,6417
133421,127004,6417
133423,127006,6417
133424,127007,6417
133425,127008,6417
133426,127009,6417
133428,127011,6417
133430,127013,6417
133432,127015,6417
133434,127017,6417
133435,127018,6417
133437,127020,6417
133438,127021,6417
133440,127023,6417
133441,127024,6417
133442,127025,6417
133443,127026,6417
133445,127028,6417
133447,127030,6417
133448,127031,6417
133449,127032,6417
133450,127033,6417
133451,127034,6417
133453,127036,6417
133455,127038,6417
133456,127039,6417
133458,127041,6417
133459,127042,6417
133460,127043,6417
133462,127045,6417
133464,127047,6417
133465,127048,6417
133466,127049,6417
133467,127050,6417
133468,127051,6417
133469,127052,6417
133470,127053,6417
133471,127054,6417
133472,127055,6417
133473,127056,6417
133474,127057,6417
133475,127058,6417
133476,127059,6417
133477,127060,6417
133479,127062,6417
133481,127064,6417
133482,127065,6417
133483,127066,6417
133484,127066,6418
133485,127067,6418
133486,127068,6418
133487,127069,6418
133489,127071,6418
133491,127073,6418
133492,127074,6418
133493,127075,6418
133495,127077,6418
133496,127078,6418
133497,127079,6418
133498,127080,6418
133499,127081,6418
133500,127082,6418
133502,127084,6418
133503,127085,6418
133504,127086,6418
133505,127087,6418
133506,127088,6418
133508,127090,6418
133509,127091,6418
133511,127093,6418
133512,127094,6418
133513,127095,6418
133514,127096,6418
133515,127097,6418
133517,127099,6418
133518,127100,6418
133519,127101,6418
133520,127102,6418
133521,127103,6418
133522,127104,6418
133524,127106,6418
133525,127107,6418
133526,127108,6418
133527,127109,6418
133529,127111,6418
133530,127112,6418
133531,127113,6418
133532,127114,6418
133533,127115,6418
133534,127116,6418
133535,127117,6418
133536,127118,6418
133537,127119,6418
133539,127121,6418
133540,127122,6418
133541,127123,6418
133542,127124,6418
133543,127125,6418
133544,127126,6418
133545,127127,6418
133547,127129,6418
133548,127130,6418
133549,127131,6418
133550,127132,6418
133552,127134,6418
133553,127135,6418
133555,127137,6418
133557,127139,6418
133558,127140,6418
133559,127141,6418
133560,127142,6418
133561,127143,6418
133563,127145,6418
133564,127146,6418
133565,127147,6418
133566,127148,6418
133568,127150,6418
133569,127151,6418
133570,127152,6418
133571,127153,6418
133572,127154,6418
133573,127155,6418
133574,127156,6418
133575,127157,6418
133576,127158,6418
133577,127159,6418
133578,127160,6418
133579,127161,6418
133581,127163,6418
133582,127164,6418
133584,127166,6418
133585,127167,6418
133586,127168,6418
133587,127169,6418
133588,127170,6418
133589,127171,6418
133590,127172,6418
133591,127173,6418
133592,127174,6418
133593,127175,6418
133594,127176,6418
133595,127177,6418
133597,127179,6418
133598,127180,6418
133600,127182,6418
133601,127183,6418
133602,127184,6418
133603,127185,6418
133604,127186,6418
133606,127188,6418
133607,127189,6418
133608,127190,6418
133610,127192,6418
133612,127194,6418
133614,127196,6418
133615,127197,6418
133616,127198,6418
133617,127199,6418
133619,127201,6418
133621,127203,6418
133622,127204,6418
133623,127205,6418
133624,127206,6418
133625,127207,6418
133627,127209,6418
133628,127210,6418
133629,127211,6418
133630,127212,6418
133631,127213,6418
133632,127214,6418
133634,127216,6418
133636,127218,6418
133637,127219,6418
133638,127220,6418
133639,127221,6418
133640,127222,6418
133641,127223,6418
133643,127225,6418
133645,127227,6418
133646,127228,6418
133647,127229,6418
133648,127230,6418
133649,127231,6418
133650,127232,6418
133651,127233,6418
133652,127234,6418
133653,127235,6418
133654,127236,6418
133655,127237,6418
133657,127239,6418
133658,127240,6418
133659,127241,6418
133660,127242,6418
133662,127244,6418
133663,127245,6418
133664,127246,6418
133666,127248,6418
133667,127249,6418
133668,127250,6418
133669,127251,6418
133670,127252,6418
133671,127253,6418
133672,127254,6418
133674,127256,6418
133675,127257,6418
133676,127258,6418
133677,127259,6418
133678,127260,6418
133680,127262,6418
133681,127263,6418
133682,127264,6418
133683,127265,6418
133684,127266,6418
133685,127267,6418
133687,127269,6418
133688,127270,6418
133689,127271,6418
133690,127272,6418
133692,127274,6418
133694,127276,6418
133695,127277,6418
133696,127278,6418
133697,127279,6418
133699,127281,6418
133700,127282,6418
133702,127284,6418
133703,127285,6418
133704,127286,6418
133705,127287,6418
133706,127288,6418
133707,127289,6418
133708,127290,6418
133709,127291,6418
133711,127293,6418
133712,127294,6418
133714,127296,6418
133715,127297,6418
133717,127299,6418
133719,127301,6418
133721,127303,6418
133722,127304,6418
133724,127306,6418
133725,127307,6418
133727,127309,6418
133729,127311,6418
133730,127312,6418
133731,127313,6418
133733,127315,6418
133734,127316,6418
133736,127318,6418
133737,127319,6418
133738,127320,6418
133739,127321,6418
133741,127323,6418
133742,127324,6418
133743,127325,6418
133745,127327,6418
133746,127328,6418
133748,127330,6418
133749,127331,6418
133750,127332,6418
133751,127333,6418
133752,127334,6418
133753,127335,6418
133755,127337,6418
133756,127338,6418
133757,127339,6418
133758,127340,6418
133759,127341,6418
133760,127342,6418
133762,127344,6418
133763,127345,6418
133764,127346,6418
133766,127348,6418
133767,127349,6418
133768,127350,6418
133769,127351,6418
133770,127352,6418
133771,127353,6418
133773,127354,6419
133774,127355,6419
133775,127356,6419
133777,127358,6419
133778,127359,6419
133779,127360,6419
133780,127361,6419
133782,127363,6419
133783,127364,6419
133785,127365,6420
133786,127366,6420
133787,127367,6420
133789,127369,6420
133790,127370,6420
133791,127371,6420
133792,127372,6420
133793,127373,6420
133795,127375,6420
133796,127376,6420
133797,127377,6420
133798,127378,6420
133800,127380,6420
133801,127381,6420
133802,127382,6420
133803,127382,6421
133804,127383,6421
133805,127384,6421
133807,127386,6421
133808,127387,6421
133809,127388,6421
133810,127389,6421
133811,127390,6421
133813,127392,6421
133814,127393,6421
133815,127394,6421
133817,127396,6421
133818,127397,6421
133819,127397,6422
133820,127398,6422
133821,127399,6422
133823,127401,6422
133824,127402,6422
133826,127404,6422
133827,127405,6422
133829,127407,6422
133830,127408,6422
133831,127409,6422
133833,127411,6422
133834,127412,6422
133835,127413,6422
133836,127414,6422
133838,127416,6422
133839,127417,6422
133840,127418,6422
133841,127419,6422
133843,127421,6422
133844,127422,6422
133845,127423,6422
133846,127424,6422
133848,127426,6422
133849,127427,6422
133850,127428,6422
133851,127429,6422
133853,127431,6422
133855,127433,6422
133856,127434,6422
133858,127436,6422
133859,127437,6422
133860,127438,6422
133861,127439,6422
133862,127440,6422
133864,127442,6422
133865,127443,6422
133866,127444,6422
133867,127445,6422
133868,127446,6422
133869,127447,6422
133870,127448,6422
133872,127450,6422
133873,127451,6422
133874,127452,6422
133875,127453,6422
133876,127454,6422
133878,127456,6422
133880,127458,6422
133881,127459,6422
133883,127461,6422
133884,127462,6422
133886,127464,6422
133888,127466,6422
133889,127467,6422
133890,127468,6422
133891,127469,6422
133892,127470,6422
133894,127472,6422
133895,127473,6422
133897,127475,6422
133898,127476,6422
133899,127477,6422
133901,127479,6422
133902,127480,6422
133904,127482,6422
133905,127483,6422
133907,127485,6422
133908,127486,6422
133910,127488,6422
133911,127489,6422
133913,127491,6422
133914,127492,6422
133915,127493,6422
133916,127494,6422
133917,127495,6422
133919,127497,6422
133920,127497,6423
133921,127498,6423
133923,127500,6423
133924,127501,6423
133926,127503,6423
133928,127505,6423
133930,127507,6423
133931,127508,6423
133933,127510,6423
133934,127511,6423
133936,127513,6423
133937,127514,6423
133938,127515,6423
133940,127517,6423
133941,127518,6423
133942,127519,6423
133943,127520,6423
133944,127521,6423
133946,127523,6423
133947,127524,6423
133948,127525,6423
133949,127526,6423
133950,127527,6423
133951,127528,6423
133952,127529,6423
133953,127530,6423
133954,127531,6423
133956,127533,6423
133957,127534,6423
133958,127535,6423
133959,127536,6423
133960,127537,6423
133961,127538,6423
133962,127539,6423
133963,127540,6423
133964,127541,6423
133966,127543,6423
133967,127544,6423
133968,127545,6423
133969,127546,6423
133970,127547,6423
133971,127548,6423
133972,127549,6423
133973,127550,6423
133974,127551,6423
133976,127553,6423
133977,127554,6423
133979,127555,6424
133980,127556,6424
133981,127557,6424
133982,127558,6424
133983,127559,6424
133984,127560,6424
133985,127561,6424
133987,127563,6424
133988,127564,6424
133989,127565,6424
133990,127566,6424
133991,127567,6424
133992,127568,6424
133993,127569,6424
133994,127570,6424
133995,127571,6424
133997,127573,6424
133998,127574,6424
133999,127575,6424
134000,127576,6424
134001,127577,6424
134002,127578,6424
134003,127579,6424
134004,127580,6424
134005,127581,6424
134007,127583,6424
134008,127584,6424
134009,127585,6424
134010,127586,6424
134011,127587,6424
134012,127588,6424
134013,127589,6424
134014,127590,6424
134015,127591,6424
134017,127593,6424
134018,127594,6424
134019,127595,6424
134020,127596,6424
134021,127597,6424
134022,127598,6424
134023,127599,6424
134024,127600,6424
134025,127601,6424
134027,127603,6424
134028,127604,6424
134029,127605,6424
134030,127606,6424
134031,127607,6424
134032,127608,6424
134033,127609,6424
134034,127610,6424
134035,127611,6424
134037,127613,6424
134038,127614,6424
134039,127615,6424
134040,127616,6424
134041,127617,6424
134042,127618,6424
134043,127619,6424
134044,127620,6424
134045,127621,6424
134047,127623,6424
134048,127624,6424
134049,127625,6424
134050,127626,6424
134051,127627,6424
134052,127628,6424
134053,127629,6424
134054,127630,6424
134055,127631,6424
134057,127633,6424
134058,127634,6424
134059,127635,6424
134060,127636,6424
134061,127637,6424
134062,127638,6424
134063,127639,6424
134064,127640,6424
134065,127641,6424
134067,127643,6424
134068,127644,6424
134069,127645,6424
134070,127646,6424
134071,127647,6424
134072,127648,6424
134073,127649,6424
134074,127650,6424
134075,127651,6424
134077,127653,6424
134078,127654,6424
134079,127655,6424
134080,127656,6424
134081,127657,6424
134082,127658,6424
134083,127659,6424
134084,127660,6424
134085,127661,6424
134087,127663,6424
134088,127664,6424
134089,127665,6424
134090,127666,6424
134091,127667,6424
134092,127668,6424
134093,127669,6424
134094,127670,6424
134095,127671,6424
134097,127673,6424
134098,127674,6424
134099,127675,6424
134100,127676,6424
134101,127677,6424
134102,127678,6424
134103,127679,6424
134104,127680,6424
134105,127681,6424
134107,127683,6424
134108,127684,6424
134109,127685,6424
134110,127686,6424
134111,127687,6424
134112,127688,6424
134113,127689,6424
134114,127690,6424
134115,127691,6424
134117,127693,6424
134118,127694,6424
134119,127695,6424
134120,127696,6424
134121,127697,6424
134122,127698,6424
134123,127699,6424
134124,127700,6424
134125,127701,6424
134127,127703,6424
134128,127704,6424
134129,127705,6424
134130,127706,6424
134131,127707,6424
134132,127708,6424
134134,127710,6424
134136,127712,6424
134137,127713,6424
134138,127714,6424
134140,127716,6424
134142,127718,6424
134143,127719,6424
134144,127720,6424
134146,127722,6424
134147,127723,6424
134148,127724,6424
134149,127725,6424
134151,127727,6424
134152,127728,6424
134153,127729,6424
134154,127730,6424
134156,127732,6424
134158,127734,6424
134159,127735,6424
134160,127736,6424
134162,127738,6424
134164,127740,6424
134165,127741,6424
134166,127742,6424
134168,127744,6424
134170,127746,6424
134171,127747,6424
134173,127749,6424
134175,127751,6424
134176,127752,6424
134178,127754,6424
134180,127756,6424
134182,127758,6424
134183,127759,6424
134184,127760,6424
134186,127762,6424
134188,127764,6424
134189,127765,6424
134191,127767,6424
134193,127769,6424
134194,127770,6424
134195,127771,6424
134197,127773,6424
134198,127774,6424
134200,127776,6424
134201,127777,6424
134202,127778,6424
134204,127780,6424
134206,127782,6424
134207,127783,6424
134209,127785,6424
134210,127786,6424
134212,127788,6424
134213,127789,6424
134215,127791,6424
134217,127793,6424
134219,127795,6424
134220,127796,6424
134222,127798,6424
134223,127799,6424
134225,127801,6424
134226,127802,6424
134228,127804,6424
134229,127805,6424
134230,127806,6424
134231,127807,6424
134232,127808,6424
134233,127809,6424
134234,127810,6424
134235,127811,6424
134236,127812,6424
134237,127813,6424
134238,127814,6424
134239,127815,6424
134240,127816,6424
134241,127817,6424
134242,127818,6424
134244,127820,6424
134245,127821,6424
134246,127822,6424
134247,127823,6424
134249,127825,6424
134250,127826,6424
134251,127827,6424
134253,127829,6424
134255,127831,6424
134256,127832,6424
134258,127834,6424
134260,127836,6424
134262,127838,6424
134263,127839,6424
134264,127840,6424
134265,127841,6424
134266,127842,6424
134267,127843,6424
134269,127845,6424
134270,127846,6424
134272,127848,6424
134274,127850,6424
134276,127852,6424
134277,127853,6424
134279,127855,6424
134280,127856,6424
134282,127858,6424
134283,127859,6424
134284,127860,6424
134285,127861,6424
134287,127863,6424
134289,127865,6424
134290,127866,6424
134291,127867,6424
134292,127868,6424
134294,127870,6424
134296,127872,6424
134297,127873,6424
134299,127875,6424
134300,127876,6424
134301,127877,6424
134302,127878,6424
134304,127880,6424
134305,127881,6424
134306,127882,6424
134307,127883,6424
134308,127884,6424
134310,127886,6424
134311,127887,6424
134312,127888,6424
134313,127889,6424
134315,127891,6424
134316,127892,6424
134317,127893,6424
134318,127894,6424
134319,127895,6424
134321,127897,6424
134323,127899,6424
134324,127900,6424
134326,127902,6424
134327,127903,6424
134328,127904,6424
134329,127905,6424
134330,127906,6424
134332,127908,6424
134334,127910,6424
134335,127911,6424
134336,127912,6424
134337,127913,6424
134338,127914,6424
134340,127916,6424
134342,127918,6424
134343,127919,6424
134344,127920,6424
134345,127921,6424
134347,127923,6424
134349,127925,6424
134350,127926,6424
134351,127927,6424
134352,127928,6424
134354,127930,6424
134355,127931,6424
134357,127933,6424
134359,127935,6424
134361,127937,6424
134362,127938,6424
134363,127939,6424
134364,127940,6424
134366,127942,6424
134367,127943,6424
134368,127944,6424
134369,127945,6424
134370,127946,6424
134371,127947,6424
134373,127949,6424
134374,127950,6424
134376,127952,6424
134378,127954,6424
134379,127955,6424
134380,127956,6424
134381,127957,6424
134383,127959,6424
134385,127961,6424
134386,127962,6424
134387,127963,6424
134388,127964,6424
134389,127965,6424
134390,127966,6424
134391,127967,6424
134392,127968,6424
134393,127969,6424
134394,127970,6424
134395,127971,6424
134397,127973,6424
134398,127974,6424
134400,127976,6424
134401,127977,6424
134402,127978,6424
134403,127979,6424
134404,127980,6424
134406,127982,6424
134407,127983,6424
134408,127984,6424
134409,127985,6424
134411,127987,6424
134413,127989,6424
134414,127990,6424
134415,127991,6424
134416,127992,6424
134417,127993,6424
134419,127995,6424
134420,127996,6424
134422,127998,6424
134423,127999,6424
134424,128000,6424
134425,128001,6424
134426,128002,6424
134428,128004,6424
134430,128006,6424
134432,128008,6424
134433,128009,6424
134434,128010,6424
134435,128011,6424
134437,128013,6424
134439,128015,6424
134441,128017,6424
134442,128018,6424
134443,128019,6424
134445,128021,6424
134447,128023,6424
134448,128024,6424
134449,128025,6424
134450,128026,6424
134452,128028,6424
134453,128029,6424
134454,128030,6424
134456,128032,6424
134457,128033,6424
134458,128034,6424
134459,128035,6424
134460,128036,6424
134462,128038,6424
134463,128039,6424
134464,128040,6424
134465,128041,6424
134466,128042,6424
134467,128043,6424
134469,128045,6424
134470,128046,6424
134472,128048,6424
134474,128050,6424
134475,128051,6424
134476,128052,6424
134477,128053,6424
134479,128055,6424
134481,128057,6424
134482,128058,6424
134483,128059,6424
134484,128060,6424
134485,128061,6424
134486,128062,6424
134487,128063,6424
134488,128064,6424
134489,128065,6424
134491,128067,6424
134492,128068,6424
134494,128070,6424
134495,128071,6424
134497,128073,6424
134498,128074,6424
134499,128075,6424
134500,128076,6424
134501,128077,6424
134503,128079,6424
134504,128080,6424
134505,128081,6424
134506,128082,6424
134508,128084,6424
134510,128086,6424
134511,128087,6424
134512,128088,6424
134513,128089,6424
134514,128090,6424
134516,128092,6424
134517,128093,6424
134519,128095,6424
134520,128096,6424
134521,128097,6424
134523,128099,6424
134524,128100,6424
134526,128102,6424
134528,128104,6424
134530,128106,6424
134531,128107,6424
134533,128109,6424
134534,128110,6424
134536,128112,6424
134538,128114,6424
134540,128116,6424
134541,128117,6424
134542,128118,6424
134544,128120,6424
134546,128122,6424
134547,128123,6424
134548,128124,6424
134549,128125,6424
134551,128127,6424
134552,128128,6424
134554,128128,6426
134556,128130,6426
134557,128131,6426
134558,128132,6426
134559,128133,6426
134560,128134,6426
134562,128136,6426
134563,128137,6426
134564,128138,6426
134565,128139,6426
134566,128140,6426
134567,128141,6426
134569,128143,6426
134570,128144,6426
134572,128146,6426
134573,128147,6426
134575,128149,6426
134576,128150,6426
134577,128151,6426
134578,128152,6426
134579,128153,6426
134580,128153,6427
134582,128155,6427
134583,128156,6427
134584,128157,6427
134586,128159,6427
134588,128161,6427
134589,128162,6427
134590,128163,6427
134591,128164,6427
134592,128165,6427
134594,128167,6427
134596,128169,6427
134597,128170,6427
134599,128172,6427
134600,128173,6427
134601,128174,6427
134603,128176,6427
134604,128177,6427
134606,128179,6427
134607,128180,6427
134609,128182,6427
134611,128184,6427
134613,128186,6427
134614,128187,6427
134615,128188,6427
134617,128190,6427
134619,128190,6429
134620,128191,6429
134621,128192,6429
134622,128193,6429
134623,128194,6429
134624,128195,6429
134625,128196,6429
134626,128197,6429
134628,128199,6429
134629,128200,6429
134630,128201,6429
134631,128202,6429
134632,128203,6429
134633,128204,6429
134634,128205,6429
134636,128207,6429
134638,128209,6429
134639,128210,6429
134640,128211,6429
134641,128212,6429
134643,128214,6429
134645,128216,6429
134647,128218,6429
134649,128220,6429
134650,128221,6429
134652,128223,6429
134653,128224,6429
134655,128226,6429
134656,128227,6429
134657,128228,6429
134658,128229,6429
134660,128231,6429
134662,128233,6429
134663,128234,6429
134664,128235,6429
134665,128236,6429
134666,128237,6429
134668,128239,6429
134670,128241,6429
134671,128242,6429
134673,128244,6429
134674,128245,6429
134675,128246,6429
134677,128248,6429
134679,128250,6429
134680,128251,6429
134681,128252,6429
134682,128253,6429
134683,128254,6429
134684,128255,6429
134685,128256,6429
134686,128257,6429
134687,128258,6429
134688,128259,6429
134689,128260,6429
134690,128261,6429
134691,128262,6429
134692,128263,6429
134694,128265,6429
134696,128267,6429
134697,128268,6429
134698,128269,6429
134699,128269,6430
134700,128270,6430
134701,128271,6430
134702,128272,6430
134704,128274,6430
134706,128276,6430
134707,128277,6430
134708,128278,6430
134710,128280,6430
134711,128281,6430
134712,128282,6430
134713,128283,6430
134714,128284,6430
134715,128285,6430
134717,128287,6430
134718,128288,6430
134719,128289,6430
134720,128290,6430
134721,128291,6430
134723,128293,6430
134724,128294,6430
134726,128296,6430
134727,128297,6430
134728,128298,6430
134729,128299,6430
134730,128300,6430
134732,128302,6430
134733,128303,6430
134734,128304,6430
134735,128305,6430
134736,128306,6430
134737,128307,6430
134739,128309,6430
134740,128310,6430
134741,128311,6430
134742,128312,6430
134744,128314,6430
134745,128315,6430
134746,128316,6430
134747,128317,6430
134748,128318,6430
134749,128319,6430
134750,128320,6430
134751,128321,6430
134752,128322,6430
134754,128324,6430
134755,128325,6430
134756,128326,6430
134757,128327,6430
134758,128328,6430
134759,128329,6430
134760,128330,6430
134762,128332,6430
134763,128333,6430
134764,128334,6430
134765,128335,6430
134767,128337,6430
134768,128338,6430
134770,128340,6430
134772,128342,6430
134773,128343,6430
134774,128344,6430
134775,128345,6430
134776,128346,6430
134778,128348,6430
134779,128349,6430
134780,128350,6430
134781,128351,6430
134783,128353,6430
134784,128354,6430
134785,128355,6430
134786,128356,6430
134787,128357,6430
134788,128358,6430
134789,128359,6430
134790,128360,6430
134791,128361,6430
134792,128362,6430
134793,128363,6430
134794,128364,6430
134796,128366,6430
134797,128367,6430
134799,128369,6430
134800,128370,6430
134801,128371,6430
134802,128372,6430
134803,128373,6430
134804,128374,6430
134805,128375,6430
134806,128376,6430
134807,128377,6430
134808,128378,6430
134809,128379,6430
134810,128380,6430
134812,128382,6430
134813,128383,6430
134815,128385,6430
134816,128386,6430
134817,128387,6430
134818,128388,6430
134819,128389,6430
134821,128391,6430
134822,128392,6430
134823,128393,6430
134825,128395,6430
134827,128397,6430
134829,128399,6430
134830,128400,6430
134831,128401,6430
134832,128402,6430
134834,128404,6430
134836,128406,6430
134837,128407,6430
134838,128408,6430
134839,128409,6430
134840,128410,6430
134842,128412,6430
134843,128413,6430
134844,128414,6430
134845,128415,6430
134846,128416,6430
134847,128417,6430
134849,128419,6430
134851,128421,6430
134852,128422,6430
134853,128423,6430
134854,128424,6430
134855,128425,6430
134856,128426,6430
134858,128428,6430
134860,128430,6430
134861,128431,6430
134862,128432,6430
134863,128433,6430
134864,128434,6430
134865,128435,6430
134866,128436,6430
134867,128437,6430
134868,128438,6430
134869,128439,6430
134870,128440,6430
134872,128442,6430
134873,128443,6430
134874,128444,6430
134875,128445,6430
134877,128447,6430
134878,128448,6430
134879,128449,6430
134881,128451,6430
134882,128452,6430
134883,128453,6430
134884,128454,6430
134885,128455,6430
134886,128456,6430
134887,128457,6430
134889,128459,6430
134890,128460,6430
134891,128461,6430
134892,128462,6430
134893,128463,6430
134895,128465,6430
134896,128466,6430
134897,128467,6430
134898,128468,6430
134899,128469,6430
134900,128470,6430
134902,128472,6430
134903,128473,6430
134904,128474,6430
134905,128475,6430
134907,128477,6430
134909,128479,6430
134910,128480,6430
134911,128481,6430
134912,128482,6430
134914,128484,6430
134915,128485,6430
134917,128487,6430
134918,128488,6430
134919,128489,6430
134920,128490,6430
134921,128491,6430
134922,128492,6430
134923,128493,6430
134924,128494,6430
134926,128496,6430
134927,128497,6430
134929,128499,6430
134930,128500,6430
134932,128502,6430
134934,128504,6430
134936,128506,6430
134937,128507,6430
134939,128509,6430
134940,128510,6430
134942,128512,6430
134944,128514,6430
134945,128515,6430
134946,128516,6430
134948,128518,6430
134949,128519,6430
134951,128521,6430
134952,128522,6430
134953,128523,6430
134954,128524,6430
134956,128526,6430
134957,128527,6430
134958,128528,6430
134960,128530,6430
134961,128531,6430
134963,128533,6430
134964,128534,6430
134965,128535,6430
134966,128536,6430
134967,128537,6430
134968,128538,6430
134970,128540,6430
134971,128541,6430
134972,128542,6430
134973,128543,6430
134974,128544,6430
134975,128545,6430
134977,128547,6430
134978,128548,6430
134979,128549,6430
134981,128551,6430
134982,128552,6430
134983,128553,6430
134984,128554,6430
134985,128555,6430
134986,128556,6430
134987,128557,6430
134988,128558,6430
134990,128559,6431
134992,128561,6431
134993,128562,6431
134994,128563,6431
134995,128564,6431
134997,128566,6431
134998,128567,6431
134999,128567,6432
135000,128568,6432
135001,128569,6432
135003,128571,6432
135004,128572,6432
135005,128573,6432
135006,128574,6432
135007,128575,6432
135009,128577,6432
135010,128578,6432
135012,128580,6432
135013,128581,6432
135015,128583,6432
135016,128584,6432
135017,128585,6432
135019,128585,6434
135020,128586,6434
135021,128587,6434
135023,128589,6434
135024,128590,6434
135025,128591,6434
135026,128592,6434
135027,128593,6434
135029,128595,6434
135030,128596,6434
135031,128597,6434
135033,128599,6434
135034,128600,6434
135035,128600,6435
135036,128601,6435
135037,128602,6435
135039,128604,6435
135040,128605,6435
135042,128607,6435
135043,128608,6435
135045,128610,6435
135046,128611,6435
135047,128612,6435
135049,128614,6435
135050,128615,6435
135051,128616,6435
135052,128617,6435
135054,128619,6435
135055,128620,6435
135056,128621,6435
135057,128622,6435
135059,128624,6435
135060,128625,6435
135061,128626,6435
135062,128627,6435
135064,128629,6435
135065,128630,6435
135066,128631,6435
135067,128632,6435
135069,128634,6435
135071,128636,6435
135072,128637,6435
135074,128639,6435
135075,128640,6435
135076,128641,6435
135077,128642,6435
135078,128643,6435
135080,128645,6435
135081,128646,6435
135082,128647,6435
135083,128648,6435
135084,128649,6435
135085,128650,6435
135086,128651,6435
135088,128653,6435
135089,128654,6435
135090,128655,6435
135091,128656,6435
135092,128657,6435
135094,128659,6435
135096,128661,6435
135097,128662,6435
135099,128664,6435
135100,128665,6435
135102,128667,6435
135104,128669,6435
135105,128670,6435
135106,128671,6435
135107,128672,6435
135108,128673,6435
135110,128675,6435
135111,128676,6435
135113,128678,6435
135114,128679,6435
135115,128680,6435
135117,128682,6435
135118,128683,6435
135120,128685,6435
135121,128686,6435
135123,128688,6435
135124,128689,6435
135126,128691,6435
135127,128692,6435
135129,128694,6435
135130,128695,6435
135131,128696,6435
135132,128697,6435
135133,128698,6435
135135,128700,6435
135136,128700,6436
135137,128701,6436
135139,128703,6436
135140,128704,6436
135142,128706,6436
135144,128708,6436
135146,128710,6436
135147,128711,6436
135149,128713,6436
135150,128714,6436
135152,128716,6436
135153,128717,6436
135154,128718,6436
135156,128720,6436
135157,128721,6436
135158,128722,6436
135159,128723,6436
135160,128724,6436
135162,128726,6436
135163,128727,6436
135164,128728,6436
135165,128729,6436
135166,128730,6436
135167,128731,6436
135168,128732,6436
135169,128733,6436
135170,128734,6436
135172,128736,6436
135173,128737,6436
135174,128738,6436
135175,128739,6436
135176,128740,6436
135177,128741,6436
135178,128742,6436
135179,128743,6436
135180,128744,6436
135182,128746,6436
135183,128747,6436
135184,128748,6436
135185,128749,6436
135186,128750,6436
135187,128751,6436
135188,128752,6436
135189,128753,6436
135190,128754,6436
135192,128756,6436
135193,128757,6436
135194,128758,6436
135195,128759,6436
135196,128760,6436
135197,128761,6436
135198,128762,6436
135199,128763,6436
135200,128764,6436
135202,128766,6436
135203,128767,6436
135204,128768,6436
135205,128769,6436
135206,128770,6436
135207,128771,6436
135208,128772,6436
135209,128773,6436
135210,128774,6436
135212,128776,6436
135213,128777,6436
135214,128778,6436
135215,128779,6436
135216,128780,6436
135217,128781,6436
135219,128783,6436
135221,128785,6436
135222,128786,6436
135223,128787,6436
135225,128789,6436
135227,128791,6436
135228,128792,6436
135229,128793,6436
135231,128795,6436
135232,128796,6436
135233,128797,6436
135234,128798,6436
135236,128800,6436
135237,128801,6436
135238,128802,6436
135239,128803,6436
135241,128805,6436
135243,128807,6436
135244,128808,6436
135245,128809,6436
135247,128811,6436
135249,128813,6436
135250,128814,6436
135251,128815,6436
135253,128817,6436
135255,128819,6436
135256,128820,6436
135258,128822,6436
135260,128824,6436
135261,128825,6436
135263,128827,6436
135265,128829,6436
135267,128831,6436
135268,128832,6436
135269,128833,6436
135271,128835,6436
135273,128837,6436
135274,128838,6436
135276,128840,6436
135278,128842,6436
135279,128843,6436
135280,128844,6436
135282,128846,6436
135283,128847,6436
135285,128849,6436
135286,128850,6436
135287,128851,6436
135289,128853,6436
135291,128855,6436
135292,128856,6436
135294,128858,6436
135295,128859,6436
135297,128861,6436
135298,128862,6436
135300,128864,6436
135302,128866,6436
135304,128868,6436
135305,128869,6436
135307,128871,6436
135308,128872,6436
135310,128874,6436
135311,128875,6436
135313,128877,6436
135314,128878,6436
135315,128879,6436
135316,128880,6436
135317,128881,6436
135318,128882,6436
135319,128883,6436
135320,128884,6436
135321,128885,6436
135322,128886,6436
135323,128887,6436
135324,128888,6436
135325,128889,6436
135326,128890,6436
135327,128891,6436
135329,128893,6436
135330,128894,6436
135331,128895,6436
135332,128896,6436
135334,128898,6436
135335,128899,6436
135336,128900,6436
135338,128902,6436
135340,128904,6436
135341,128905,6436
135343,128907,6436
135345,128909,6436
135347,128911,6436
135348,128912,6436
135349,128913,6436
135350,128914,6436
135351,128915,6436
135352,128916,6436
135354,128918,6436
135355,128919,6436
135357,128921,6436
135359,128923,6436
135361,128925,6436
135362,128926,6436
135364,128928,6436
135365,128929,6436
135367,128931,6436
135368,128932,6436
135369,128933,6436
135370,128934,6436
135372,128936,6436
135374,128938,6436
135375,128939,6436
135376,128940,6436
135377,128941,6436
135379,128943,6436
135381,128945,6436
135382,128946,6436
135384,128948,6436
135385,128949,6436
135386,128950,6436
135387,128951,6436
135389,128953,6436
135390,128954,6436
135391,128955,6436
135392,128956,6436
135393,128957,6436
135395,128959,6436
135396,128960,6436
135397,128961,6436
135398,128962,6436
135400,128964,6436
135401,128965,6436
135402,128966,6436
135403,128967,6436
135404,128968,6436
135406,128970,6436
135408,128972,6436
135409,128973,6436
135411,128975,6436
135412,128976,6436
135413,128977,6436
135414,128978,6436
135415,128979,6436
135417,128981,6436
135419,128983,6436
135420,128984,6436
135421,128985,6436
135422,128986,6436
135423,128987,6436
135425,128989,6436
135427,128991,6436
135428,128992,6436
135429,128993,6436
135430,128994,6436
135432,128996,6436
135434,128998,6436
135435,128999,6436
135436,129000,6436
135437,129001,6436
135439,129003,6436
135440,129004,6436
135442,129006,6436
135444,129008,6436
135446,129010,6436
135447,129011,6436
135448,129012,6436
135449,129013,6436
135451,129015,6436
135452,129016,6436
135453,129017,6436
135454,129018,6436
135455,129019,6436
135456,129020,6436
135458,129022,6436
135459,129023,6436
135461,129025,6436
135463,129027,6436
135464,129028,6436
135465,129029,6436
135466,129030,6436
135468,129032,6436
135470,129034,6436
135471,129035,6436
135472,129036,6436
135473,129037,6436
135474,129038,6436
135475,129039,6436
135476,129040,6436
135477,129041,6436
135478,129042,6436
135479,129043,6436
135480,129044,6436
135482,129046,6436
135483,129047,6436
135485,129049,6436
135486,129050,6436
135487,129051,6436
135488,129052,6436
135489,129053,6436
135491,129055,6436
135492,129056,6436
135493,129057,6436
135494,129058,6436
135496,129060,6436
135498,129062,6436
135499,129063,6436
135500,129064,6436
135501,129065,6436
135502,129066,6436
135504,129068,6436
135505,129069,6436
135507,129071,6436
135508,129072,6436
135509,129073,6436
135510,129074,6436
135511,129075,6436
135513,129077,6436
135515,129079,6436
135517,129081,6436
135518,129082,6436
135519,129083,6436
135520,129084,6436
135522,129086,6436
135524,129088,6436
135526,129090,6436
135527,129091,6436
135528,129092,6436
135530,129094,6436
135532,129096,6436
135533,129097,6436
135534,129098,6436
135535,129099,6436
135537,129101,6436
135538,129102,6436
135539,129103,6436
135541,129105,6436
135542,129106,6436
135543,129107,6436
135544,129108,6436
135545,129109,6436
135547,129111,6436
135548,129112,6436
135549,129113,6436
135550,129114,6436
135551,129115,6436
135552,129116,6436
135554,129118,6436
135555,129119,6436
135557,129121,6436
135559,129123,6436
135560,129124,6436
135561,129125,6436
135562,129126,6436
135564,129128,6436
135566,129130,6436
135567,129131,6436
135568,129132,6436
135569,129133,6436
135570,129134,6436
135571,129135,6436
135572,129136,6436
135573,129137,6436
135574,129138,6436
135576,129140,6436
135577,129141,6436
135579,129143,6436
135580,129144,6436
135582,129146,6436
135583,129147,6436
135584,129148,6436
135585,129149,6436
135586,129150,6436
135588,129152,6436
135589,129153,6436
135590,129154,6436
135591,129155,6436
135593,129157,6436
135595,129159,6436
135596,129160,6436
135597,129161,6436
135598,129162,6436
135599,129163,6436
135601,129165,6436
135602,129166,6436
135604,129168,6436
135605,129169,6436
135606,129170,6436
135608,129172,6436
135609,129173,6436
135611,129175,6436
135613,129177,6436
135615,129179,6436
135616,129180,6436
135618,129182,6436
135619,129183,6436
135621,129185,6436
135623,129187,6436
135625,129189,6436
135626,129190,6436
135627,129191,6436
135629,129193,6436
135631,129195,6436
135632,129196,6436
135633,129197,6436
135634,129198,6436
135636,129200,6436
135637,129201,6436
135638,129202,6436
135640,129204,6436
135641,129205,6436
135642,129206,6436
135643,129207,6436
135644,129208,6436
135646,129210,6436
135647,129211,6436
135648,129212,6436
135649,129213,6436
135650,129214,6436
135651,129215,6436
135653,129217,6436
135654,129218,6436
135656,129220,6436
135657,129221,6436
135659,129223,6436
135660,129224,6436
135661,129225,6436
135662,129226,6436
135663,129227,6436
135665,129227,6438
135667,129229,6438
135668,129230,6438
135669,129231,6438
135671,129233,6438
135673,129235,6438
135674,129236,6438
135675,129237,6438
135676,129238,6438
135677,129239,6438
135679,129241,6438
135681,129243,6438
135682,129244,6438
135684,129246,6438
135685,129247,6438
135686,129248,6438
135688,129250,6438
135689,129251,6438
135691,129253,6438
135692,129254,6438
135694,129256,6438
135696,129258,6438
135698,129260,6438
135699,129261,6438
135700,129262,6438
135702,129264,6438
135703,129264,6439
135704,129265,6439
135705,129266,6439
135706,129267,6439
135707,129268,6439
135708,129269,6439
135709,129270,6439
135710,129271,6439
135712,129273,6439
135713,129274,6439
135714,129275,6439
135715,129276,6439
135716,129277,6439
135717,129278,6439
135718,129279,6439
135719,129280,6439
135720,129281,6439
135722,129283,6439
135723,129284,6439
135724,129285,6439
135725,129286,6439
135726,129287,6439
135727,129288,6439
135728,129289,6439
135730,129291,6439
135732,129293,6439
135733,129294,6439
135734,129295,6439
135735,129296,6439
135737,129298,6439
135739,129300,6439
135741,129302,6439
135743,129304,6439
135744,129305,6439
135746,129307,6439
135747,129308,6439
135749,129310,6439
135750,129311,6439
135751,129312,6439
135752,129313,6439
135754,129315,6439
135756,129317,6439
135757,129318,6439
135758,129319,6439
135759,129320,6439
135760,129321,6439
135762,129323,6439
135764,129325,6439
135765,129326,6439
135767,129328,6439
135768,129329,6439
135769,129330,6439
135771,129332,6439
135773,129334,6439
135774,129335,6439
135775,129336,6439
135776,129337,6439
135777,129338,6439
135778,129339,6439
135779,129340,6439
135780,129341,6439
135781,129342,6439
135782,129343,6439
135783,129344,6439
135784,129345,6439
135785,129346,6439
135786,129347,6439
135788,129349,6439
135790,129351,6439
135791,129352,6439
135792,129353,6439
135793,129353,6440
135794,129354,6440
135795,129355,6440
135796,129356,6440
135798,129358,6440
135800,129360,6440
135801,129361,6440
135802,129362,6440
135804,129364,6440
135805,129365,6440
135806,129366,6440
135807,129367,6440
135808,129368,6440
135809,129369,6440
135811,129371,6440
135812,129372,6440
135813,129373,6440
135814,129374,6440
135815,129375,6440
135817,129377,6440
135818,129378,6440
135820,129380,6440
135821,129381,6440
135822,129382,6440
135823,129383,6440
135824,129384,6440
135826,129386,6440
135827,129387,6440
135828,129388,6440
135830,129389,6441
135831,129390,6441
135832,129391,6441
135834,129393,6441
135835,129394,6441
135836,129395,6441
135837,129396,6441
135839,129398,6441
135840,129399,6441
135841,129400,6441
135842,129401,6441
135843,129402,6441
135844,129403,6441
135845,129404,6441
135846,129405,6441
135847,129406,6441
135849,129408,6441
135850,129409,6441
135851,129410,6441
135852,129411,6441
135853,129412,6441
135854,129413,6441
135855,129414,6441
135857,129416,6441
135858,129417,6441
135859,129418,6441
135860,129419,6441
135862,129421,6441
135863,129422,6441
135865,129424,6441
135867,129426,6441
135868,129427,6441
135869,129428,6441
135870,129429,6441
135871,129430,6441
135873,129432,6441
135874,129433,6441
135875,129434,6441
135876,129435,6441
135878,129437,6441
135879,129438,6441
135880,129439,6441
135881,129440,6441
135882,129441,6441
135883,129442,6441
135884,129443,6441
135885,129444,6441
135886,129445,6441
135887,129446,6441
135888,129447,6441
135889,129448,6441
135891,129450,6441
135892,129451,6441
135894,129453,6441
135895,129454,6441
135896,129455,6441
135897,129456,6441
135898,129457,6441
135899,129458,6441
135900,129459,6441
135901,129460,6441
135902,129461,6441
135903,129462,6441
135904,129463,6441
135905,129464,6441
135907,129466,6441
135908,129467,6441
135910,129469,6441
135911,129470,6441
135912,129471,6441
135913,129472,6441
135914,129473,6441
135916,129475,6441
135917,129476,6441
135918,129477,6441
135920,129479,6441
135922,129481,6441
135924,129483,6441
135925,129484,6441
135926,129485,6441
135927,129486,6441
135929,129488,6441
135931,129490,6441
135932,129491,6441
135933,129492,6441
135934,129493,6441
135935,129494,6441
135937,129496,6441
135938,129497,6441
135939,129498,6441
135940,129499,6441
135941,129500,6441
135942,129501,6441
135944,129503,6441
135946,129505,6441
135947,129506,6441
135948,129507,6441
135949,129508,6441
135950,129509,6441
135951,129510,6441
135953,129512,6441
135955,129514,6441
135956,129515,6441
135957,129516,6441
135958,129517,6441
135959,129518,6441
135960,129519,6441
135961,129520,6441
135962,129521,6441
135963,129522,6441
135964,129523,6441
135965,129524,6441
135967,129526,6441
135968,129527,6441
135969,129528,6441
135970,129529,6441
135972,129531,6441
135973,129532,6441
135974,129533,6441
135976,129535,6441
135977,129536,6441
135978,129537,6441
135979,129538,6441
135980,129539,6441
135981,129540,6441
135982,129541,6441
135984,129543,6441
135985,129544,6441
135986,129545,6441
135987,129546,6441
135988,129547,6441
135990,129549,6441
135991,129550,6441
135992,129551,6441
135993,129552,6441
135994,129553,6441
135995,129554,6441
135997,129556,6441
135998,129557,6441
135999,129558,6441
136000,129559,6441
136002,129561,6441
136004,129563,6441
136005,129564,6441
136006,129565,6441
136007,129566,6441
136009,129568,6441
136010,129569,6441
136012,129571,6441
136013,129572,6441
136014,129573,6441
136015,129574,6441
136016,129575,6441
136017,129576,6441
136018,129577,6441
136019,129578,6441
136021,129580,6441
136022,129581,6441
136024,129583,6441
136025,129584,6441
136027,129586,6441
136029,129588,6441
136031,129590,6441
136032,129591,6441
136034,129593,6441
136035,129594,6441
136037,129596,6441
136039,129598,6441
136040,129599,6441
136041,129600,6441
136043,129602,6441
136044,129603,6441
136046,129605,6441
136047,129606,6441
136048,129607,6441
136049,129608,6441
136051,129610,6441
136052,129611,6441
136053,129612,6441
136055,129614,6441
136056,129615,6441
136058,129617,6441
136059,129618,6441
136060,129619,6441
136061,129620,6441
136062,129621,6441
136063,129622,6441
136065,129624,6441
136066,129625,6441
136067,129626,6441
136068,129627,6441
136069,129628,6441
136070,129629,6441
136072,129631,6441
136073,129632,6441
136074,129633,6441
136076,129635,6441
136077,129636,6441
136078,129637,6441
136079,129638,6441
136080,129639,6441
136081,129640,6441
136083,129641,6442
136084,129642,6442
136085,129643,6442
136087,129645,6442
136088,129646,6442
136089,129647,6442
136090,129648,6442
136092,129650,6442
136093,129651,6442
136095,129652,6443
136096,129653,6443
136097,129654,6443
136099,129656,6443
136100,129657,6443
136101,129658,6443
136102,129659,6443
136103,129660,6443
136105,129662,6443
136106,129663,6443
136107,129664,6443
136108,129665,6443
136110,129667,6443
136111,129668,6443
136112,129669,6443
136113,129669,6444
136114,129670,6444
136115,129671,6444
136117,129673,6444
136118,129674,6444
136119,129675,6444
136120,129676,6444
136121,129677,6444
136123,129679,6444
136124,129680,6444
136125,129681,6444
136127,129683,6444
136128,129684,6444
136129,129684,6445
136130,129685,6445
136131,129686,6445
136133,129688,6445
136134,129689,6445
136136,129691,6445
136137,129692,6445
136139,129694,6445
136140,129695,6445
136141,129696,6445
136143,129698,6445
136144,129699,6445
136145,129700,6445
136146,129701,6445
136148,129703,6445
136149,129704,6445
136150,129705,6445
136151,129706,6445
136153,129708,6445
136154,129709,6445
136155,129710,6445
136156,129711,6445
136158,129713,6445
136159,129714,6445
136160,129715,6445
136161,129716,6445
136163,129718,6445
136165,129720,6445
136166,129721,6445
136168,129723,6445
136169,129724,6445
136170,129725,6445
136171,129726,6445
136172,129727,6445
136174,129729,6445
136175,129730,6445
136176,129731,6445
136177,129732,6445
136178,129733,6445
136179,129734,6445
136180,129735,6445
136182,129737,6445
136183,129738,6445
136184,129739,6445
136185,129740,6445
136186,129741,6445
136188,129743,6445
136190,129745,6445
136191,129746,6445
136193,129748,6445
136194,129749,6445
136196,129751,6445
136198,129753,6445
136199,129754,6445
136200,129755,6445
136201,129756,6445
136202,129757,6445
136204,129759,6445
136205,129760,6445
136207,129762,6445
136208,129763,6445
136209,129764,6445
136211,129766,6445
136212,129767,6445
136214,129769,6445
136215,129770,6445
136217,129772,6445
136218,129773,6445
136220,129775,6445
136221,129776,6445
136223,129778,6445
136224,129779,6445
136225,129780,6445
136226,129781,6445
136227,129782,6445
136229,129784,6445
136230,129784,6446
136231,129785,6446
136233,129787,6446
136234,129788,6446
136236,129790,6446
136238,129792,6446
136240,129794,6446
136241,129795,6446
136243,129797,6446
136244,129798,6446
136246,129800,6446
136247,129801,6446
136248,129802,6446
136250,129804,6446
136251,129805,6446
136252,129806,6446
136253,129807,6446
136254,129808,6446
136256,129810,6446
136257,129811,6446
136258,129812,6446
136259,129813,6446
136260,129814,6446
136261,129815,6446
136262,129816,6446
136263,129817,6446
136264,129818,6446
136266,129820,6446
136267,129821,6446
136268,129822,6446
136269,129823,6446
136270,129824,6446
136271,129825,6446
136272,129826,6446
136273,129827,6446
136274,129828,6446
136276,129830,6446
136277,129831,6446
136278,129832,6446
136279,129833,6446
136280,129834,6446
136281,129835,6446
136282,129836,6446
136283,129837,6446
136284,129838,6446
136286,129840,6446
136287,129841,6446
136289,129842,6447
136290,129843,6447
136291,129844,6447
136292,129845,6447
136293,129846,6447
136294,129847,6447
136295,129848,6447
136297,129850,6447
136298,129851,6447
136299,129852,6447
136300,129853,6447
136301,129854,6447
136302,129855,6447
136303,129856,6447
136304,129857,6447
136305,129858,6447
136307,129860,6447
136308,129861,6447
136309,129862,6447
136310,129863,6447
136311,129864,6447
136312,129865,6447
136313,129866,6447
136314,129867,6447
136315,129868,6447
136317,129870,6447
136318,129871,6447
136319,129872,6447
136320,129873,6447
136321,129874,6447
136322,129875,6447
136323,129876,6447
136324,129877,6447
136325,129878,6447
136327,129880,6447
136328,129881,6447
136329,129882,6447
136330,129883,6447
136331,129884,6447
136332,129885,6447
136333,129886,6447
136334,129887,6447
136335,129888,6447
136337,129890,6447
136338,129891,6447
136339,129892,6447
136340,129893,6447
136341,129894,6447
136342,129895,6447
136343,129896,6447
136344,129897,6447
136345,129898,6447
136347,129900,6447
136348,129901,6447
136349,129902,6447
136350,129903,6447
136351,129904,6447
136352,129905,6447
136353,129906,6447
136354,129907,6447
136355,129908,6447
136357,129910,6447
136358,129911,6447
136359,129912,6447
136360,129913,6447
136361,129914,6447
136362,129915,6447
136363,129916,6447
136364,129917,6447
136365,129918,6447
136367,129920,6447
136368,129921,6447
136369,129922,6447
136370,129923,6447
136371,129924,6447
136372,129925,6447
136373,129926,6447
136374,129927,6447
136375,129928,6447
136377,129930,6447
136378,129931,6447
136379,129932,6447
136380,129933,6447
136381,129934,6447
136382,129935,6447
136383,129936,6447
136384,129937,6447
136385,129938,6447
136387,129940,6447
136388,129941,6447
136389,129942,6447
136390,129943,6447
136391,129944,6447
136392,129945,6447
136393,129946,6447
136394,129947,6447
136395,129948,6447
136397,129950,6447
136398,129951,6447
136399,129952,6447
136400,129953,6447
136401,129954,6447
136402,129955,6447
136403,129956,6447
136404,129957,6447
136405,129958,6447
136407,129960,6447
136408,129961,6447
136409,129962,6447
136410,129963,6447
136411,129964,6447
136412,129965,6447
136413,129966,6447
136414,129967,6447
136415,129968,6447
136417,129970,6447
136418,129971,6447
136419,129972,6447
136420,129973,6447
136421,129974,6447
136422,129975,6447
136424,129977,6447
136426,129979,6447
136427,129980,6447
136428,129981,6447
136430,129983,6447
136432,129985,6447
136433,129986,6447
136434,129987,6447
136436,129989,6447
136437,129990,6447
136438,129991,6447
136439,129992,6447
136441,129994,6447
136442,129995,6447
136443,129996,6447
136444,129997,6447
136446,129999,6447
136448,130001,6447
136449,130002,6447
136450,130003,6447
136452,130005,6447
136454,130007,6447
136455,130008,6447
136456,130009,6447
136458,130011,6447
136460,130013,6447
136461,130014,6447
136463,130016,6447
136465,130018,6447
136466,130019,6447
136468,130021,6447
136470,130023,6447
136472,130025,6447
136473,130026,6447
136474,130027,6447
136476,130029,6447
136478,130031,6447
136479,130032,6447
136481,130034,6447
136483,130036,6447
136484,130037,6447
136485,130038,6447
136487,130040,6447
136488,130041,6447
136490,130043,6447
136491,130044,6447
136492,130045,6447
136494,130047,6447
136496,130049,6447
136497,130050,6447
136499,130052,6447
136500,130053,6447
136502,130055,6447
136503,130056,6447
136505,130058,6447
136507,130060,6447
136509,130062,6447
136510,130063,6447
136512,130065,6447
136513,130066,6447
136515,130068,6447
136516,130069,6447
136518,130071,6447
136519,130072,6447
136520,130073,6447
136521,130074,6447
136522,130075,6447
136523,130076,6447
136524,130077,6447
136525,130078,6447
136526,130079,6447
136527,130080,6447
136528,130081,6447
136529,130082,6447
136530,130083,6447
136531,130084,6447
136532,130085,6447
136534,130087,6447
136535,130088,6447
136536,130089,6447
136537,130090,6447
136539,130092,6447
136540,130093,6447
136541,130094,6447
136543,130096,6447
136545,130098,6447
136546,130099,6447
136548,130101,6447
136550,130103,6447
136552,130105,6447
136553,130106,6447
136554,130107,6447
136555,130108,6447
136556,130109,6447
136557,130110,6447
136559,130112,6447
136560,130113,6447
136562,130115,6447
136564,130117,6447
136566,130119,6447
136567,130120,6447
136569,130122,6447
136570,130123,6447
136572,130125,6447
136573,130126,6447
136574,130127,6447
136575,130128,6447
136577,130130,6447
136579,130132,6447
136580,130133,6447
136581,130134,6447
136582,130135,6447
136584,130137,6447
136586,130139,6447
136587,130140,6447
136589,130142,6447
136590,130143,6447
136591,130144,6447
136592,130145,6447
136594,130147,6447
136595,130148,6447
136596,130149,6447
136597,130150,6447
136598,130151,6447
136600,130153,6447
136601,130154,6447
136602,130155,6447
136603,130156,6447
136605,130158,6447
136606,130159,6447
136607,130160,6447
136608,130161,6447
136609,130162,6447
136611,130164,6447
136613,130166,6447
136614,130167,6447
136616,130169,6447
136617,130170,6447
136618,130171,6447
136619,130172,6447
136620,130173,6447
136622,130175,6447
136624,130177,6447
136625,130178,6447
136626,130179,6447
136627,130180,6447
136628,130181,6447
136630,130183,6447
136632,130185,6447
136633,130186,6447
136634,130187,6447
136635,130188,6447
136637,130190,6447
136639,130192,6447
136640,130193,6447
136641,130194,6447
136642,130195,6447
136644,130197,6447
136645,130198,6447
136647,130200,6447
136649,130202,6447
136651,130204,6447
136652,130205,6447
136653,130206,6447
136654,130207,6447
136656,130209,6447
136657,130210,6447
136658,130211,6447
136659,130212,6447
136660,130213,6447
136661,130214,6447
136663,130216,6447
136664,130217,6447
136666,130219,6447
136668,130221,6447
136669,130222,6447
136670,130223,6447
136671,130224,6447
136673,130226,6447
136675,130228,6447
136676,130229,6447
136677,130230,6447
136678,130231,6447
136679,130232,6447
136680,130233,6447
136681,130234,6447
136682,130235,6447
136683,130236,6447
136684,130237,6447
136685,130238,6447
136687,130240,6447
136688,130241,6447
136690,130243,6447
136691,130244,6447
136692,130245,6447
136693,130246,6447
136694,130247,6447
136696,130249,6447
136697,130250,6447
136698,130251,6447
136699,130252,6447
136701,130254,6447
136703,130256,6447
136704,130257,6447
136705,130258,6447
136706,130259,6447
136707,130260,6447
136709,130262,6447
136710,130263,6447
136712,130265,6447
136713,130266,6447
136714,130267,6447
136715,130268,6447
136716,130269,6447
136718,130271,6447
136720,130273,6447
136722,130275,6447
136723,130276,6447
136724,130277,6447
136725,130278,6447
136727,130280,6447
136729,130282,6447
136731,130284,6447
136732,130285,6447
136733,130286,6447
136735,130288,6447
136737,130290,6447
136738,130291,6447
136739,130292,6447
136740,130293,6447
136742,130295,6447
136743,130296,6447
136744,130297,6447
136746,130299,6447
136747,130300,6447
136748,130301,6447
136749,130302,6447
136750,130303,6447
136752,130305,6447
136753,130306,6447
136754,130307,6447
136755,130308,6447
136756,130309,6447
136757,130310,6447
136759,130312,6447
136760,130313,6447
136762,130315,6447
136764,130317,6447
136765,130318,6447
136766,130319,6447
136767,130320,6447
136769,130322,6447
136771,130324,6447
136772,130325,6447
136773,130326,6447
136774,130327,6447
136775,130328,6447
136776,130329,6447
136777,130330,6447
136778,130331,6447
136779,130332,6447
136781,130334,6447
136782,130335,6447
136784,130337,6447
136785,130338,6447
136787,130340,6447
136788,130341,6447
136789,130342,6447
136790,130343,6447
136791,130344,6447
136793,130346,6447
136794,130347,6447
136795,130348,6447
136796,130349,6447
136798,130351,6447
136800,130353,6447
136801,130354,6447
136802,130355,6447
136803,130356,6447
136804,130357,6447
136806,130359,6447
136807,130360,6447
136809,130362,6447
136810,130363,6447
136811,130364,6447
136813,130366,6447
136814,130367,6447
136816,130369,6447
136818,130371,6447
136820,130373,6447
136821,130374,6447
136823,130376,6447
136824,130377,6447
136826,130379,6447
136828,130381,6447
136830,130383,6447
136831,130384,6447
136832,130385,6447
136834,130387,6447
136836,130389,6447
136837,130390,6447
136838,130391,6447
136839,130392,6447
136841,130394,6447
136842,130395,6447
136843,130396,6447
136845,130398,6447
136846,130399,6447
136847,130400,6447
136848,130401,6447
136849,130402,6447
136851,130404,6447
136852,130405,6447
136853,130406,6447
136854,130407,6447
136855,130408,6447
136856,130409,6447
136858,130411,6447
136859,130412,6447
136861,130414,6447
136862,130415,6447
136864,130417,6447
136865,130418,6447
136866,130419,6447
136867,130420,6447
136868,130421,6447
136869,130421,6448
136871,130423,6448
136872,130424,6448
136873,130425,6448
136875,130427,6448
136877,130429,6448
136878,130430,6448
136879,130431,6448
136880,130432,6448
136881,130433,6448
136883,130435,6448
136885,130437,6448
136886,130438,6448
136888,130440,6448
136889,130441,6448
136890,130442,6448
136892,130444,6448
136893,130445,6448
136895,130447,6448
136896,130448,6448
136898,130450,6448
136900,130452,6448
136902,130454,6448
136903,130455,6448
136904,130456,6448
136906,130458,6448
136907,130458,6449
136908,130459,6449
136909,130460,6449
136910,130461,6449
136911,130462,6449
136912,130463,6449
136913,130464,6449
136914,130465,6449
136916,130467,6449
136917,130468,6449
136918,130469,6449
136919,130470,6449
136920,130471,6449
136921,130472,6449
136922,130473,6449
136924,130475,6449
136926,130477,6449
136927,130478,6449
136928,130479,6449
136929,130480,6449
136931,130482,6449
136933,130484,6449
136935,130486,6449
136937,130488,6449
136938,130489,6449
136940,130491,6449
136941,130492,6449
136943,130494,6449
136944,130495,6449
136945,130496,6449
136946,130497,6449
136948,130499,6449
136950,130501,6449
136951,130502,6449
136952,130503,6449
136953,130504,6449
136954,130505,6449
136956,130507,6449
136958,130509,6449
136959,130510,6449
136961,130512,6449
136962,130513,6449
136963,130514,6449
136965,130516,6449
136967,130518,6449
136968,130519,6449
136969,130520,6449
136970,130521,6449
136971,130522,6449
136972,130523,6449
136973,130524,6449
136974,130525,6449
136975,130526,6449
136976,130527,6449
136977,130528,6449
136978,130529,6449
136979,130530,6449
136980,130531,6449
136982,130533,6449
136984,130535,6449
136985,130536,6449
136986,130537,6449
136988,130538,6450
136989,130539,6450
136990,130540,6450
136991,130541,6450
136992,130542,6450
136994,130544,6450
136995,130545,6450
136996,130546,6450
136998,130548,6450
136999,130549,6450
137000,130550,6450
137001,130551,6450
137002,130552,6450
137003,130553,6450
137005,130555,6450
137006,130556,6450
137007,130557,6450
137008,130558,6450
137009,130559,6450
137011,130561,6450
137012,130562,6450
137014,130564,6450
137015,130565,6450
137016,130566,6450
137017,130567,6450
137018,130568,6450
137020,130570,6450
137021,130571,6450
137022,130572,6450
137023,130573,6450
137024,130574,6450
137025,130575,6450
137027,130577,6450
137028,130578,6450
137029,130579,6450
137030,130580,6450
137032,130582,6450
137033,130583,6450
137034,130584,6450
137035,130585,6450
137036,130586,6450
137037,130587,6450
137038,130588,6450
137039,130589,6450
137040,130590,6450
137042,130592,6450
137043,130593,6450
137044,130594,6450
137045,130595,6450
137046,130596,6450
137047,130597,6450
137048,130598,6450
137050,130600,6450
137051,130601,6450
137052,130602,6450
137053,130603,6450
137055,130605,6450
137056,130606,6450
137058,130608,6450
137060,130610,6450
137061,130611,6450
137062,130612,6450
137063,130613,6450
137064,130614,6450
137066,130616,6450
137067,130617,6450
137068,130618,6450
137069,130619,6450
137071,130621,6450
137072,130622,6450
137073,130623,6450
137074,130624,6450
137075,130625,6450
137076,130626,6450
137077,130627,6450
137078,130628,6450
137079,130629,6450
137080,130630,6450
137081,130631,6450
137082,130632,6450
137084,130634,6450
137085,130635,6450
137087,130637,6450
137088,130638,6450
137089,130639,6450
137090,130640,6450
137091,130641,6450
137092,130642,6450
137093,130643,6450
137094,130644,6450
137095,130645,6450
137096,130646,6450
137097,130647,6450
137098,130648,6450
137100,130650,6450
137101,130651,6450
137103,130653,6450
137104,130654,6450
137105,130655,6450
137106,130656,6450
137107,130657,6450
137109,130659,6450
137110,130660,6450
137111,130661,6450
137113,130663,6450
137115,130665,6450
137117,130667,6450
137118,130668,6450
137119,130669,6450
137120,130670,6450
137122,130672,6450
137124,130674,6450
137125,130675,6450
137126,130676,6450
137127,130677,6450
137128,130678,6450
137130,130680,6450
137131,130681,6450
137132,130682,6450
137133,130683,6450
137134,130684,6450
137135,130685,6450
137137,130687,6450
137139,130689,6450
137140,130690,6450
137141,130691,6450
137142,130692,6450
137143,130693,6450
137144,130694,6450
137146,130696,6450
137148,130698,6450
137149,130699,6450
137150,130700,6450
137151,130701,6450
137152,130702,6450
137153,130703,6450
137154,130704,6450
137155,130705,6450
137156,130706,6450
137157,130707,6450
137158,130708,6450
137160,130710,6450
137161,130711,6450
137162,130712,6450
137163,130713,6450
137165,130715,6450
137166,130716,6450
137167,130717,6450
137169,130719,6450
137170,130720,6450
137171,130721,6450
137172,130722,6450
137173,130723,6450
137174,130724,6450
137175,130725,6450
137177,130727,6450
137178,130728,6450
137179,130729,6450
137180,130730,6450
137181,130731,6450
137183,130733,6450
137184,130734,6450
137185,130735,6450
137186,130736,6450
137187,130737,6450
137188,130738,6450
137190,130740,6450
137191,130741,6450
137192,130742,6450
137193,130743,6450
137195,130745,6450
137197,130747,6450
137198,130748,6450
137199,130749,6450
137200,130750,6450
137202,130752,6450
137203,130753,6450
137205,130755,6450
137206,130756,6450
137207,130757,6450
137208,130758,6450
137209,130759,6450
137210,130760,6450
137211,130761,6450
137212,130762,6450
137214,130764,6450
137215,130765,6450
137217,130767,6450
137218,130768,6450
137220,130770,6450
137222,130772,6450
137224,130774,6450
137225,130775,6450
137227,130777,6450
137228,130778,6450
137230,130780,6450
137232,130782,6450
137233,130783,6450
137234,130784,6450
137236,130786,6450
137237,130787,6450
137239,130789,6450
137240,130790,6450
137241,130791,6450
137242,130792,6450
137244,130794,6450
137245,130795,6450
137246,130796,6450
137248,130798,6450
137249,130799,6450
137251,130801,6450
137252,130802,6450
137253,130803,6450
137254,130804,6450
137255,130805,6450
137256,130806,6450
137258,130808,6450
137260,130810,6450
137261,130811,6450
137262,130812,6450
137263,130813,6450
137264,130814,6450
137266,130816,6450
137267,130817,6450
137268,130818,6450
137270,130820,6450
137271,130821,6450
137272,130822,6450
137273,130823,6450
137274,130824,6450
137275,130825,6450
137276,130826,6450
137277,130827,6450
137279,130828,6451
137281,130830,6451
137282,130831,6451
137283,130832,6451
137284,130833,6451
137286,130835,6451
137287,130836,6451
137288,130836,6452
137289,130837,6452
137290,130838,6452
137292,130840,6452
137293,130841,6452
137294,130842,6452
137295,130843,6452
137296,130844,6452
137298,130846,6452
137299,130847,6452
137301,130849,6452
137302,130850,6452
137304,130852,6452
137305,130853,6452
137306,130854,6452
137308,130854,6454
137309,130855,6454
137310,130856,6454
137312,130858,6454
137313,130859,6454
137314,130860,6454
137315,130861,6454
137316,130862,6454
137318,130864,6454
137319,130865,6454
137320,130866,6454
137322,130868,6454
137323,130869,6454
137324,130869,6455
137325,130870,6455
137326,130871,6455
137328,130873,6455
137329,130874,6455
137331,130876,6455
137332,130877,6455
137334,130879,6455
137335,130880,6455
137336,130881,6455
137338,130883,6455
137339,130884,6455
137340,130885,6455
137341,130886,6455
137343,130888,6455
137344,130889,6455
137345,130890,6455
137346,130891,6455
137348,130893,6455
137349,130894,6455
137350,130895,6455
137351,130896,6455
137353,130898,6455
137354,130899,6455
137355,130900,6455
137356,130901,6455
137358,130903,6455
137360,130905,6455
137361,130906,6455
137363,130908,6455
137364,130909,6455
137365,130910,6455
137366,130911,6455
137367,130912,6455
137369,130914,6455
137370,130915,6455
137371,130916,6455
137372,130917,6455
137373,130918,6455
137374,130919,6455
137375,130920,6455
137377,130922,6455
137378,130923,6455
137379,130924,6455
137380,130925,6455
137381,130926,6455
137383,130928,6455
137385,130930,6455
137386,130931,6455
137388,130933,6455
137389,130934,6455
137391,130936,6455
137393,130938,6455
137394,130939,6455
137395,130940,6455
137396,130941,6455
137397,130942,6455
137399,130944,6455
137400,130945,6455
137402,130947,6455
137403,130948,6455
137404,130949,6455
137406,130951,6455
137407,130952,6455
137409,130954,6455
137410,130955,6455
137412,130957,6455
137413,130958,6455
137415,130960,6455
137416,130961,6455
137418,130963,6455
137419,130964,6455
137420,130965,6455
137421,130966,6455
137422,130967,6455
137424,130969,6455
137425,130969,6456
137426,130970,6456
137428,130972,6456
137429,130973,6456
137431,130975,6456
137433,130977,6456
137435,130979,6456
137436,130980,6456
137438,130982,6456
137439,130983,6456
137441,130985,6456
137442,130986,6456
137443,130987,6456
137445,130989,6456
137446,130990,6456
137447,130991,6456
137448,130992,6456
137449,130993,6456
137451,130995,6456
137452,130996,6456
137453,130997,6456
137454,130998,6456
137455,130999,6456
137456,131000,6456
137457,131001,6456
137458,131002,6456
137459,131003,6456
137461,131005,6456
137462,131006,6456
137463,131007,6456
137464,131008,6456
137465,131009,6456
137466,131010,6456
137467,131011,6456
137468,131012,6456
137469,131013,6456
137471,131015,6456
137472,131016,6456
137473,131017,6456
137474,131018,6456
137475,131019,6456
137476,131020,6456
137477,131021,6456
137478,131022,6456
137479,131023,6456
137481,131025,6456
137482,131026,6456
137483,131027,6456
137484,131028,6456
137485,131029,6456
137486,131030,6456
137487,131031,6456
137488,131032,6456
137489,131033,6456
137491,131035,6456
137492,131036,6456
137493,131037,6456
137494,131038,6456
137495,131039,6456
137496,131040,6456
137497,131041,6456
137498,131042,6456
137499,131043,6456
137501,131045,6456
137502,131046,6456
137503,131047,6456
137504,131048,6456
137505,131049,6456
137506,131050,6456
137507,131051,6456
137508,131052,6456
137509,131053,6456
137511,131055,6456
137512,131056,6456
137513,131057,6456
137514,131058,6456
137515,131059,6456
137516,131060,6456
137517,131061,6456
137518,131062,6456
137519,131063,6456
137521,131065,6456
137522,131066,6456
137524,131067,6457
137525,131068,6457
137526,131069,6457
137527,131070,6457
137528,131071,6457
137529,131072,6457
137530,131073,6457
137532,131075,6457
137533,131076,6457
137534,131077,6457
137535,131078,6457
137536,131079,6457
137537,131080,6457
137538,131081,6457
137539,131082,6457
137540,131083,6457
137542,131085,6457
137543,131086,6457
137544,131087,6457
137545,131088,6457
137546,131089,6457
137547,131090,6457
137548,131091,6457
137549,131092,6457
137550,131093,6457
137552,131095,6457
137553,131096,6457
137554,131097,6457
137555,131098,6457
137556,131099,6457
137557,131100,6457
137558,131101,6457
137559,131102,6457
137560,131103,6457
137562,131105,6457
137563,131106,6457
137564,131107,6457
137565,131108,6457
137566,131109,6457
137567,131110,6457
137568,131111,6457
137569,131112,6457
137570,131113,6457
137572,131115,6457
137573,131116,6457
137574,131117,6457
137575,131118,6457
137576,131119,6457
137577,131120,6457
137578,131121,6457
137579,131122,6457
137580,131123,6457
137582,131125,6457
137583,131126,6457
137584,131127,6457
137585,131128,6457
137586,131129,6457
137587,131130,6457
137589,131132,6457
137591,131134,6457
137592,131135,6457
137593,131136,6457
137595,131138,6457
137597,131140,6457
137598,131141,6457
137599,131142,6457
137601,131144,6457
137602,131145,6457
137603,131146,6457
137604,131147,6457
137606,131149,6457
137607,131150,6457
137608,131151,6457
137609,131152,6457
137611,131154,6457
137613,131156,6457
137614,131157,6457
137615,131158,6457
137617,131160,6457
137619,131162,6457
137620,131163,6457
137621,131164,6457
137623,131166,6457
137625,131168,6457
137626,131169,6457
137628,131171,6457
137630,131173,6457
137631,131174,6457
137633,131176,6457
137635,131178,6457
137637,131180,6457
137638,131181,6457
137639,131182,6457
137641,131184,6457
137643,131186,6457
137644,131187,6457
137646,131189,6457
137648,131191,6457
137649,131192,6457
137650,131193,6457
137652,131195,6457
137653,131196,6457
137655,131198,6457
137656,131199,6457
137657,131200,6457
137659,131202,6457
137661,131204,6457
137662,131205,6457
137664,131207,6457
137665,131208,6457
137667,131210,6457
137668,131211,6457
137670,131213,6457
137672,131215,6457
137674,131217,6457
137675,131218,6457
137677,131220,6457
137678,131221,6457
137680,131223,6457
137681,131224,6457
137683,131226,6457
137684,131227,6457
137685,131228,6457
137686,131229,6457
137687,131230,6457
137688,131231,6457
137689,131232,6457
137690,131233,6457
137691,131234,6457
137692,131235,6457
137693,131236,6457
137694,131237,6457
137695,131238,6457
137696,131239,6457
137697,131240,6457
137699,131242,6457
137700,131243,6457
137701,131244,6457
137702,131245,6457
137704,131247,6457
137705,131248,6457
137706,131249,6457
137708,131251,6457
137710,131253,6457
137711,131254,6457
137713,131256,6457
137715,131258,6457
137717,131260,6457
137718,131261,6457
137719,131262,6457
137720,131263,6457
137721,131264,6457
137722,131265,6457
137724,131267,6457
137725,131268,6457
137727,131270,6457
137729,131272,6457
137731,131274,6457
137732,131275,6457
137734,131277,6457
137735,131278,6457
137737,131280,6457
137738,131281,6457
137739,131282,6457
137740,131283,6457
137742,131285,6457
137744,131287,6457
137745,131288,6457
137746,131289,6457
137747,131290,6457
137749,131292,6457
137751,131294,6457
137752,131295,6457
137754,131297,6457
137755,131298,6457
137756,131299,6457
137757,131300,6457
137759,131302,6457
137760,131303,6457
137761,131304,6457
137762,131305,6457
137763,131306,6457
137765,131308,6457
137766,131309,6457
137767,131310,6457
137768,131311,6457
137770,131313,6457
137771,131314,6457
137772,131315,6457
137773,131316,6457
137774,131317,6457
137776,131319,6457
137778,131321,6457
137779,131322,6457
137781,131324,6457
137782,131325,6457
137783,131326,6457
137784,131327,6457
137785,131328,6457
137787,131330,6457
137789,131332,6457
137790,131333,6457
137791,131334,6457
137792,131335,6457
137793,131336,6457
137795,131338,6457
137797,131340,6457
137798,131341,6457
137799,131342,6457
137800,131343,6457
137802,131345,6457
137804,131347,6457
137805,131348,6457
137806,131349,6457
137807,131350,6457
137809,131352,6457
137810,131353,6457
137812,131355,6457
137814,131357,6457
137816,131359,6457
137817,131360,6457
137818,131361,6457
137819,131362,6457
137821,131364,6457
137822,131365,6457
137823,131366,6457
137824,131367,6457
137825,131368,6457
137826,131369,6457
137828,131371,6457
137829,131372,6457
137831,131374,6457
137833,131376,6457
137834,131377,6457
137835,131378,6457
137836,131379,6457
137838,131381,6457
137840,131383,6457
137841,131384,6457
137842,131385,6457
137843,131386,6457
137844,131387,6457
137845,131388,6457
137846,131389,6457
137847,131390,6457
137848,131391,6457
137849,131392,6457
137850,131393,6457
137852,131395,6457
137853,131396,6457
137855,131398,6457
137856,131399,6457
137857,131400,6457
137858,131401,6457
137859,131402,6457
137861,131404,6457
137862,131405,6457
137863,131406,6457
137864,131407,6457
137866,131409,6457
137868,131411,6457
137869,131412,6457
137870,131413,6457
137871,131414,6457
137872,131415,6457
137874,131417,6457
137875,131418,6457
137877,131420,6457
137878,131421,6457
137879,131422,6457
137880,131423,6457
137881,131424,6457
137883,131426,6457
137885,131428,6457
137887,131430,6457
137888,131431,6457
137889,131432,6457
137890,131433,6457
137892,131435,6457
137894,131437,6457
137896,131439,6457
137897,131440,6457
137898,131441,6457
137900,131443,6457
137902,131445,6457
137903,131446,6457
137904,131447,6457
137905,131448,6457
137907,131450,6457
137908,131451,6457
137909,131452,6457
137911,131454,6457
137912,131455,6457
137913,131456,6457
137914,131457,6457
137915,131458,6457
137917,131460,6457
137918,131461,6457
137919,131462,6457
137920,131463,6457
137921,131464,6457
137922,131465,6457
137924,131467,6457
137925,131468,6457
137927,131470,6457
137929,131472,6457
137930,131473,6457
137931,131474,6457
137932,131475,6457
137934,131477,6457
137936,131479,6457
137937,131480,6457
137938,131481,6457
137939,131482,6457
137940,131483,6457
137941,131484,6457
137942,131485,6457
137943,131486,6457
137944,131487,6457
137946,131489,6457
137947,131490,6457
137949,131492,6457
137950,131493,6457
137952,131495,6457
137953,131496,6457
137954,131497,6457
137955,131498,6457
137956,131499,6457
137958,131501,6457
137959,131502,6457
137960,131503,6457
137961,131504,6457
137963,131506,6457
137965,131508,6457
137966,131509,6457
137967,131510,6457
137968,131511,6457
137969,131512,6457
137971,131514,6457
137972,131515,6457
137974,131517,6457
137975,131518,6457
137976,131519,6457
137978,131521,6457
137979,131522,6457
137981,131524,6457
137983,131526,6457
137985,131528,6457
137986,131529,6457
137988,131531,6457
137989,131532,6457
137991,131534,6457
137993,131536,6457
137995,131538,6457
137996,131539,6457
137997,131540,6457
137999,131542,6457
138001,131544,6457
138002,131545,6457
138003,131546,6457
138004,131547,6457
138006,131549,6457
138007,131550,6457
138009,131551,6458
138011,131553,6458
138012,131554,6458
138013,131555,6458
138014,131556,6458
138015,131557,6458
138017,131559,6458
138018,131560,6458
138019,131561,6458
138020,131562,6458
138021,131563,6458
138022,131564,6458
138024,131566,6458
138025,131567,6458
138027,131569,6458
138028,131570,6458
138030,131572,6458
138031,131573,6458
138032,131574,6458
138033,131575,6458
138034,131576,6458
138035,131576,6459
138037,131578,6459
138038,131579,6459
138039,131580,6459
138041,131582,6459
138043,131584,6459
138044,131585,6459
138045,131586,6459
138046,131587,6459
138047,131588,6459
138049,131590,6459
138051,131592,6459
138052,131593,6459
138054,131595,6459
138055,131596,6459
138056,131597,6459
138058,131599,6459
138059,131600,6459
138061,131602,6459
138062,131603,6459
138064,131605,6459
138066,131607,6459
138068,131609,6459
138069,131610,6459
138070,131611,6459
138072,131613,6459
138074,131613,6461
138075,131614,6461
138076,131615,6461
138077,131616,6461
138078,131617,6461
138079,131618,6461
138080,131619,6461
138081,131620,6461
138083,131622,6461
138084,131623,6461
138085,131624,6461
138086,131625,6461
138087,131626,6461
138088,131627,6461
138089,131628,6461
138090,131629,6461
138091,131630,6461
138093,131632,6461
138094,131633,6461
138095,131634,6461
138096,131635,6461
138097,131636,6461
138098,131637,6461
138099,131638,6461
138100,131639,6461
138101,131640,6461
138103,131642,6461
138104,131643,6461
138105,131644,6461
138106,131645,6461
138107,131646,6461
138108,131647,6461
138109,131648,6461
138111,131650,6461
138113,131652,6461
138114,131653,6461
138115,131654,6461
138116,131655,6461
138118,131657,6461
138120,131659,6461
138122,131661,6461
138124,131663,6461
138125,131664,6461
138127,131666,6461
138128,131667,6461
138130,131669,6461
138131,131670,6461
138132,131671,6461
138133,131672,6461
138135,131674,6461
138137,131676,6461
138138,131677,6461
138139,131678,6461
138140,131679,6461
138141,131680,6461
138143,131682,6461
138145,131684,6461
138146,131685,6461
138148,131687,6461
138149,131688,6461
138150,131689,6461
138152,131691,6461
138154,131693,6461
138155,131694,6461
138156,131695,6461
138157,131696,6461
138158,131697,6461
138159,131698,6461
138160,131699,6461
138161,131700,6461
138162,131701,6461
138163,131702,6461
138164,131703,6461
138165,131704,6461
138166,131705,6461
138167,131706,6461
138169,131708,6461
138171,131710,6461
138172,131711,6461
138173,131712,6461
138174,131712,6462
138175,131713,6462
138176,131714,6462
138177,131715,6462
138179,131717,6462
138181,131719,6462
138182,131720,6462
138183,131721,6462
138185,131723,6462
138186,131724,6462
138187,131725,6462
138188,131726,6462
138189,131727,6462
138190,131728,6462
138192,131730,6462
138193,131731,6462
138194,131732,6462
138195,131733,6462
138196,131734,6462
138198,131736,6462
138199,131737,6462
138201,131739,6462
138202,131740,6462
138203,131741,6462
138204,131742,6462
138205,131743,6462
138207,131745,6462
138208,131746,6462
138209,131747,6462
138211,131748,6463
138212,131749,6463
138213,131750,6463
138215,131752,6463
138216,131753,6463
138217,131754,6463
138218,131755,6463
138220,131757,6463
138221,131758,6463
138222,131759,6463
138223,131760,6463
138224,131761,6463
138225,131762,6463
138226,131763,6463
138227,131764,6463
138228,131765,6463
138230,131767,6463
138231,131768,6463
138232,131769,6463
138233,131770,6463
138234,131771,6463
138235,131772,6463
138236,131773,6463
138238,131775,6463
138239,131776,6463
138240,131777,6463
138241,131778,6463
138243,131780,6463
138244,131781,6463
138246,131783,6463
138248,131785,6463
138249,131786,6463
138250,131787,6463
138251,131788,6463
138252,131789,6463
138254,131791,6463
138255,131792,6463
138256,131793,6463
138257,131794,6463
138259,131796,6463
138260,131797,6463
138261,131798,6463
138262,131799,6463
138263,131800,6463
138264,131801,6463
138265,131802,6463
138266,131803,6463
138267,131804,6463
138268,131805,6463
138269,131806,6463
138270,131807,6463
138272,131809,6463
138273,131810,6463
138275,131812,6463
138276,131813,6463
138277,131814,6463
138278,131815,6463
138279,131816,6463
138280,131817,6463
138281,131818,6463
138282,131819,6463
138283,131820,6463
138284,131821,6463
138285,131822,6463
138286,131823,6463
138288,131825,6463
138289,131826,6463
138291,131828,6463
138292,131829,6463
138293,131830,6463
138294,131831,6463
138295,131832,6463
138297,131834,6463
138298,131835,6463
138299,131836,6463
138301,131838,6463
138303,131840,6463
138305,131842,6463
138306,131843,6463
138307,131844,6463
138308,131845,6463
138310,131847,6463
138312,131849,6463
138313,131850,6463
138314,131851,6463
138315,131852,6463
138316,131853,6463
138318,131855,6463
138319,131856,6463
138320,131857,6463
138322,131859,6463
138323,131860,6463
138324,131861,6463
138326,131863,6463
138328,131865,6463
138329,131866,6463
138330,131867,6463
138331,131868,6463
138332,131869,6463
138333,131870,6463
138335,131872,6463
138337,131874,6463
138338,131875,6463
138339,131876,6463
138340,131877,6463
138341,131878,6463
138342,131879,6463
138343,131880,6463
138344,131881,6463
138345,131882,6463
138346,131883,6463
138347,131884,6463
138349,131886,6463
138350,131887,6463
138351,131888,6463
138352,131889,6463
138354,131891,6463
138355,131892,6463
138356,131893,6463
138358,131895,6463
138359,131896,6463
138360,131897,6463
138361,131898,6463
138362,131899,6463
138363,131900,6463
138364,131901,6463
138366,131903,6463
138367,131904,6463
138368,131905,6463
138369,131906,6463
138370,131907,6463
138372,131909,6463
138373,131910,6463
138374,131911,6463
138375,131912,6463
138376,131913,6463
138377,131914,6463
138379,131916,6463
138380,131917,6463
138381,131918,6463
138382,131919,6463
138384,131921,6463
138386,131923,6463
138387,131924,6463
138388,131925,6463
138389,131926,6463
138391,131928,6463
138392,131929,6463
138394,131931,6463
138395,131932,6463
138396,131933,6463
138397,131934,6463
138398,131935,6463
138399,131936,6463
138400,131937,6463
138401,131938,6463
138403,131940,6463
138404,131941,6463
138406,131943,6463
138407,131944,6463
138409,131946,6463
138411,131948,6463
138413,131950,6463
138414,131951,6463
138416,131953,6463
138417,131954,6463
138419,131956,6463
138421,131958,6463
138422,131959,6463
138423,131960,6463
138425,131962,6463
138426,131963,6463
138428,131965,6463
138429,131966,6463
138430,131967,6463
138431,131968,6463
138433,131970,6463
138434,131971,6463
138435,131972,6463
138437,131974,6463
138438,131975,6463
138440,131977,6463
138441,131978,6463
138442,131979,6463
138443,131980,6463
138444,131981,6463
138445,131982,6463
138447,131984,6463
138448,131985,6463
138449,131986,6463
138450,131987,6463
138451,131988,6463
138452,131989,6463
138454,131991,6463
138455,131992,6463
138456,131993,6463
138458,131995,6463
138459,131996,6463
138460,131997,6463
138461,131998,6463
138462,131999,6463
138463,132000,6463
138465,132001,6464
138466,132002,6464
138467,132003,6464
138469,132005,6464
138470,132006,6464
138471,132007,6464
138472,132008,6464
138474,132010,6464
138475,132011,6464
138477,132012,6465
138478,132013,6465
138479,132014,6465
138481,132016,6465
138482,132017,6465
138483,132018,6465
138484,132019,6465
138485,132020,6465
138487,132022,6465
138488,132023,6465
138489,132024,6465
138490,132025,6465
138492,132027,6465
138493,132028,6465
138494,132029,6465
138495,132030,6465
138496,132031,6465
138497,132032,6465
138499,132034,6465
138500,132035,6465
138501,132036,6465
138502,132037,6465
138503,132038,6465
138505,132040,6465
138506,132041,6465
138507,132042,6465
138509,132044,6465
138510,132045,6465
138511,132045,6466
138512,132046,6466
138513,132047,6466
138515,132049,6466
138516,132050,6466
138518,132052,6466
138519,132053,6466
138521,132055,6466
138522,132056,6466
138523,132057,6466
138525,132059,6466
138526,132060,6466
138527,132061,6466
138528,132062,6466
138530,132064,6466
138531,132065,6466
138532,132066,6466
138533,132067,6466
138535,132069,6466
138536,132070,6466
138537,132071,6466
138538,132072,6466
138540,132074,6466
138541,132075,6466
138542,132076,6466
138543,132077,6466
138545,132079,6466
138547,132081,6466
138548,132082,6466
138550,132084,6466
138551,132085,6466
138552,132086,6466
138553,132087,6466
138554,132088,6466
138556,132090,6466
138557,132091,6466
138558,132092,6466
138559,132093,6466
138560,132094,6466
138561,132095,6466
138562,132096,6466
138564,132098,6466
138565,132099,6466
138566,132100,6466
138567,132101,6466
138568,132102,6466
138570,132104,6466
138572,132106,6466
138573,132107,6466
138575,132109,6466
138576,132110,6466
138578,132112,6466
138580,132114,6466
138581,132115,6466
138582,132116,6466
138583,132117,6466
138584,132118,6466
138586,132120,6466
138587,132121,6466
138589,132123,6466
138590,132124,6466
138591,132125,6466
138593,132127,6466
138594,132128,6466
138596,132130,6466
138597,132131,6466
138599,132133,6466
138600,132134,6466
138602,132136,6466
138603,132137,6466
138605,132139,6466
138606,132140,6466
138607,132141,6466
138608,132142,6466
138609,132143,6466
138611,132145,6466
138612,132145,6467
138613,132146,6467
138615,132148,6467
138616,132149,6467
138618,132151,6467
138620,132153,6467
138622,132155,6467
138623,132156,6467
138625,132158,6467
138626,132159,6467
138628,132161,6467
138629,132162,6467
138630,132163,6467
138632,132165,6467
138633,132166,6467
138634,132167,6467
138635,132168,6467
138636,132169,6467
138638,132171,6467
138639,132172,6467
138640,132173,6467
138641,132174,6467
138642,132175,6467
138643,132176,6467
138644,132177,6467
138645,132178,6467
138646,132179,6467
138648,132181,6467
138649,132182,6467
138650,132183,6467
138651,132184,6467
138652,132185,6467
138653,132186,6467
138654,132187,6467
138655,132188,6467
138656,132189,6467
138658,132191,6467
138659,132192,6467
138660,132193,6467
138661,132194,6467
138662,132195,6467
138663,132196,6467
138664,132197,6467
138665,132198,6467
138666,132199,6467
138668,132201,6467
138669,132202,6467
138670,132203,6467
138671,132204,6467
138672,132205,6467
138673,132206,6467
138674,132207,6467
138675,132208,6467
138676,132209,6467
138678,132211,6467
138679,132212,6467
138680,132213,6467
138681,132214,6467
138682,132215,6467
138683,132216,6467
138684,132217,6467
138685,132218,6467
138686,132219,6467
138688,132221,6467
138689,132222,6467
138690,132223,6467
138691,132224,6467
138692,132225,6467
138693,132226,6467
138694,132227,6467
138695,132228,6467
138696,132229,6467
138698,132231,6467
138699,132232,6467
138700,132233,6467
138701,132234,6467
138702,132235,6467
138703,132236,6467
138704,132237,6467
138705,132238,6467
138706,132239,6467
138708,132241,6467
138709,132242,6467
138710,132243,6467
138711,132244,6467
138712,132245,6467
138713,132246,6467
138715,132248,6467
138717,132250,6467
138718,132251,6467
138719,132252,6467
138721,132254,6467
138723,132256,6467
138724,132257,6467
138725,132258,6467
138727,132260,6467
138728,132261,6467
138729,132262,6467
138730,132263,6467
138732,132265,6467
138733,132266,6467
138734,132267,6467
138735,132268,6467
138737,132270,6467
138739,132272,6467
138740,132273,6467
138741,132274,6467
138743,132276,6467
138745,132278,6467
138746,132279,6467
138747,132280,6467
138749,132282,6467
138751,132284,6467
138752,132285,6467
138754,132287,6467
138756,132289,6467
138757,132290,6467
138759,132292,6467
138761,132294,6467
138763,132296,6467
138764,132297,6467
138765,132298,6467
138767,132300,6467
138769,132302,6467
138770,132303,6467
138772,132305,6467
138774,132307,6467
138775,132308,6467
138776,132309,6467
138778,132311,6467
138779,132312,6467
138781,132314,6467
138782,132315,6467
138783,132316,6467
138785,132318,6467
138787,132320,6467
138788,132321,6467
138790,132323,6467
138791,132324,6467
138793,132326,6467
138794,132327,6467
138796,132329,6467
138798,132331,6467
138800,132333,6467
138801,132334,6467
138803,132336,6467
138804,132337,6467
138806,132339,6467
138807,132340,6467
138809,132342,6467
138810,132343,6467
138811,132344,6467
138812,132345,6467
138813,132346,6467
138814,132347,6467
138815,132348,6467
138816,132349,6467
138817,132350,6467
138818,132351,6467
138819,132352,6467
138820,132353,6467
138821,132354,6467
138822,132355,6467
138823,132356,6467
138825,132358,6467
138826,132359,6467
138827,132360,6467
138828,132361,6467
138830,132363,6467
138831,132364,6467
138832,132365,6467
138834,132367,6467
138836,132369,6467
138837,132370,6467
138839,132372,6467
138841,132374,6467
138843,132376,6467
138844,132377,6467
138845,132378,6467
138846,132379,6467
138847,132380,6467
138848,132381,6467
138850,132383,6467
138851,132384,6467
138853,132386,6467
138855,132388,6467
138857,132390,6467
138858,132391,6467
138860,132393,6467
138861,132394,6467
138863,132396,6467
138864,132397,6467
138865,132398,6467
138866,132399,6467
138868,132401,6467
138870,132403,6467
138871,132404,6467
138872,132405,6467
138873,132406,6467
138875,132408,6467
138877,132410,6467
138878,132411,6467
138880,132413,6467
138881,132414,6467
138882,132415,6467
138883,132416,6467
138885,132418,6467
138886,132419,6467
138887,132420,6467
138888,132421,6467
138889,132422,6467
138891,132424,6467
138892,132425,6467
138893,132426,6467
138894,132427,6467
138896,132429,6467
138897,132430,6467
138898,132431,6467
138899,132432,6467
138900,132433,6467
138902,132435,6467
138904,132437,6467
138905,132438,6467
138907,132440,6467
138908,132441,6467
138909,132442,6467
138910,132443,6467
138911,132444,6467
138913,132446,6467
138915,132448,6467
138916,132449,6467
138917,132450,6467
138918,132451,6467
138919,132452,6467
138921,132454,6467
138923,132456,6467
138924,132457,6467
138925,132458,6467
138926,132459,6467
138928,132461,6467
138930,132463,6467
138931,132464,6467
138932,132465,6467
138933,132466,6467
138935,132468,6467
138936,132469,6467
138938,132471,6467
138940,132473,6467
138942,132475,6467
138943,132476,6467
138944,132477,6467
138945,132478,6467
138947,132480,6467
138948,132481,6467
138949,132482,6467
138950,132483,6467
138951,132484,6467
138952,132485,6467
138954,132487,6467
138955,132488,6467
138957,132490,6467
138959,132492,6467
138960,132493,6467
138961,132494,6467
138962,132495,6467
138964,132497,6467
138966,132499,6467
138967,132500,6467
138968,132501,6467
138969,132502,6467
138970,132503,6467
138971,132504,6467
138973,132506,6467
138975,132508,6467
138976,132509,6467
138978,132511,6467
138979,132512,6467
138981,132514,6467
138982,132515,6467
138983,132516,6467
138984,132517,6467
138986,132519,6467
138987,132520,6467
138988,132521,6467
138990,132523,6467
138991,132524,6467
138992,132525,6467
138993,132526,6467
138994,132527,6467
138995,132528,6467
138997,132530,6467
138998,132531,6467
138999,132532,6467
139000,132533,6467
139002,132535,6467
139003,132536,6467
139004,132537,6467
139005,132538,6467
139006,132539,6467
139007,132540,6467
139008,132541,6467
139010,132543,6467
139011,132544,6467
139012,132545,6467
139013,132546,6467
139015,132548,6467
139016,132549,6467
139017,132550,6467
139018,132551,6467
139019,132552,6467
139020,132553,6467
139021,132554,6467
139023,132556,6467
139024,132557,6467
139026,132559,6467
139028,132561,6467
139029,132562,6467
139030,132563,6467
139031,132564,6467
139033,132566,6467
139034,132567,6467
139035,132568,6467
139036,132569,6467
139038,132571,6467
139039,132572,6467
139040,132573,6467
139042,132575,6467
139043,132576,6467
139044,132577,6467
139045,132578,6467
139047,132580,6467
139048,132581,6467
139049,132582,6467
139050,132583,6467
139051,132584,6467
139053,132586,6467
139054,132587,6467
139055,132588,6467
139057,132590,6467
139058,132591,6467
139059,132592,6467
139060,132593,6467
139062,132595,6467
139063,132596,6467
139064,132597,6467
139065,132598,6467
139066,132599,6467
139067,132600,6467
139068,132601,6467
139070,132603,6467
139072,132605,6467
139073,132606,6467
139074,132607,6467
139075,132608,6467
139076,132609,6467
139077,132610,6467
139079,132612,6467
139080,132613,6467
139081,132614,6467
139082,132615,6467
139084,132617,6467
139085,132618,6467
139086,132619,6467
139087,132620,6467
139088,132621,6467
139089,132622,6467
139090,132623,6467
139092,132625,6467
139093,132626,6467
139094,132627,6467
139095,132628,6467
139097,132630,6467
139098,132631,6467
139099,132632,6467
139100,132633,6467
139101,132634,6467
139102,132635,6467
139103,132636,6467
139105,132638,6467
139106,132639,6467
139108,132641,6467
139110,132643,6467
139111,132644,6467
139112,132645,6467
139113,132646,6467
139115,132648,6467
139116,132649,6467
139117,132650,6467
139118,132651,6467
139120,132653,6467
139121,132654,6467
139122,132655,6467
139124,132657,6467
139125,132658,6467
139126,132659,6467
139127,132660,6467
139129,132662,6467
139130,132663,6467
139131,132664,6467
139132,132665,6467
139133,132666,6467
139135,132668,6467
139136,132669,6467
139137,132670,6467
139139,132672,6467
139140,132673,6467
139141,132674,6467
139142,132675,6467
139144,132677,6467
139145,132678,6467
139146,132679,6467
139147,132680,6467
139148,132681,6467
139149,132682,6467
139150,132683,6467
139152,132685,6467
139153,132686,6467
139155,132688,6467
139156,132689,6467
139158,132691,6467
139159,132692,6467
139160,132693,6467
139162,132695,6467
139163,132696,6467
139164,132697,6467
139165,132698,6467
139166,132699,6467
139167,132700,6467
139168,132701,6467
139170,132703,6467
139171,132704,6467
139173,132706,6467
139174,132707,6467
139175,132708,6467
139176,132709,6467
139177,132710,6467
139179,132712,6467
139180,132713,6467
139181,132714,6467
139182,132715,6467
139184,132717,6467
139186,132719,6467
139187,132720,6467
139188,132721,6467
139189,132722,6467
139190,132723,6467
139192,132725,6467
139193,132726,6467
139195,132728,6467
139196,132729,6467
139197,132730,6467
139198,132731,6467
139199,132732,6467
139201,132734,6467
139203,132736,6467
139205,132738,6467
139206,132739,6467
139207,132740,6467
139208,132741,6467
139210,132743,6467
139212,132745,6467
139214,132747,6467
139215,132748,6467
139216,132749,6467
139218,132751,6467
139220,132753,6467
139221,132754,6467
139222,132755,6467
139223,132756,6467
139225,132758,6467
139226,132759,6467
139227,132760,6467
139229,132762,6467
139230,132763,6467
139231,132764,6467
139232,132765,6467
139233,132766,6467
139235,132768,6467
139236,132769,6467
139237,132770,6467
139238,132771,6467
139239,132772,6467
139240,132773,6467
139242,132775,6467
139243,132776,6467
139245,132778,6467
139247,132780,6467
139248,132781,6467
139249,132782,6467
139250,132783,6467
139252,132785,6467
139254,132787,6467
139255,132788,6467
139256,132789,6467
139257,132790,6467
139258,132791,6467
139259,132792,6467
139261,132794,6467
139263,132796,6467
139264,132797,6467
139266,132799,6467
139267,132800,6467
139269,132802,6467
139270,132803,6467
139271,132804,6467
139272,132805,6467
139274,132807,6467
139276,132809,6467
139277,132810,6467
139279,132812,6467
139280,132813,6467
139281,132814,6467
139282,132815,6467
139283,132816,6467
139284,132817,6467
139286,132819,6467
139287,132820,6467
139288,132821,6467
139289,132822,6467
139291,132824,6467
139292,132825,6467
139293,132826,6467
139295,132828,6467
139296,132829,6467
139297,132830,6467
139299,132832,6467
139300,132833,6467
139302,132835,6467
139303,132836,6467
139304,132837,6467
139305,132838,6467
139307,132840,6467
139308,132841,6467
139309,132842,6467
139310,132843,6467
139311,132844,6467
139312,132845,6467
139314,132847,6467
139315,132848,6467
139316,132849,6467
139318,132851,6467
139319,132852,6467
139320,132853,6467
139321,132854,6467
139323,132856,6467
139325,132858,6467
139326,132859,6467
139327,132860,6467
139328,132861,6467
139330,132863,6467
139331,132864,6467
139333,132866,6467
139335,132868,6467
139336,132869,6467
139337,132870,6467
139338,132871,6467
139339,132872,6467
139340,132873,6467
139342,132875,6467
139343,132876,6467
139344,132877,6467
139345,132878,6467
139347,132880,6467
139348,132881,6467
139349,132882,6467
139351,132884,6467
139352,132885,6467
139353,132886,6467
139355,132888,6467
139356,132889,6467
139358,132891,6467
139359,132892,6467
139360,132893,6467
139361,132894,6467
139363,132896,6467
139364,132897,6467
139365,132898,6467
139366,132899,6467
139367,132900,6467
139368,132901,6467
139370,132903,6467
139371,132904,6467
139372,132905,6467
139374,132907,6467
139375,132908,6467
139376,132909,6467
139377,132910,6467
139378,132911,6467
139379,132912,6467
139380,132913,6467
139381,132914,6467
139382,132915,6467
139383,132916,6467
139384,132917,6467
139386,132919,6467
139387,132920,6467
139389,132922,6467
139390,132923,6467
139392,132925,6467
139393,132926,6467
139394,132927,6467
139396,132929,6467
139397,132930,6467
139398,132931,6467
139399,132932,6467
139400,132933,6467
139402,132935,6467
139403,132936,6467
139405,132938,6467
139406,132939,6467
139408,132941,6467
139409,132942,6467
139410,132943,6467
139411,132944,6467
139412,132945,6467
139414,132947,6467
139415,132948,6467
139416,132949,6467
139417,132950,6467
139419,132952,6467
139421,132954,6467
139422,132955,6467
139423,132956,6467
139424,132957,6467
139425,132958,6467
139427,132960,6467
139428,132961,6467
139430,132963,6467
139431,132964,6467
139432,132965,6467
139434,132967,6467
139435,132968,6467
139437,132970,6467
139439,132972,6467
139441,132974,6467
139442,132975,6467
139444,132977,6467
139445,132978,6467
139447,132980,6467
139449,132982,6467
139451,132984,6467
139452,132985,6467
139453,132986,6467
139455,132988,6467
139457,132990,6467
139458,132991,6467
139459,132992,6467
139460,132993,6467
139462,132995,6467
139463,132996,6467
139465,132996,6469
139467,132998,6469
139468,132999,6469
139469,133000,6469
139470,133001,6469
139471,133002,6469
139473,133004,6469
139474,133005,6469
139475,133006,6469
139476,133007,6469
139477,133008,6469
139478,133009,6469
139480,133011,6469
139481,133012,6469
139483,133014,6469
139485,133016,6469
139486,133017,6469
139487,133018,6469
139488,133019,6469
139490,133021,6469
139492,133023,6469
139493,133024,6469
139494,133025,6469
139495,133026,6469
139496,133027,6469
139497,133028,6469
139499,133030,6469
139501,133032,6469
139502,133033,6469
139504,133035,6469
139505,133036,6469
139507,133038,6469
139508,133039,6469
139509,133040,6469
139510,133041,6469
139512,133043,6469
139514,133045,6469
139515,133046,6469
139517,133048,6469
139518,133049,6469
139519,133050,6469
139520,133051,6469
139521,133052,6469
139522,133053,6469
139524,133055,6469
139525,133056,6469
139526,133057,6469
139527,133058,6469
139529,133060,6469
139530,133061,6469
139531,133062,6469
139533,133064,6469
139534,133065,6469
139535,133066,6469
139537,133068,6469
139538,133069,6469
139540,133071,6469
139541,133072,6469
139542,133073,6469
139543,133074,6469
139545,133076,6469
139546,133077,6469
139547,133078,6469
139548,133079,6469
139549,133080,6469
139550,133081,6469
139552,133083,6469
139553,133084,6469
139554,133085,6469
139556,133087,6469
139557,133088,6469
139558,133089,6469
139559,133090,6469
139561,133092,6469
139563,133094,6469
139564,133095,6469
139565,133096,6469
139566,133097,6469
139568,133099,6469
139569,133100,6469
139571,133102,6469
139573,133104,6469
139574,133105,6469
139575,133106,6469
139576,133107,6469
139577,133108,6469
139578,133109,6469
139580,133111,6469
139581,133112,6469
139582,133113,6469
139583,133114,6469
139585,133116,6469
139586,133117,6469
139587,133118,6469
139589,133120,6469
139590,133121,6469
139591,133122,6469
139593,133124,6469
139594,133125,6469
139596,133127,6469
139597,133128,6469
139598,133129,6469
139599,133130,6469
139601,133132,6469
139602,133133,6469
139603,133134,6469
139604,133135,6469
139605,133136,6469
139606,133137,6469
139607,133138,6469
139608,133139,6469
139609,133140,6469
139611,133142,6469
139612,133143,6469
139613,133144,6469
139614,133145,6469
139615,133146,6469
139616,133147,6469
139617,133148,6469
139618,133149,6469
139619,133150,6469
139620,133151,6469
139621,133152,6469
139623,133154,6469
139624,133155,6469
139626,133157,6469
139627,133158,6469
139629,133160,6469
139630,133161,6469
139631,133162,6469
139633,133164,6469
139634,133165,6469
139635,133166,6469
139636,133167,6469
139637,133168,6469
139638,133169,6469
139639,133170,6469
139640,133171,6469
139641,133172,6469
139643,133174,6469
139644,133175,6469
139645,133176,6469
139646,133177,6469
139647,133178,6469
139649,133180,6469
139650,133181,6469
139651,133182,6469
139652,133183,6469
139654,133185,6469
139655,133186,6469
139656,133187,6469
139657,133188,6469
139658,133189,6469
139660,133191,6469
139662,133193,6469
139663,133194,6469
139665,133196,6469
139666,133197,6469
139667,133198,6469
139669,133200,6469
139670,133201,6469
139672,133203,6469
139674,133205,6469
139675,133206,6469
139676,133207,6469
139678,133209,6469
139679,133210,6469
139681,133212,6469
139683,133214,6469
139684,133215,6469
139685,133216,6469
139686,133217,6469
139688,133219,6469
139690,133221,6469
139691,133222,6469
139692,133223,6469
139693,133224,6469
139695,133226,6469
139696,133227,6469
139697,133228,6469
139699,133230,6469
139701,133232,6469
139702,133233,6469
139703,133234,6469
139704,133235,6469
139706,133237,6469
139707,133238,6469
139708,133239,6469
139709,133240,6469
139710,133241,6469
139711,133242,6469
139713,133244,6469
139714,133245,6469
139716,133247,6469
139717,133248,6469
139719,133250,6469
139720,133251,6469
139721,133252,6469
139723,133254,6469
139724,133255,6469
139725,133255,6470
139727,133257,6470
139728,133258,6470
139729,133259,6470
139730,133260,6470
139732,133262,6470
139733,133263,6470
139734,133264,6470
139735,133265,6470
139736,133266,6470
139738,133268,6470
139740,133270,6470
139741,133271,6470
139743,133273,6470
139744,133274,6470
139745,133275,6470
139747,133277,6470
139748,133278,6470
139750,133280,6470
139751,133281,6470
139753,133283,6470
139755,133285,6470
139757,133287,6470
139758,133288,6470
139759,133289,6470
139761,133291,6470
139762,133291,6471
139763,133292,6471
139764,133293,6471
139765,133294,6471
139766,133295,6471
139767,133296,6471
139768,133297,6471
139769,133298,6471
139771,133300,6471
139772,133301,6471
139773,133302,6471
139774,133303,6471
139775,133304,6471
139776,133305,6471
139777,133306,6471
139778,133307,6471
139779,133308,6471
139781,133310,6471
139783,133312,6471
139784,133313,6471
139785,133314,6471
139786,133315,6471
139787,133316,6471
139788,133317,6471
139790,133319,6471
139791,133320,6471
139792,133321,6471
139793,133322,6471
139794,133323,6471
139796,133325,6471
139798,133327,6471
139800,133329,6471
139802,133331,6471
139803,133332,6471
139805,133334,6471
139806,133335,6471
139808,133337,6471
139809,133338,6471
139810,133339,6471
139811,133340,6471
139813,133342,6471
139815,133344,6471
139816,133345,6471
139817,133346,6471
139818,133347,6471
139819,133348,6471
139821,133350,6471
139823,133352,6471
139824,133353,6471
139826,133355,6471
139827,133356,6471
139828,133357,6471
139830,133359,6471
139832,133361,6471
139833,133362,6471
139834,133363,6471
139835,133364,6471
139836,133365,6471
139837,133366,6471
139838,133367,6471
139839,133368,6471
139840,133369,6471
139841,133370,6471
139842,133371,6471
139843,133372,6471
139844,133373,6471
139845,133373,6472
139847,133375,6472
139849,133377,6472
139850,133378,6472
139851,133379,6472
139853,133380,6473
139854,133381,6473
139855,133382,6473
139856,133383,6473
139857,133384,6473
139859,133386,6473
139860,133387,6473
139861,133388,6473
139863,133390,6473
139864,133391,6473
139865,133392,6473
139866,133393,6473
139867,133394,6473
139868,133395,6473
139870,133397,6473
139871,133398,6473
139872,133399,6473
139873,133400,6473
139874,133401,6473
139876,133403,6473
139877,133404,6473
139878,133405,6473
139879,133406,6473
139881,133408,6473
139882,133409,6473
139884,133411,6473
139885,133412,6473
139886,133413,6473
139887,133414,6473
139888,133415,6473
139889,133416,6473
139890,133417,6473
139892,133419,6473
139893,133420,6473
139894,133421,6473
139895,133422,6473
139897,133422,6475
139898,133423,6475
139899,133424,6475
139901,133426,6475
139902,133427,6475
139903,133428,6475
139905,133429,6476
139906,133430,6476
139908,133432,6476
139909,133433,6476
139910,133434,6476
139911,133435,6476
139913,133437,6476
139914,133438,6476
139915,133439,6476
139916,133440,6476
139917,133441,6476
139918,133442,6476
139919,133443,6476
139920,133444,6476
139921,133445,6476
139922,133446,6476
139923,133447,6476
139924,133448,6476
139925,133449,6476
139927,133451,6476
139929,133453,6476
139930,133454,6476
139931,133455,6476
139932,133456,6476
139934,133458,6476
139935,133459,6476
139936,133460,6476
139937,133461,6476
139938,133462,6476
139939,133463,6476
139941,133465,6476
139942,133466,6476
139944,133468,6476
139945,133469,6476
139947,133471,6476
139948,133472,6476
139949,133473,6476
139950,133474,6476
139951,133475,6476
139952,133476,6476
139953,133477,6476
139954,133478,6476
139956,133480,6476
139958,133482,6476
139959,133483,6476
139960,133484,6476
139961,133485,6476
139962,133486,6476
139963,133487,6476
139964,133488,6476
139966,133490,6476
139967,133491,6476
139968,133492,6476
139969,133493,6476
139970,133494,6476
139971,133495,6476
139973,133497,6476
139975,133499,6476
139977,133501,6476
139978,133502,6476
139979,133503,6476
139980,133504,6476
139982,133506,6476
139983,133507,6476
139984,133508,6476
139985,133509,6476
139987,133511,6476
139988,133512,6476
139989,133513,6476
139990,133514,6476
139991,133515,6476
139992,133516,6476
139993,133517,6476
139994,133518,6476
139995,133519,6476
139996,133520,6476
139997,133521,6476
139998,133522,6476
140000,133524,6476
140001,133525,6476
140003,133527,6476
140004,133528,6476
140005,133529,6476
140006,133530,6476
140007,133531,6476
140008,133532,6476
140009,133533,6476
140010,133534,6476
140011,133535,6476
140012,133536,6476
140013,133537,6476
140014,133538,6476
140016,133540,6476
140017,133541,6476
140019,133543,6476
140020,133544,6476
140021,133545,6476
140022,133546,6476
140023,133547,6476
140025,133549,6476
140026,133550,6476
140027,133551,6476
140029,133553,6476
140031,133555,6476
140033,133557,6476
140034,133558,6476
140035,133559,6476
140036,133560,6476
140038,133562,6476
140040,133564,6476
140041,133565,6476
140042,133566,6476
140043,133567,6476
140044,133568,6476
140046,133570,6476
140047,133571,6476
140048,133572,6476
140049,133573,6476
140050,133574,6476
140051,133575,6476
140053,133577,6476
140055,133579,6476
140056,133580,6476
140057,133581,6476
140058,133582,6476
140059,133583,6476
140060,133584,6476
140062,133586,6476
140064,133588,6476
140065,133589,6476
140066,133590,6476
140067,133591,6476
140068,133592,6476
140069,133593,6476
140070,133594,6476
140071,133595,6476
140072,133596,6476
140073,133597,6476
140074,133598,6476
140076,133600,6476
140077,133601,6476
140078,133602,6476
140079,133603,6476
140081,133605,6476
140082,133606,6476
140083,133607,6476
140085,133609,6476
140086,133610,6476
140087,133611,6476
140088,133612,6476
140089,133613,6476
140090,133614,6476
140091,133615,6476
140093,133617,6476
140094,133618,6476
140095,133619,6476
140096,133620,6476
140097,133621,6476
140099,133623,6476
140100,133624,6476
140101,133625,6476
140102,133626,6476
140103,133627,6476
140104,133628,6476
140106,133630,6476
140107,133631,6476
140108,133632,6476
140109,133633,6476
140110,133634,6476
140112,133636,6476
140113,133637,6476
140114,133638,6476
140115,133639,6476
140117,133641,6476
140118,133642,6476
140120,133644,6476
140121,133645,6476
140122,133646,6476
140123,133647,6476
140124,133648,6476
140125,133649,6476
140126,133650,6476
140127,133651,6476
140129,133653,6476
140130,133654,6476
140132,133656,6476
140133,133657,6476
140135,133659,6476
140137,133661,6476
140139,133663,6476
140140,133664,6476
140142,133666,6476
140143,133667,6476
140145,133669,6476
140147,133671,6476
140148,133672,6476
140149,133673,6476
140151,133675,6476
140152,133676,6476
140154,133678,6476
140155,133679,6476
140156,133680,6476
140157,133681,6476
140159,133683,6476
140160,133684,6476
140161,133685,6476
140163,133687,6476
140164,133688,6476
140166,133690,6476
140167,133691,6476
140168,133692,6476
140169,133693,6476
140170,133694,6476
140171,133695,6476
140173,133697,6476
140175,133699,6476
140176,133700,6476
140178,133702,6476
140179,133703,6476
140180,133704,6476
140182,133706,6476
140183,133707,6476
140184,133708,6476
140186,133710,6476
140187,133711,6476
140188,133712,6476
140189,133713,6476
140190,133714,6476
140191,133715,6476
140192,133716,6476
140193,133717,6476
140195,133719,6476
140197,133721,6476
140198,133722,6476
140199,133723,6476
140200,133724,6476
140202,133726,6476
140203,133727,6476
140204,133727,6477
140205,133728,6477
140206,133729,6477
140208,133731,6477
140209,133732,6477
140210,133733,6477
140211,133734,6477
140212,133735,6477
140214,133737,6477
140215,133738,6477
140217,133740,6477
140218,133741,6477
140220,133743,6477
140221,133744,6477
140222,133745,6477
140223,133745,6478
140224,133746,6478
140225,133747,6478
140227,133749,6478
140228,133750,6478
140229,133751,6478
140230,133752,6478
140231,133753,6478
140233,133755,6478
140234,133756,6478
140235,133757,6478
140237,133759,6478
140238,133760,6478
140239,133760,6479
140240,133761,6479
140241,133762,6479
140243,133764,6479
140244,133765,6479
140246,133767,6479
140247,133768,6479
140249,133770,6479
140250,133771,6479
140251,133772,6479
140253,133774,6479
140254,133775,6479
140255,133776,6479
140256,133777,6479
140258,133779,6479
140259,133780,6479
140260,133781,6479
140261,133782,6479
140263,133784,6479
140264,133785,6479
140265,133786,6479
140266,133787,6479
140268,133789,6479
140269,133790,6479
140270,133791,6479
140271,133792,6479
140273,133794,6479
140275,133796,6479
140276,133797,6479
140278,133799,6479
140279,133800,6479
140280,133801,6479
140281,133802,6479
140282,133803,6479
140284,133805,6479
140285,133806,6479
140286,133807,6479
140287,133808,6479
140288,133809,6479
140289,133810,6479
140290,133811,6479
140292,133813,6479
140293,133814,6479
140294,133815,6479
140295,133816,6479
140296,133817,6479
140298,133819,6479
140300,133821,6479
140301,133822,6479
140303,133824,6479
140304,133825,6479
140306,133827,6479
140308,133829,6479
140309,133830,6479
140310,133831,6479
140311,133832,6479
140312,133833,6479
140314,133835,6479
140315,133836,6479
140317,133838,6479
140318,133839,6479
140319,133840,6479
140321,133842,6479
140322,133843,6479
140324,133845,6479
140325,133846,6479
140327,133848,6479
140328,133849,6479
140330,133851,6479
140331,133852,6479
140333,133854,6479
140334,133855,6479
140335,133856,6479
140336,133857,6479
140337,133858,6479
140339,133860,6479
140340,133860,6480
140341,133861,6480
140343,133863,6480
140344,133864,6480
140346,133866,6480
140348,133868,6480
140350,133870,6480
140351,133871,6480
140353,133873,6480
140354,133874,6480
140356,133876,6480
140357,133877,6480
140358,133878,6480
140360,133880,6480
140361,133881,6480
140362,133882,6480
140363,133883,6480
140364,133884,6480
140366,133886,6480
140367,133887,6480
140368,133888,6480
140369,133889,6480
140370,133890,6480
140371,133891,6480
140372,133892,6480
140373,133893,6480
140374,133894,6480
140376,133896,6480
140377,133897,6480
140378,133898,6480
140379,133899,6480
140380,133900,6480
140381,133901,6480
140382,133902,6480
140383,133903,6480
140384,133904,6480
140386,133906,6480
140387,133907,6480
140388,133908,6480
140389,133909,6480
140390,133910,6480
140391,133911,6480
140392,133912,6480
140393,133913,6480
140394,133914,6480
140396,133916,6480
140397,133917,6480
140398,133918,6480
140399,133919,6480
140400,133920,6480
140401,133921,6480
140402,133922,6480
140403,133923,6480
140404,133924,6480
140406,133926,6480
140407,133927,6480
140408,133928,6480
140409,133929,6480
140410,133930,6480
140411,133931,6480
140412,133932,6480
140413,133933,6480
140414,133934,6480
140416,133936,6480
140417,133937,6480
140418,133938,6480
140419,133939,6480
140420,133940,6480
140421,133941,6480
140422,133942,6480
140423,133943,6480
140424,133944,6480
140426,133946,6480
140427,133947,6480
140428,133948,6480
140429,133949,6480
140430,133950,6480
140431,133951,6480
140432,133952,6480
140433,133953,6480
140434,133954,6480
140436,133956,6480
140437,133957,6480
140438,133958,6480
140439,133959,6480
140440,133960,6480
140441,133961,6480
140442,133962,6480
140443,133963,6480
140444,133964,6480
140446,133966,6480
140447,133967,6480
140449,133968,6481
140450,133969,6481
140451,133970,6481
140452,133971,6481
140453,133972,6481
140454,133973,6481
140455,133974,6481
140457,133976,6481
140458,133977,6481
140459,133978,6481
140460,133979,6481
140461,133980,6481
140462,133981,6481
140463,133982,6481
140464,133983,6481
140465,133984,6481
140467,133986,6481
140468,133987,6481
140469,133988,6481
140470,133989,6481
140471,133990,6481
140472,133991,6481
140473,133992,6481
140474,133993,6481
140475,133994,6481
140477,133996,6481
140478,133997,6481
140479,133998,6481
140480,133999,6481
140481,134000,6481
140482,134001,6481
140483,134002,6481
140484,134003,6481
140485,134004,6481
140487,134006,6481
140488,134007,6481
140489,134008,6481
140490,134009,6481
140491,134010,6481
140492,134011,6481
140494,134013,6481
140496,134015,6481
140497,134016,6481
140498,134017,6481
140500,134019,6481
140502,134021,6481
140503,134022,6481
140504,134023,6481
140506,134025,6481
140507,134026,6481
140508,134027,6481
140509,134028,6481
140511,134030,6481
140512,134031,6481
140513,134032,6481
140514,134033,6481
140516,134035,6481
140518,134037,6481
140519,134038,6481
140520,134039,6481
140522,134041,6481
140524,134043,6481
140525,134044,6481
140526,134045,6481
140528,134047,6481
140530,134049,6481
140531,134050,6481
140533,134052,6481
140535,134054,6481
140536,134055,6481
140538,134057,6481
140540,134059,6481
140542,134061,6481
140543,134062,6481
140544,134063,6481
140546,134065,6481
140548,134067,6481
140549,134068,6481
140551,134070,6481
140553,134072,6481
140554,134073,6481
140555,134074,6481
140557,134076,6481
140558,134077,6481
140560,134079,6481
140561,134080,6481
140562,134081,6481
140564,134083,6481
140566,134085,6481
140567,134086,6481
140569,134088,6481
140570,134089,6481
140572,134091,6481
140573,134092,6481
140575,134094,6481
140577,134096,6481
140579,134098,6481
140580,134099,6481
140582,134101,6481
140583,134102,6481
140585,134104,6481
140586,134105,6481
140588,134107,6481
140589,134108,6481
140590,134109,6481
140591,134110,6481
140592,134111,6481
140593,134112,6481
140594,134113,6481
140595,134114,6481
140596,134115,6481
140597,134116,6481
140598,134117,6481
140599,134118,6481
140600,134119,6481
140601,134120,6481
140602,134121,6481
140604,134123,6481
140605,134124,6481
140606,134125,6481
140607,134126,6481
140609,134128,6481
140610,134129,6481
140611,134130,6481
140613,134132,6481
140615,134134,6481
140616,134135,6481
140618,134137,6481
140620,134139,6481
140622,134141,6481
140623,134142,6481
140624,134143,6481
140625,134144,6481
140626,134145,6481
140627,134146,6481
140629,134148,6481
140630,134149,6481
140632,134151,6481
140634,134153,6481
140636,134155,6481
140637,134156,6481
140639,134158,6481
140640,134159,6481
140642,134161,6481
140643,134162,6481
140644,134163,6481
140645,134164,6481
140647,134166,6481
140649,134168,6481
140650,134169,6481
140651,134170,6481
140652,134171,6481
140654,134173,6481
140656,134175,6481
140657,134176,6481
140659,134178,6481
140660,134179,6481
140661,134180,6481
140662,134181,6481
140664,134183,6481
140665,134184,6481
140666,134185,6481
140667,134186,6481
140668,134187,6481
140670,134189,6481
140671,134190,6481
140672,134191,6481
140673,134192,6481
140675,134194,6481
140676,134195,6481
140677,134196,6481
140678,134197,6481
140679,134198,6481
140681,134200,6481
140683,134202,6481
140684,134203,6481
140686,134205,6481
140687,134206,6481
140688,134207,6481
140689,134208,6481
140690,134209,6481
140692,134211,6481
140694,134213,6481
140695,134214,6481
140696,134215,6481
140697,134216,6481
140698,134217,6481
140700,134219,6481
140702,134221,6481
140703,134222,6481
140704,134223,6481
140705,134224,6481
140707,134226,6481
140709,134228,6481
140710,134229,6481
140711,134230,6481
140712,134231,6481
140714,134233,6481
140715,134234,6481
140717,134236,6481
140719,134238,6481
140721,134240,6481
140722,134241,6481
140723,134242,6481
140724,134243,6481
140726,134245,6481
140727,134246,6481
140728,134247,6481
140729,134248,6481
140730,134249,6481
140731,134250,6481
140733,134252,6481
140734,134253,6481
140736,134255,6481
140738,134257,6481
140739,134258,6481
140740,134259,6481
140741,134260,6481
140743,134262,6481
140745,134264,6481
140746,134265,6481
140747,134266,6481
140748,134267,6481
140749,134268,6481
140750,134269,6481
140751,134270,6481
140752,134271,6481
140753,134272,6481
140754,134273,6481
140755,134274,6481
140757,134276,6481
140758,134277,6481
140760,134279,6481
140761,134280,6481
140762,134281,6481
140763,134282,6481
140764,134283,6481
140766,134285,6481
140767,134286,6481
140768,134287,6481
140769,134288,6481
140771,134290,6481
140773,134292,6481
140774,134293,6481
140775,134294,6481
140776,134295,6481
140777,134296,6481
140779,134298,6481
140780,134299,6481
140782,134301,6481
140783,134302,6481
140784,134303,6481
140785,134304,6481
140786,134305,6481
140788,134307,6481
140790,134309,6481
140792,134311,6481
140793,134312,6481
140794,134313,6481
140795,134314,6481
140797,134316,6481
140799,134318,6481
140801,134320,6481
140802,134321,6481
140803,134322,6481
140805,134324,6481
140807,134326,6481
140808,134327,6481
140809,134328,6481
140810,134329,6481
140812,134331,6481
140813,134332,6481
140814,134333,6481
140816,134335,6481
140817,134336,6481
140818,134337,6481
140819,134338,6481
140820,134339,6481
140822,134341,6481
140823,134342,6481
140824,134343,6481
140825,134344,6481
140826,134345,6481
140827,134346,6481
140829,134348,6481
140830,134349,6481
140832,134351,6481
140834,134353,6481
140835,134354,6481
140836,134355,6481
140837,134356,6481
140839,134358,6481
140841,134360,6481
140842,134361,6481
140843,134362,6481
140844,134363,6481
140845,134364,6481
140846,134365,6481
140847,134366,6481
140848,134367,6481
140849,134368,6481
140851,134370,6481
140852,134371,6481
140854,134373,6481
140855,134374,6481
140857,134376,6481
140858,134377,6481
140859,134378,6481
140860,134379,6481
140861,134380,6481
140863,134382,6481
140864,134383,6481
140865,134384,6481
140866,134385,6481
140868,134387,6481
140870,134389,6481
140871,134390,6481
140872,134391,6481
140873,134392,6481
140874,134393,6481
140876,134395,6481
140877,134396,6481
140879,134398,6481
140880,134399,6481
140881,134400,6481
140883,134402,6481
140884,134403,6481
140886,134405,6481
140888,134407,6481
140890,134409,6481
140891,134410,6481
140893,134412,6481
140894,134413,6481
140896,134415,6481
140898,134417,6481
140900,134419,6481
140901,134420,6481
140902,134421,6481
140904,134423,6481
140906,134425,6481
140907,134426,6481
140908,134427,6481
140909,134428,6481
140911,134430,6481
140912,134431,6481
140914,134431,6483
140916,134433,6483
140917,134434,6483
140918,134435,6483
140919,134436,6483
140920,134437,6483
140922,134439,6483
140923,134440,6483
140924,134441,6483
140925,134442,6483
140926,134443,6483
140927,134444,6483
140929,134446,6483
140930,134447,6483
140932,134449,6483
140933,134450,6483
140935,134452,6483
140936,134453,6483
140937,134454,6483
140938,134455,6483
140939,134456,6483
140940,134457,6483
140942,134459,6483
140943,134460,6483
140944,134461,6483
140946,134463,6483
140948,134465,6483
140949,134466,6483
140950,134467,6483
140951,134468,6483
140952,134469,6483
140954,134471,6483
140956,134473,6483
140957,134474,6483
140959,134476,6483
140960,134477,6483
140961,134478,6483
140963,134480,6483
140964,134481,6483
140966,134483,6483
140967,134484,6483
140969,134486,6483
140971,134488,6483
140973,134490,6483
140974,134491,6483
140975,134492,6483
140977,134494,6483
140978,134495,6483
140979,134496,6483
140980,134497,6483
140981,134498,6483
140982,134499,6483
140983,134500,6483
140984,134501,6483
140985,134502,6483
140987,134504,6483
140988,134505,6483
140989,134506,6483
140990,134507,6483
140991,134508,6483
140992,134509,6483
140993,134510,6483
140995,134512,6483
140997,134514,6483
140998,134515,6483
140999,134516,6483
141000,134517,6483
141002,134519,6483
141004,134521,6483
141006,134523,6483
141008,134525,6483
141009,134526,6483
141011,134528,6483
141012,134529,6483
141014,134531,6483
141015,134532,6483
141016,134533,6483
141017,134534,6483
141019,134536,6483
141021,134538,6483
141022,134539,6483
141023,134540,6483
141024,134541,6483
141025,134542,6483
141027,134544,6483
141029,134546,6483
141030,134547,6483
141032,134549,6483
141033,134550,6483
141034,134551,6483
141036,134553,6483
141038,134555,6483
141039,134556,6483
141040,134557,6483
141041,134558,6483
141042,134559,6483
141043,134560,6483
141044,134561,6483
141045,134562,6483
141046,134563,6483
141047,134564,6483
141048,134565,6483
141049,134566,6483
141050,134567,6483
141051,134568,6483
141053,134570,6483
141055,134572,6483
141056,134573,6483
141057,134574,6483
141059,134575,6484
141060,134576,6484
141061,134577,6484
141062,134578,6484
141063,134579,6484
141065,134581,6484
141066,134582,6484
141067,134583,6484
141069,134585,6484
141070,134586,6484
141071,134587,6484
141072,134588,6484
141073,134589,6484
141074,134590,6484
141076,134592,6484
141077,134593,6484
141078,134594,6484
141079,134595,6484
141080,134596,6484
141082,134598,6484
141083,134599,6484
141085,134601,6484
141086,134602,6484
141087,134603,6484
141088,134604,6484
141089,134605,6484
141091,134607,6484
141092,134608,6484
141093,134609,6484
141094,134610,6484
141095,134611,6484
141096,134612,6484
141098,134614,6484
141099,134615,6484
141100,134616,6484
141101,134617,6484
141103,134619,6484
141104,134620,6484
141105,134621,6484
141106,134622,6484
141107,134623,6484
141108,134624,6484
141109,134625,6484
141110,134626,6484
141111,134627,6484
141113,134629,6484
141114,134630,6484
141115,134631,6484
141116,134632,6484
141117,134633,6484
141118,134634,6484
141119,134635,6484
141121,134637,6484
141122,134638,6484
141123,134639,6484
141124,134640,6484
141126,134642,6484
141127,134643,6484
141129,134645,6484
141131,134647,6484
141132,134648,6484
141133,134649,6484
141134,134650,6484
141135,134651,6484
141137,134653,6484
141138,134654,6484
141139,134655,6484
141140,134656,6484
141142,134658,6484
141143,134659,6484
141144,134660,6484
141145,134661,6484
141146,134662,6484
141147,134663,6484
141148,134664,6484
141149,134665,6484
141150,134666,6484
141151,134667,6484
141152,134668,6484
141153,134669,6484
141155,134671,6484
141156,134672,6484
141158,134674,6484
141159,134675,6484
141160,134676,6484
141161,134677,6484
141162,134678,6484
141163,134679,6484
141164,134680,6484
141165,134681,6484
141166,134682,6484
141167,134683,6484
141168,134684,6484
141169,134685,6484
141171,134687,6484
141172,134688,6484
141174,134690,6484
141175,134691,6484
141176,134692,6484
141177,134693,6484
141178,134694,6484
141180,134696,6484
141181,134697,6484
141182,134698,6484
141184,134700,6484
141186,134702,6484
141188,134704,6484
141189,134705,6484
141190,134706,6484
141191,134707,6484
141193,134709,6484
141195,134711,6484
141196,134712,6484
141197,134713,6484
141198,134714,6484
141199,134715,6484
141201,134717,6484
141202,134718,6484
141203,134719,6484
141204,134720,6484
141205,134721,6484
141206,134722,6484
141208,134724,6484
141210,134726,6484
141211,134727,6484
141212,134728,6484
141213,134729,6484
141214,134730,6484
141215,134731,6484
141217,134733,6484
141219,134735,6484
141220,134736,6484
141221,134737,6484
141222,134738,6484
141223,134739,6484
141224,134740,6484
141225,134741,6484
141226,134742,6484
141227,134743,6484
141228,134744,6484
141229,134745,6484
141231,134747,6484
141232,134748,6484
141233,134749,6484
141234,134750,6484
141236,134752,6484
141237,134753,6484
141238,134754,6484
141240,134756,6484
141241,134757,6484
141242,134758,6484
141243,134759,6484
141244,134760,6484
141245,134761,6484
141246,134762,6484
141248,134764,6484
141249,134765,6484
141250,134766,6484
141251,134767,6484
141252,134768,6484
141254,134770,6484
141255,134771,6484
141256,134772,6484
141257,134773,6484
141258,134774,6484
141259,134775,6484
141261,134777,6484
141262,134778,6484
141263,134779,6484
141264,134780,6484
141266,134782,6484
141268,134784,6484
141269,134785,6484
141270,134786,6484
141271,134787,6484
141273,134789,6484
141274,134790,6484
141276,134792,6484
141277,134793,6484
141278,134794,6484
141279,134795,6484
141280,134796,6484
141281,134797,6484
141282,134798,6484
141283,134799,6484
141285,134801,6484
141286,134802,6484
141288,134804,6484
141289,134805,6484
141291,134807,6484
141293,134809,6484
141295,134811,6484
141296,134812,6484
141298,134814,6484
141299,134815,6484
141301,134817,6484
141303,134819,6484
141304,134820,6484
141305,134821,6484
141307,134823,6484
141308,134824,6484
141310,134826,6484
141311,134827,6484
141312,134828,6484
141313,134829,6484
141315,134831,6484
141316,134832,6484
141317,134833,6484
141319,134835,6484
141320,134836,6484
141322,134838,6484
141323,134839,6484
141324,134840,6484
141325,134841,6484
141326,134842,6484
141327,134843,6484
141329,134845,6484
141331,134847,6484
141332,134848,6484
141333,134849,6484
141334,134850,6484
141335,134851,6484
141337,134853,6484
141338,134854,6484
141339,134855,6484
141341,134857,6484
141342,134858,6484
141343,134859,6484
141344,134860,6484
141345,134861,6484
141346,134862,6484
141348,134863,6485
141349,134864,6485
141350,134865,6485
141352,134867,6485
141353,134868,6485
141354,134869,6485
141355,134870,6485
141357,134872,6485
141358,134873,6485
141360,134874,6486
141361,134875,6486
141362,134876,6486
141364,134878,6486
141365,134879,6486
141366,134880,6486
141367,134881,6486
141368,134882,6486
141370,134884,6486
141371,134885,6486
141372,134886,6486
141373,134887,6486
141375,134889,6486
141376,134890,6486
141377,134891,6486
141378,134891,6487
141379,134892,6487
141380,134893,6487
141382,134895,6487
141383,134896,6487
141384,134897,6487
141385,134898,6487
141386,134899,6487
141388,134901,6487
141389,134902,6487
141390,134903,6487
141392,134905,6487
141393,134906,6487
141394,134906,6488
141395,134907,6488
141396,134908,6488
141398,134910,6488
141399,134911,6488
141401,134913,6488
141402,134914,6488
141404,134916,6488
141405,134917,6488
141406,134918,6488
141408,134920,6488
141409,134921,6488
141410,134922,6488
141411,134923,6488
141413,134925,6488
141414,134926,6488
141415,134927,6488
141416,134928,6488
141418,134930,6488
141419,134931,6488
141420,134932,6488
141421,134933,6488
141423,134935,6488
141424,134936,6488
141425,134937,6488
141426,134938,6488
141428,134940,6488
141430,134942,6488
141431,134943,6488
141433,134945,6488
141434,134946,6488
141435,134947,6488
141436,134948,6488
141437,134949,6488
141439,134951,6488
141440,134952,6488
141441,134953,6488
141442,134954,6488
141443,134955,6488
141444,134956,6488
141445,134957,6488
141447,134959,6488
141448,134960,6488
141449,134961,6488
141450,134962,6488
141451,134963,6488
141453,134965,6488
141455,134967,6488
141456,134968,6488
141458,134970,6488
141459,134971,6488
141461,134973,6488
141463,134975,6488
141464,134976,6488
141465,134977,6488
141466,134978,6488
141467,134979,6488
141469,134981,6488
141470,134982,6488
141472,134984,6488
141473,134985,6488
141474,134986,6488
141476,134988,6488
141477,134989,6488
141479,134991,6488
141480,134992,6488
141482,134994,6488
141483,134995,6488
141485,134997,6488
141486,134998,6488
141488,135000,6488
141489,135001,6488
141490,135002,6488
141491,135003,6488
141492,135004,6488
141494,135006,6488
141495,135006,6489
141496,135007,6489
141498,135009,6489
141499,135010,6489
141501,135012,6489
141503,135014,6489
141505,135016,6489
141506,135017,6489
141508,135019,6489
141509,135020,6489
141511,135022,6489
141512,135023,6489
141513,135024,6489
141515,135026,6489
141516,135027,6489
141517,135028,6489
141518,135029,6489
141519,135030,6489
141521,135032,6489
141522,135033,6489
141524,135034,6490
141525,135035,6490
141526,135036,6490
141527,135037,6490
141528,135038,6490
141529,135039,6490
141530,135040,6490
141532,135042,6490
141533,135043,6490
141534,135044,6490
141535,135045,6490
141536,135046,6490
141537,135047,6490
141538,135048,6490
141539,135049,6490
141540,135050,6490
141542,135052,6490
141543,135053,6490
141544,135054,6490
141545,135055,6490
141546,135056,6490
141547,135057,6490
141548,135058,6490
141549,135059,6490
141550,135060,6490
141552,135062,6490
141553,135063,6490
141554,135064,6490
141555,135065,6490
141556,135066,6490
141557,135067,6490
141558,135068,6490
141559,135069,6490
141560,135070,6490
141562,135072,6490
141563,135073,6490
141564,135074,6490
141565,135075,6490
141566,135076,6490
141567,135077,6490
141568,135078,6490
141569,135079,6490
141570,135080,6490
141572,135082,6490
141573,135083,6490
141574,135084,6490
141575,135085,6490
141576,135086,6490
141577,135087,6490
141578,135088,6490
141579,135089,6490
141580,135090,6490
141582,135092,6490
141583,135093,6490
141584,135094,6490
141585,135095,6490
141586,135096,6490
141587,135097,6490
141588,135098,6490
141589,135099,6490
141590,135100,6490
141592,135102,6490
141593,135103,6490
141594,135104,6490
141595,135105,6490
141596,135106,6490
141597,135107,6490
141598,135108,6490
141599,135109,6490
141600,135110,6490
141602,135112,6490
141603,135113,6490
141604,135114,6490
141605,135115,6490
141606,135116,6490
141607,135117,6490
141608,135118,6490
141609,135119,6490
141610,135120,6490
141612,135122,6490
141613,135123,6490
141614,135124,6490
141615,135125,6490
141616,135126,6490
141617,135127,6490
141618,135128,6490
141619,135129,6490
141620,135130,6490
141622,135132,6490
141623,135133,6490
141624,135134,6490
141625,135135,6490
141626,135136,6490
141627,135137,6490
141628,135138,6490
141629,135139,6490
141630,135140,6490
141632,135142,6490
141633,135143,6490
141634,135144,6490
141635,135145,6490
141636,135146,6490
141637,135147,6490
141638,135148,6490
141639,135149,6490
141640,135150,6490
141642,135152,6490
141643,135153,6490
141644,135154,6490
141645,135155,6490
141646,135156,6490
141647,135157,6490
141648,135158,6490
141649,135159,6490
141650,135160,6490
141652,135162,6490
141653,135163,6490
141654,135164,6490
141655,135165,6490
141656,135166,6490
141657,135167,6490
141658,135168,6490
141659,135169,6490
141660,135170,6490
141662,135172,6490
141663,135173,6490
141664,135174,6490
141665,135175,6490
141666,135176,6490
141667,135177,6490
141669,135179,6490
141671,135181,6490
141672,135182,6490
141673,135183,6490
141675,135185,6490
141677,135187,6490
141678,135188,6490
141679,135189,6490
141681,135191,6490
141682,135192,6490
141683,135193,6490
141684,135194,6490
141686,135196,6490
141687,135197,6490
141688,135198,6490
141689,135199,6490
141691,135201,6490
141693,135203,6490
141694,135204,6490
141695,135205,6490
141697,135207,6490
141699,135209,6490
141700,135210,6490
141701,135211,6490
141703,135213,6490
141705,135215,6490
141706,135216,6490
141708,135218,6490
141710,135220,6490
141711,135221,6490
141713,135223,6490
141715,135225,6490
141717,135227,6490
141718,135228,6490
141719,135229,6490
141721,135231,6490
141723,135233,6490
141724,135234,6490
141726,135236,6490
141728,135238,6490
141729,135239,6490
141730,135240,6490
141732,135242,6490
141733,135243,6490
141735,135245,6490
141736,135246,6490
141737,135247,6490
141739,135249,6490
141741,135251,6490
141742,135252,6490
141744,135254,6490
141745,135255,6490
141747,135257,6490
141748,135258,6490
141750,135260,6490
141752,135262,6490
141754,135264,6490
141755,135265,6490
141757,135267,6490
141758,135268,6490
141760,135270,6490
141761,135271,6490
141763,135273,6490
141764,135274,6490
141765,135275,6490
141766,135276,6490
141767,135277,6490
141768,135278,6490
141769,135279,6490
141770,135280,6490
141771,135281,6490
141772,135282,6490
141773,135283,6490
141774,135284,6490
141775,135285,6490
141776,135286,6490
141777,135287,6490
141779,135289,6490
141780,135290,6490
141781,135291,6490
141782,135292,6490
141784,135294,6490
141785,135295,6490
141786,135296,6490
141788,135298,6490
141790,135300,6490
141791,135301,6490
141793,135303,6490
141795,135305,6490
141797,135307,6490
141798,135308,6490
141799,135309,6490
141800,135310,6490
141801,135311,6490
141802,135312,6490
141804,135314,6490
141805,135315,6490
141807,135317,6490
141809,135319,6490
141811,135321,6490
141812,135322,6490
141814,135324,6490
141815,135325,6490
141817,135327,6490
141818,135328,6490
141819,135329,6490
141820,135330,6490
141822,135332,6490
141824,135334,6490
141825,135335,6490
141826,135336,6490
141827,135337,6490
141829,135339,6490
141831,135341,6490
141832,135342,6490
141834,135344,6490
141835,135345,6490
141836,135346,6490
141837,135347,6490
141839,135349,6490
141840,135350,6490
141841,135351,6490
141842,135352,6490
141843,135353,6490
141845,135355,6490
141846,135356,6490
141847,135357,6490
141848,135358,6490
141850,135360,6490
141851,135361,6490
141852,135362,6490
141853,135363,6490
141854,135364,6490
141856,135366,6490
141858,135368,6490
141859,135369,6490
141861,135371,6490
141862,135372,6490
141863,135373,6490
141864,135374,6490
141865,135375,6490
141867,135377,6490
141869,135379,6490
141870,135380,6490
141871,135381,6490
141872,135382,6490
141873,135383,6490
141875,135385,6490
141877,135387,6490
141878,135388,6490
141879,135389,6490
141880,135390,6490
141882,135392,6490
141884,135394,6490
141885,135395,6490
141886,135396,6490
141887,135397,6490
141889,135399,6490
141890,135400,6490
141892,135402,6490
141894,135404,6490
141896,135406,6490
141897,135407,6490
141898,135408,6490
141899,135409,6490
141901,135411,6490
141902,135412,6490
141903,135413,6490
141904,135414,6490
141905,135415,6490
141906,135416,6490
141908,135418,6490
141909,135419,6490
141911,135421,6490
141913,135423,6490
141914,135424,6490
141915,135425,6490
141916,135426,6490
141918,135428,6490
141920,135430,6490
141921,135431,6490
141922,135432,6490
141923,135433,6490
141924,135434,6490
141925,135435,6490
141926,135436,6490
141927,135437,6490
141928,135438,6490
141929,135439,6490
141930,135440,6490
141932,135442,6490
141933,135443,6490
141935,135445,6490
141936,135446,6490
141937,135447,6490
141938,135448,6490
141939,135449,6490
141941,135451,6490
141942,135452,6490
141943,135453,6490
141944,135454,6490
141946,135456,6490
141948,135458,6490
141949,135459,6490
141950,135460,6490
141951,135461,6490
141952,135462,6490
141954,135464,6490
141955,135465,6490
141957,135467,6490
141958,135468,6490
141959,135469,6490
141960,135470,6490
141961,135471,6490
141963,135473,6490
141965,135475,6490
141967,135477,6490
141968,135478,6490
141969,135479,6490
141970,135480,6490
141972,135482,6490
141974,135484,6490
141976,135486,6490
141977,135487,6490
141978,135488,6490
141980,135490,6490
141982,135492,6490
141983,135493,6490
141984,135494,6490
141985,135495,6490
141987,135497,6490
141988,135498,6490
141989,135499,6490
141991,135501,6490
141992,135502,6490
141993,135503,6490
141994,135504,6490
141995,135505,6490
141997,135507,6490
141998,135508,6490
141999,135509,6490
142000,135510,6490
142001,135511,6490
142002,135512,6490
142004,135514,6490
142005,135515,6490
142007,135517,6490
142009,135519,6490
142010,135520,6490
142011,135521,6490
142012,135522,6490
142014,135524,6490
142016,135526,6490
142017,135527,6490
142018,135528,6490
142019,135529,6490
142020,135530,6490
142021,135531,6490
142022,135532,6490
142023,135533,6490
142024,135534,6490
142026,135536,6490
142027,135537,6490
142029,135539,6490
142030,135540,6490
142032,135542,6490
142033,135543,6490
142034,135544,6490
142035,135545,6490
142036,135546,6490
142038,135548,6490
142039,135549,6490
142040,135550,6490
142041,135551,6490
142043,135553,6490
142045,135555,6490
142046,135556,6490
142047,135557,6490
142048,135558,6490
142049,135559,6490
142051,135561,6490
142052,135562,6490
142054,135564,6490
142055,135565,6490
142056,135566,6490
142058,135568,6490
142059,135569,6490
142061,135571,6490
142063,135573,6490
142065,135575,6490
142066,135576,6490
142068,135578,6490
142069,135579,6490
142071,135581,6490
142073,135583,6490
142075,135585,6490
142076,135586,6490
142077,135587,6490
142079,135589,6490
142081,135591,6490
142082,135592,6490
142083,135593,6490
142084,135594,6490
142086,135596,6490
142087,135597,6490
142089,135598,6491
142091,135600,6491
142092,135601,6491
142093,135602,6491
142094,135603,6491
142095,135604,6491
142097,135606,6491
142098,135607,6491
142099,135608,6491
142100,135609,6491
142101,135610,6491
142102,135611,6491
142104,135613,6491
142105,135614,6491
142107,135616,6491
142108,135617,6491
142110,135619,6491
142111,135620,6491
142112,135621,6491
142113,135622,6491
142114,135623,6491
142116,135623,6493
142118,135625,6493
142119,135626,6493
142120,135627,6493
142122,135629,6493
142124,135631,6493
142125,135632,6493
142126,135633,6493
142127,135634,6493
142128,135635,6493
142130,135637,6493
142132,135639,6493
142133,135640,6493
142135,135642,6493
142136,135643,6493
142137,135644,6493
142139,135646,6493
142140,135647,6493
142142,135649,6493
142143,135650,6493
142145,135652,6493
142147,135654,6493
142149,135656,6493
142150,135657,6493
142151,135658,6493
142153,135660,6493
142155,135660,6495
142156,135661,6495
142157,135662,6495
142158,135663,6495
142159,135664,6495
142160,135665,6495
142162,135667,6495
142164,135669,6495
142165,135670,6495
142166,135671,6495
142167,135672,6495
142169,135674,6495
142171,135676,6495
142173,135678,6495
142175,135680,6495
142176,135681,6495
142178,135683,6495
142179,135684,6495
142181,135686,6495
142182,135687,6495
142183,135688,6495
142184,135689,6495
142186,135691,6495
142188,135693,6495
142189,135694,6495
142190,135695,6495
142191,135696,6495
142192,135697,6495
142194,135699,6495
142196,135701,6495
142197,135702,6495
142199,135704,6495
142200,135705,6495
142201,135706,6495
142203,135708,6495
142205,135710,6495
142206,135711,6495
142207,135712,6495
142208,135713,6495
142209,135714,6495
142210,135715,6495
142211,135716,6495
142212,135717,6495
142213,135718,6495
142214,135719,6495
142215,135720,6495
142216,135721,6495
142217,135722,6495
142218,135723,6495
142220,135725,6495
142222,135727,6495
142223,135728,6495
142224,135729,6495
142226,135730,6496
142227,135731,6496
142228,135732,6496
142229,135733,6496
142230,135734,6496
142232,135736,6496
142233,135737,6496
142234,135738,6496
142236,135740,6496
142237,135741,6496
142238,135742,6496
142239,135743,6496
142240,135744,6496
142241,135745,6496
142243,135747,6496
142244,135748,6496
142245,135749,6496
142246,135750,6496
142247,135751,6496
142249,135753,6496
142250,135754,6496
142252,135756,6496
142253,135757,6496
142254,135758,6496
142255,135759,6496
142256,135760,6496
142258,135762,6496
142259,135763,6496
142260,135764,6496
142261,135765,6496
142262,135766,6496
142263,135767,6496
142265,135769,6496
142266,135770,6496
142267,135771,6496
142268,135772,6496
142270,135774,6496
142271,135775,6496
142272,135776,6496
142273,135777,6496
142274,135778,6496
142275,135779,6496
142276,135780,6496
142277,135781,6496
142278,135782,6496
142280,135784,6496
142281,135785,6496
142282,135786,6496
142283,135787,6496
142284,135788,6496
142285,135789,6496
142286,135790,6496
142288,135792,6496
142289,135793,6496
142290,135794,6496
142291,135795,6496
142293,135797,6496
142294,135798,6496
142296,135800,6496
142298,135802,6496
142299,135803,6496
142300,135804,6496
142301,135805,6496
142302,135806,6496
142304,135808,6496
142305,135809,6496
142306,135810,6496
142307,135811,6496
142309,135813,6496
142310,135814,6496
142311,135815,6496
142312,135816,6496
142313,135817,6496
142314,135818,6496
142315,135819,6496
142316,135820,6496
142317,135821,6496
142318,135822,6496
142319,135823,6496
142320,135824,6496
142322,135826,6496
142323,135827,6496
142325,135829,6496
142326,135830,6496
142327,135831,6496
142328,135832,6496
142329,135833,6496
142330,135834,6496
142331,135835,6496
142332,135836,6496
142333,135837,6496
142334,135838,6496
142335,135839,6496
142336,135840,6496
142338,135842,6496
142339,135843,6496
142341,135845,6496
142342,135846,6496
142343,135847,6496
142344,135848,6496
142345,135849,6496
142347,135851,6496
142348,135852,6496
142349,135853,6496
142351,135855,6496
142353,135857,6496
142355,135859,6496
142356,135860,6496
142357,135861,6496
142358,135862,6496
142360,135864,6496
142362,135866,6496
142363,135867,6496
142364,135868,6496
142365,135869,6496
142366,135870,6496
142368,135872,6496
142369,135873,6496
142370,135874,6496
142371,135875,6496
142372,135876,6496
142373,135877,6496
142375,135879,6496
142377,135881,6496
142378,135882,6496
142379,135883,6496
142380,135884,6496
142381,135885,6496
142382,135886,6496
142384,135888,6496
142386,135890,6496
142387,135891,6496
142388,135892,6496
142389,135893,6496
142390,135894,6496
142391,135895,6496
142392,135896,6496
142393,135897,6496
142394,135898,6496
142395,135899,6496
142396,135900,6496
142398,135902,6496
142399,135903,6496
142400,135904,6496
142401,135905,6496
142403,135907,6496
142404,135908,6496
142405,135909,6496
142407,135911,6496
142408,135912,6496
142409,135913,6496
142410,135914,6496
142411,135915,6496
142412,135916,6496
142413,135917,6496
142415,135919,6496
142416,135920,6496
142417,135921,6496
142418,135922,6496
142419,135923,6496
142421,135925,6496
142422,135926,6496
142423,135927,6496
142424,135928,6496
142425,135929,6496
142426,135930,6496
142428,135932,6496
142429,135933,6496
142430,135934,6496
142431,135935,6496
142433,135937,6496
142435,135939,6496
142436,135940,6496
142437,135941,6496
142438,135942,6496
142440,135944,6496
142441,135945,6496
142443,135947,6496
142444,135948,6496
142445,135949,6496
142446,135950,6496
142447,135951,6496
142448,135952,6496
142449,135953,6496
142450,135954,6496
142452,135956,6496
142453,135957,6496
142455,135959,6496
142456,135960,6496
142458,135962,6496
142460,135964,6496
142462,135966,6496
142463,135967,6496
142465,135969,6496
142466,135970,6496
142468,135972,6496
142470,135974,6496
142471,135975,6496
142472,135976,6496
142474,135978,6496
142475,135979,6496
142477,135981,6496
142478,135982,6496
142479,135983,6496
142480,135984,6496
142482,135986,6496
142483,135987,6496
142484,135988,6496
142486,135990,6496
142487,135991,6496
142489,135993,6496
142490,135994,6496
142491,135995,6496
142492,135996,6496
142493,135997,6496
142494,135998,6496
142496,136000,6496
142498,136002,6496
142499,136003,6496
142500,136004,6496
142501,136005,6496
142502,136006,6496
142504,136008,6496
142505,136009,6496
142506,136010,6496
142508,136012,6496
142509,136013,6496
142510,136014,6496
142511,136015,6496
142512,136016,6496
142513,136017,6496
142514,136018,6496
142515,136019,6496
142516,136019,6497
142518,136021,6497
142519,136022,6497
142520,136023,6497
142521,136024,6497
142523,136026,6497
142524,136027,6497
142525,136027,6498
142526,136028,6498
142527,136029,6498
142529,136031,6498
142530,136032,6498
142531,136033,6498
142532,136034,6498
142533,136035,6498
142535,136037,6498
142536,136038,6498
142538,136040,6498
142539,136041,6498
142541,136043,6498
142542,136044,6498
142543,136045,6498
142544,136046,6498
142545,136047,6498
142546,136048,6498
142548,136050,6498
142549,136051,6498
142550,136052,6498
142551,136053,6498
142552,136054,6498
142554,136056,6498
142555,136057,6498
142556,136058,6498
142558,136060,6498
142559,136061,6498
142560,136062,6498
142561,136063,6498
142562,136064,6498
142564,136066,6498
142565,136067,6498
142567,136069,6498
142568,136070,6498
142569,136070,6499
142570,136071,6499
142571,136071,6500
142573,136072,6501
142574,136073,6501
142575,136074,6501
142577,136075,6502
142578,136076,6502
142579,136077,6502
142580,136078,6502
142581,136079,6502
142582,136080,6502
142584,136081,6503
142585,136082,6503
142586,136083,6503
142587,136084,6503
142588,136085,6503
142590,136086,6504
142591,136087,6504
142592,136088,6504
142593,136088,6505
142594,136089,6505
142596,136090,6506
142597,136091,6506
142598,136092,6506
142599,136093,6506
142600,136094,6506
142602,136094,6508
142603,136095,6508
142604,136096,6508
142605,136097,6508
142607,136098,6509
142609,136100,6509
142610,136101,6509
142611,136102,6509
142612,136103,6509
142613,136104,6509
142614,136105,6509
142615,136106,6509
142616,136107,6509
142617,136108,6509
142619,136110,6509
142621,136112,6509
142622,136113,6509
142623,136114,6509
142624,136115,6509
142625,136116,6509
142627,136118,6509
142628,136119,6509
142629,136120,6509
142631,136122,6509
142632,136123,6509
142633,136124,6509
142634,136125,6509
142635,136126,6509
142636,136127,6509
142638,136128,6510
142639,136129,6510
142640,136130,6510
142642,136132,6510
142643,136133,6510
142644,136134,6510
142645,136135,6510
142647,136137,6510
142648,136138,6510
142650,136139,6511
142651,136140,6511
142652,136141,6511
142654,136143,6511
142655,136144,6511
142656,136145,6511
142657,136146,6511
142658,136147,6511
142660,136149,6511
142661,136150,6511
142662,136151,6511
142663,136152,6511
142665,136154,6511
142666,136155,6511
142667,136156,6511
142669,136156,6513
142670,136157,6513
142671,136158,6513
142673,136160,6513
142674,136161,6513
142675,136162,6513
142676,136163,6513
142677,136164,6513
142679,136166,6513
142680,136167,6513
142681,136168,6513
142683,136170,6513
142684,136171,6513
142685,136171,6514
142686,136172,6514
142687,136173,6514
142689,136175,6514
142690,136176,6514
142692,136178,6514
142693,136179,6514
142695,136181,6514
142696,136182,6514
142697,136183,6514
142699,136185,6514
142700,136186,6514
142701,136187,6514
142702,136188,6514
142704,136190,6514
142705,136191,6514
142706,136192,6514
142707,136193,6514
142709,136195,6514
142710,136196,6514
142711,136197,6514
142712,136198,6514
142714,136200,6514
142715,136201,6514
142716,136202,6514
142717,136203,6514
142719,136205,6514
142721,136207,6514
142722,136208,6514
142724,136210,6514
142725,136211,6514
142726,136212,6514
142727,136213,6514
142728,136214,6514
142730,136216,6514
142731,136217,6514
142732,136218,6514
142733,136219,6514
142734,136220,6514
142735,136221,6514
142736,136222,6514
142738,136224,6514
142739,136225,6514
142740,136226,6514
142741,136227,6514
142742,136228,6514
142744,136230,6514
142746,136232,6514
142747,136233,6514
142749,136235,6514
142750,136236,6514
142752,136238,6514
142754,136240,6514
142755,136241,6514
142756,136242,6514
142757,136243,6514
142758,136244,6514
142760,136246,6514
142761,136247,6514
142763,136249,6514
142764,136250,6514
142765,136251,6514
142767,136253,6514
142768,136254,6514
142770,136256,6514
142771,136257,6514
142773,136259,6514
142774,136260,6514
142776,136262,6514
142777,136263,6514
142779,136265,6514
142780,136266,6514
142781,136267,6514
142782,136268,6514
142783,136269,6514
142785,136271,6514
142786,136271,6515
142787,136272,6515
142789,136274,6515
142790,136275,6515
142792,136277,6515
142794,136279,6515
142796,136281,6515
142797,136282,6515
142799,136284,6515
142800,136285,6515
142802,136287,6515
142803,136288,6515
142804,136289,6515
142806,136291,6515
142807,136292,6515
142808,136293,6515
142809,136294,6515
142810,136295,6515
142812,136297,6515
142813,136298,6515
142815,136299,6516
142816,136300,6516
142817,136301,6516
142818,136302,6516
142819,136303,6516
142820,136304,6516
142821,136305,6516
142823,136307,6516
142824,136308,6516
142825,136309,6516
142826,136310,6516
142827,136311,6516
142828,136312,6516
142829,136313,6516
142830,136314,6516
142831,136315,6516
142833,136317,6516
142834,136318,6516
142835,136319,6516
142836,136320,6516
142837,136321,6516
142838,136322,6516
142839,136323,6516
142840,136324,6516
142841,136325,6516
142843,136327,6516
142844,136328,6516
142845,136329,6516
142846,136330,6516
142847,136331,6516
142848,136332,6516
142849,136333,6516
142850,136334,6516
142851,136335,6516
142853,136337,6516
142854,136338,6516
142855,136339,6516
142856,136340,6516
142857,136341,6516
142858,136342,6516
142859,136343,6516
142860,136344,6516
142861,136345,6516
142863,136347,6516
142864,136348,6516
142865,136349,6516
142866,136350,6516
142867,136351,6516
142868,136352,6516
142869,136353,6516
142870,136354,6516
142871,136355,6516
142873,136357,6516
142874,136358,6516
142875,136359,6516
142876,136360,6516
142877,136361,6516
142878,136362,6516
142879,136363,6516
142880,136364,6516
142881,136365,6516
142883,136367,6516
142884,136368,6516
142885,136369,6516
142886,136370,6516
142887,136371,6516
142888,136372,6516
142889,136373,6516
142890,136374,6516
142891,136375,6516
142893,136377,6516
142894,136378,6516
142895,136379,6516
142896,136380,6516
142897,136381,6516
142898,136382,6516
142899,136383,6516
142900,136384,6516
142901,136385,6516
142903,136387,6516
142904,136388,6516
142905,136389,6516
142906,136390,6516
142907,136391,6516
142908,136392,6516
142909,136393,6516
142910,136394,6516
142911,136395,6516
142913,136397,6516
142914,136398,6516
142915,136399,6516
142916,136400,6516
142917,136401,6516
142918,136402,6516
142919,136403,6516
142920,136404,6516
142921,136405,6516
142923,136407,6516
142924,136408,6516
142925,136409,6516
142926,136410,6516
142927,136411,6516
142928,136412,6516
142929,136413,6516
142930,136414,6516
142931,136415,6516
142933,136417,6516
142934,136418,6516
142935,136419,6516
142936,136420,6516
142937,136421,6516
142938,136422,6516
142939,136423,6516
142940,136424,6516
142941,136425,6516
142943,136427,6516
142944,136428,6516
142945,136429,6516
142946,136430,6516
142947,136431,6516
142948,136432,6516
142949,136433,6516
142950,136434,6516
142951,136435,6516
142953,136437,6516
142954,136438,6516
142955,136439,6516
142956,136440,6516
142957,136441,6516
142958,136442,6516
142960,136444,6516
142962,136446,6516
142963,136447,6516
142964,136448,6516
142966,136449,6517
142968,136451,6517
142969,136452,6517
142970,136453,6517
142972,136455,6517
142973,136456,6517
142974,136457,6517
142975,136458,6517
142977,136460,6517
142978,136461,6517
142979,136462,6517
142980,136463,6517
142982,136465,6517
142984,136467,6517
142985,136468,6517
142986,136469,6517
142988,136471,6517
142990,136473,6517
142991,136474,6517
142992,136475,6517
142994,136477,6517
142996,136479,6517
142997,136480,6517
142999,136482,6517
143001,136484,6517
143002,136485,6517
143004,136487,6517
143006,136489,6517
143008,136491,6517
143009,136492,6517
143010,136493,6517
143012,136495,6517
143014,136497,6517
143015,136498,6517
143017,136500,6517
143019,136502,6517
143020,136503,6517
143021,136504,6517
143023,136506,6517
143024,136507,6517
143026,136509,6517
143027,136510,6517
143028,136511,6517
143030,136513,6517
143032,136515,6517
143033,136516,6517
143035,136518,6517
143036,136519,6517
143038,136521,6517
143039,136522,6517
143041,136524,6517
143043,136526,6517
143045,136528,6517
143046,136529,6517
143048,136531,6517
143049,136532,6517
143051,136534,6517
143052,136535,6517
143054,136537,6517
143055,136538,6517
143056,136539,6517
143057,136540,6517
143058,136541,6517
143059,136542,6517
143060,136543,6517
143061,136544,6517
143062,136545,6517
143063,136546,6517
143064,136547,6517
143065,136548,6517
143066,136549,6517
143067,136550,6517
143068,136551,6517
143070,136553,6517
143071,136554,6517
143072,136555,6517
143073,136556,6517
143075,136558,6517
143076,136559,6517
143077,136560,6517
143079,136562,6517
143081,136564,6517
143082,136565,6517
143084,136567,6517
143086,136569,6517
143088,136571,6517
143089,136572,6517
143090,136573,6517
143091,136574,6517
143092,136575,6517
143093,136576,6517
143095,136578,6517
143096,136579,6517
143098,136581,6517
143100,136583,6517
143102,136585,6517
143103,136586,6517
143105,136588,6517
143106,136589,6517
143108,136591,6517
143109,136592,6517
143110,136593,6517
143111,136594,6517
143113,136596,6517
143115,136598,6517
143116,136599,6517
143117,136600,6517
143118,136601,6517
143120,136603,6517
143122,136605,6517
143123,136606,6517
143125,136608,6517
143126,136609,6517
143127,136610,6517
143128,136611,6517
143130,136613,6517
143131,136614,6517
143132,136615,6517
143133,136616,6517
143134,136617,6517
143136,136619,6517
143137,136620,6517
143138,136621,6517
143139,136622,6517
143141,136624,6517
143142,136625,6517
143143,136626,6517
143144,136627,6517
143145,136628,6517
143147,136630,6517
143149,136632,6517
143150,136633,6517
143152,136635,6517
143153,136636,6517
143154,136637,6517
143155,136638,6517
143156,136639,6517
143158,136641,6517
143160,136643,6517
143161,136644,6517
143162,136645,6517
143163,136646,6517
143164,136647,6517
143166,136649,6517
143168,136651,6517
143169,136652,6517
143170,136653,6517
143171,136654,6517
143173,136656,6517
143175,136658,6517
143176,136659,6517
143177,136660,6517
143178,136661,6517
143180,136663,6517
143181,136664,6517
143183,136666,6517
143185,136668,6517
143187,136670,6517
143188,136671,6517
143189,136672,6517
143190,136673,6517
143192,136675,6517
143193,136676,6517
143194,136677,6517
143195,136678,6517
143196,136679,6517
143197,136680,6517
143199,136682,6517
143200,136683,6517
143202,136685,6517
143204,136687,6517
143205,136688,6517
143206,136689,6517
143207,136690,6517
143209,136692,6517
143211,136694,6517
143212,136695,6517
143213,136696,6517
143214,136697,6517
143215,136698,6517
143216,136699,6517
143217,136700,6517
143218,136701,6517
143219,136702,6517
143220,136703,6517
143221,136704,6517
143223,136706,6517
143224,136707,6517
143226,136709,6517
143227,136710,6517
143228,136711,6517
143229,136712,6517
143230,136713,6517
143232,136715,6517
143233,136716,6517
143234,136717,6517
143235,136718,6517
143237,136720,6517
143239,136722,6517
143240,136723,6517
143241,136724,6517
143242,136725,6517
143243,136726,6517
143245,136728,6517
143246,136729,6517
143248,136731,6517
143249,136732,6517
143250,136733,6517
143251,136734,6517
143252,136735,6517
143254,136737,6517
143256,136739,6517
143258,136741,6517
143259,136742,6517
143260,136743,6517
143261,136744,6517
143263,136746,6517
143265,136748,6517
143267,136750,6517
143268,136751,6517
143269,136752,6517
143271,136754,6517
143273,136756,6517
143274,136757,6517
143275,136758,6517
143276,136759,6517
143278,136761,6517
143279,136762,6517
143280,136763,6517
143282,136765,6517
143283,136766,6517
143284,136767,6517
143285,136768,6517
143286,136769,6517
143288,136771,6517
143289,136772,6517
143290,136773,6517
143291,136774,6517
143292,136775,6517
143293,136776,6517
143295,136778,6517
143296,136779,6517
143298,136781,6517
143300,136783,6517
143301,136784,6517
143302,136785,6517
143303,136786,6517
143305,136788,6517
143307,136790,6517
143308,136791,6517
143309,136792,6517
143310,136793,6517
143311,136794,6517
143312,136795,6517
143313,136796,6517
143314,136797,6517
143315,136798,6517
143317,136800,6517
143318,136801,6517
143320,136803,6517
143321,136804,6517
143323,136806,6517
143324,136807,6517
143325,136808,6517
143326,136809,6517
143327,136810,6517
143329,136812,6517
143330,136813,6517
143331,136814,6517
143332,136815,6517
143334,136817,6517
143336,136819,6517
143337,136820,6517
143338,136821,6517
143339,136822,6517
143340,136823,6517
143342,136825,6517
143343,136826,6517
143345,136828,6517
143346,136829,6517
143347,136830,6517
143349,136832,6517
143350,136833,6517
143352,136835,6517
143354,136837,6517
143356,136839,6517
143357,136840,6517
143359,136842,6517
143360,136843,6517
143362,136845,6517
143364,136847,6517
143366,136849,6517
143367,136850,6517
143368,136851,6517
143370,136853,6517
143372,136855,6517
143373,136856,6517
143374,136857,6517
143375,136858,6517
143377,136860,6517
143378,136861,6517
143379,136862,6517
143381,136864,6517
143382,136865,6517
143383,136866,6517
143384,136867,6517
143385,136868,6517
143387,136870,6517
143388,136871,6517
143389,136872,6517
143390,136873,6517
143391,136874,6517
143392,136875,6517
143394,136877,6517
143395,136878,6517
143397,136880,6517
143398,136881,6517
143400,136883,6517
143401,136884,6517
143402,136885,6517
143403,136886,6517
143404,136887,6517
143405,136887,6518
143407,136889,6518
143408,136890,6518
143409,136891,6518
143411,136893,6518
143413,136895,6518
143414,136896,6518
143415,136897,6518
143416,136898,6518
143417,136899,6518
143419,136901,6518
143421,136903,6518
143422,136904,6518
143424,136906,6518
143425,136907,6518
143426,136908,6518
143428,136910,6518
143429,136911,6518
143431,136913,6518
143432,136914,6518
143434,136916,6518
143436,136918,6518
143438,136920,6518
143439,136921,6518
143440,136922,6518
143442,136924,6518
143443,136924,6519
143444,136925,6519
143445,136926,6519
143446,136927,6519
143447,136928,6519
143448,136929,6519
143449,136930,6519
143450,136931,6519
143452,136933,6519
143453,136934,6519
143454,136935,6519
143455,136936,6519
143456,136937,6519
143457,136938,6519
143458,136939,6519
143460,136941,6519
143462,136943,6519
143463,136944,6519
143464,136945,6519
143465,136946,6519
143467,136948,6519
143469,136950,6519
143471,136952,6519
143473,136954,6519
143474,136955,6519
143476,136957,6519
143477,136958,6519
143479,136960,6519
143480,136961,6519
143481,136962,6519
143482,136963,6519
143484,136965,6519
143486,136967,6519
143487,136968,6519
143488,136969,6519
143489,136970,6519
143490,136971,6519
143492,136973,6519
143494,136975,6519
143495,136976,6519
143497,136978,6519
143498,136979,6519
143499,136980,6519
143501,136982,6519
143503,136984,6519
143504,136985,6519
143505,136986,6519
143506,136987,6519
143507,136988,6519
143508,136989,6519
143509,136990,6519
143510,136991,6519
143511,136992,6519
143512,136993,6519
143513,136994,6519
143514,136995,6519
143515,136996,6519
143516,136997,6519
143518,136999,6519
143520,137001,6519
143521,137002,6519
143522,137003,6519
143523,137003,6520
143524,137004,6520
143525,137005,6520
143526,137006,6520
143528,137008,6520
143530,137010,6520
143531,137011,6520
143532,137012,6520
143534,137014,6520
143535,137015,6520
143536,137016,6520
143537,137017,6520
143538,137018,6520
143539,137019,6520
143541,137021,6520
143542,137022,6520
143543,137023,6520
143544,137024,6520
143545,137025,6520
143547,137027,6520
143548,137028,6520
143550,137030,6520
143551,137031,6520
143552,137032,6520
143553,137033,6520
143554,137034,6520
143556,137036,6520
143557,137037,6520
143558,137038,6520
143560,137039,6521
143561,137040,6521
143562,137041,6521
143564,137043,6521
143565,137044,6521
143566,137045,6521
143567,137046,6521
143569,137048,6521
143570,137049,6521
143571,137050,6521
143572,137051,6521
143573,137052,6521
143574,137053,6521
143575,137054,6521
143576,137055,6521
143577,137056,6521
143579,137058,6521
143580,137059,6521
143581,137060,6521
143582,137061,6521
143583,137062,6521
143584,137063,6521
143585,137064,6521
143587,137066,6521
143588,137067,6521
143589,137068,6521
143590,137069,6521
143592,137071,6521
143593,137072,6521
143595,137074,6521
143597,137076,6521
143598,137077,6521
143599,137078,6521
143600,137079,6521
143601,137080,6521
143603,137082,6521
143604,137083,6521
143605,137084,6521
143606,137085,6521
143608,137087,6521
143609,137088,6521
143610,137089,6521
143611,137090,6521
143612,137091,6521
143613,137092,6521
143614,137093,6521
143615,137094,6521
143616,137095,6521
143617,137096,6521
143618,137097,6521
143619,137098,6521
143621,137100,6521
143622,137101,6521
143624,137103,6521
143625,137104,6521
143626,137105,6521
143627,137106,6521
143628,137107,6521
143629,137108,6521
143630,137109,6521
143631,137110,6521
143632,137111,6521
143633,137112,6521
143634,137113,6521
143635,137114,6521
143637,137116,6521
143638,137117,6521
143640,137119,6521
143641,137120,6521
143642,137121,6521
143643,137122,6521
143644,137123,6521
143646,137125,6521
143647,137126,6521
143648,137127,6521
143650,137129,6521
143652,137131,6521
143654,137133,6521
143655,137134,6521
143656,137135,6521
143657,137136,6521
143659,137138,6521
143661,137140,6521
143662,137141,6521
143663,137142,6521
143664,137143,6521
143665,137144,6521
143667,137146,6521
143668,137147,6521
143669,137148,6521
143670,137149,6521
143671,137150,6521
143672,137151,6521
143674,137153,6521
143676,137155,6521
143677,137156,6521
143678,137157,6521
143679,137158,6521
143680,137159,6521
143681,137160,6521
143683,137162,6521
143685,137164,6521
143686,137165,6521
143687,137166,6521
143688,137167,6521
143689,137168,6521
143690,137169,6521
143691,137170,6521
143692,137171,6521
143693,137172,6521
143694,137173,6521
143695,137174,6521
143697,137176,6521
143698,137177,6521
143699,137178,6521
143700,137179,6521
143702,137181,6521
143703,137182,6521
143704,137183,6521
143706,137185,6521
143707,137186,6521
143708,137187,6521
143709,137188,6521
143710,137189,6521
143711,137190,6521
143712,137191,6521
143714,137193,6521
143715,137194,6521
143716,137195,6521
143717,137196,6521
143718,137197,6521
143720,137199,6521
143721,137200,6521
143722,137201,6521
143723,137202,6521
143724,137203,6521
143725,137204,6521
143727,137206,6521
143728,137207,6521
143729,137208,6521
143730,137209,6521
143732,137211,6521
143734,137213,6521
143735,137214,6521
143736,137215,6521
143737,137216,6521
143739,137218,6521
143740,137219,6521
143742,137221,6521
143743,137222,6521
143744,137223,6521
143745,137224,6521
143746,137225,6521
143747,137226,6521
143748,137227,6521
143749,137228,6521
143751,137230,6521
143752,137231,6521
143754,137233,6521
143755,137234,6521
143757,137236,6521
143759,137238,6521
143761,137240,6521
143762,137241,6521
143764,137243,6521
143765,137244,6521
143767,137246,6521
143769,137248,6521
143770,137249,6521
143771,137250,6521
143773,137252,6521
143774,137253,6521
143776,137255,6521
143777,137256,6521
143778,137257,6521
143779,137258,6521
143781,137260,6521
143782,137261,6521
143783,137262,6521
143785,137264,6521
143786,137265,6521
143788,137267,6521
143789,137268,6521
143790,137269,6521
143791,137270,6521
143792,137271,6521
143793,137272,6521
143795,137274,6521
143796,137275,6521
143797,137276,6521
143798,137277,6521
143799,137278,6521
143800,137279,6521
143802,137281,6521
143803,137282,6521
143804,137283,6521
143806,137285,6521
143807,137286,6521
143808,137287,6521
143809,137288,6521
143810,137289,6521
143811,137290,6521
143812,137291,6521
143813,137292,6521
143815,137292,6523
143817,137294,6523
143818,137295,6523
143819,137296,6523
143820,137297,6523
143822,137299,6523
143823,137300,6523
143824,137300,6524
143825,137301,6524
143826,137302,6524
143828,137304,6524
143829,137305,6524
143830,137306,6524
143831,137307,6524
143832,137308,6524
143834,137310,6524
143835,137311,6524
143837,137313,6524
143838,137314,6524
143840,137316,6524
143841,137317,6524
143842,137318,6524
143844,137320,6524
143845,137321,6524
143846,137322,6524
143848,137324,6524
143849,137325,6524
143850,137326,6524
143851,137327,6524
143852,137328,6524
143854,137330,6524
143855,137331,6524
143856,137332,6524
143858,137334,6524
143859,137335,6524
143860,137336,6524
143861,137337,6524
143862,137338,6524
143864,137340,6524
143865,137341,6524
143867,137343,6524
143868,137344,6524
143869,137345,6524
143870,137346,6524
143871,137347,6524
143873,137349,6524
143874,137350,6524
143875,137351,6524
143877,137353,6524
143878,137354,6524
143879,137355,6524
143880,137356,6524
143881,137357,6524
143882,137358,6524
143884,137360,6524
143885,137361,6524
143886,137362,6524
143887,137363,6524
143888,137364,6524
143890,137366,6524
143891,137367,6524
143892,137368,6524
143893,137369,6524
143894,137370,6524
143896,137372,6524
143897,137373,6524
143898,137374,6524
143899,137375,6524
143900,137376,6524
143902,137378,6524
143903,137379,6524
143904,137380,6524
143905,137381,6524
143907,137383,6524
143909,137385,6524
143910,137386,6524
143911,137387,6524
143912,137388,6524
143913,137389,6524
143914,137390,6524
143915,137391,6524
143916,137392,6524
143917,137393,6524
143919,137395,6524
143920,137396,6524
143921,137397,6524
143922,137398,6524
143923,137399,6524
143924,137400,6524
143926,137402,6524
143927,137403,6524
143928,137404,6524
143930,137406,6524
143931,137407,6524
143932,137408,6524
143933,137409,6524
143934,137410,6524
143935,137411,6524
143937,137412,6525
143938,137413,6525
143940,137415,6525
143942,137417,6525
143943,137418,6525
143944,137419,6525
143945,137420,6525
143947,137422,6525
143948,137423,6525
143950,137424,6526
143951,137425,6526
143952,137426,6526
143954,137428,6526
143955,137429,6526
143956,137430,6526
143957,137431,6526
143958,137432,6526
143960,137434,6526
143961,137435,6526
143962,137436,6526
143963,137437,6526
143965,137439,6526
143966,137440,6526
143967,137441,6526
143968,137441,6527
143969,137442,6527
143970,137443,6527
143972,137445,6527
143973,137446,6527
143974,137447,6527
143975,137448,6527
143976,137449,6527
143978,137451,6527
143979,137452,6527
143980,137453,6527
143982,137455,6527
143983,137456,6527
143984,137456,6528
143985,137457,6528
143986,137458,6528
143988,137460,6528
143989,137461,6528
143991,137463,6528
143992,137464,6528
143994,137466,6528
143995,137467,6528
143996,137468,6528
143998,137470,6528
143999,137471,6528
144000,137472,6528
144001,137473,6528
144003,137475,6528
144004,137476,6528
144005,137477,6528
144006,137478,6528
144008,137480,6528
144009,137481,6528
144010,137482,6528
144011,137483,6528
144013,137485,6528
144014,137486,6528
144015,137487,6528
144016,137488,6528
144018,137490,6528
144020,137492,6528
144021,137493,6528
144023,137495,6528
144024,137496,6528
144025,137497,6528
144026,137498,6528
144027,137499,6528
144029,137501,6528
144030,137502,6528
144031,137503,6528
144032,137504,6528
144033,137505,6528
144034,137506,6528
144035,137507,6528
144037,137509,6528
144038,137510,6528
144039,137511,6528
144040,137512,6528
144041,137513,6528
144043,137515,6528
144045,137517,6528
144046,137518,6528
144048,137520,6528
144049,137521,6528
144051,137523,6528
144053,137525,6528
144054,137526,6528
144055,137527,6528
144056,137528,6528
144057,137529,6528
144059,137531,6528
144060,137532,6528
144062,137534,6528
144063,137535,6528
144064,137536,6528
144066,137538,6528
144067,137539,6528
144069,137541,6528
144070,137542,6528
144072,137544,6528
144073,137545,6528
144075,137547,6528
144076,137548,6528
144078,137550,6528
144079,137551,6528
144080,137552,6528
144081,137553,6528
144082,137554,6528
144084,137556,6528
144085,137556,6529
144086,137557,6529
144088,137559,6529
144089,137560,6529
144091,137562,6529
144093,137564,6529
144095,137566,6529
144096,137567,6529
144098,137569,6529
144099,137570,6529
144101,137572,6529
144102,137573,6529
144103,137574,6529
144105,137576,6529
144106,137577,6529
144107,137578,6529
144108,137579,6529
144109,137580,6529
144111,137582,6529
144112,137583,6529
144113,137584,6529
144114,137585,6529
144115,137586,6529
144116,137587,6529
144117,137588,6529
144118,137589,6529
144119,137590,6529
144121,137592,6529
144122,137593,6529
144123,137594,6529
144124,137595,6529
144125,137596,6529
144126,137597,6529
144127,137598,6529
144128,137599,6529
144129,137600,6529
144131,137602,6529
144132,137603,6529
144133,137604,6529
144134,137605,6529
144135,137606,6529
144136,137607,6529
144137,137608,6529
144138,137609,6529
144139,137610,6529
144141,137612,6529
144142,137613,6529
144144,137614,6530
144145,137615,6530
144146,137616,6530
144147,137617,6530
144148,137618,6530
144149,137619,6530
144150,137620,6530
144152,137622,6530
144153,137623,6530
144154,137624,6530
144155,137625,6530
144156,137626,6530
144157,137627,6530
144158,137628,6530
144159,137629,6530
144160,137630,6530
144162,137632,6530
144163,137633,6530
144164,137634,6530
144165,137635,6530
144166,137636,6530
144167,137637,6530
144168,137638,6530
144169,137639,6530
144170,137640,6530
144172,137642,6530
144173,137643,6530
144174,137644,6530
144175,137645,6530
144176,137646,6530
144177,137647,6530
144178,137648,6530
144179,137649,6530
144180,137650,6530
144182,137652,6530
144183,137653,6530
144184,137654,6530
144185,137655,6530
144186,137656,6530
144187,137657,6530
144188,137658,6530
144189,137659,6530
144190,137660,6530
144192,137662,6530
144193,137663,6530
144194,137664,6530
144195,137665,6530
144196,137666,6530
144197,137667,6530
144198,137668,6530
144199,137669,6530
144200,137670,6530
144202,137672,6530
144203,137673,6530
144204,137674,6530
144205,137675,6530
144206,137676,6530
144207,137677,6530
144208,137678,6530
144209,137679,6530
144210,137680,6530
144212,137682,6530
144213,137683,6530
144214,137684,6530
144215,137685,6530
144216,137686,6530
144217,137687,6530
144218,137688,6530
144219,137689,6530
144220,137690,6530
144222,137692,6530
144223,137693,6530
144224,137694,6530
144225,137695,6530
144226,137696,6530
144227,137697,6530
144228,137698,6530
144229,137699,6530
144230,137700,6530
144232,137702,6530
144233,137703,6530
144234,137704,6530
144235,137705,6530
144236,137706,6530
144237,137707,6530
144238,137708,6530
144239,137709,6530
144240,137710,6530
144242,137712,6530
144243,137713,6530
144244,137714,6530
144245,137715,6530
144246,137716,6530
144247,137717,6530
144249,137719,6530
144251,137721,6530
144252,137722,6530
144253,137723,6530
144255,137725,6530
144257,137727,6530
144258,137728,6530
144259,137729,6530
144261,137731,6530
144262,137732,6530
144263,137733,6530
144264,137734,6530
144266,137736,6530
144267,137737,6530
144268,137738,6530
144269,137739,6530
144271,137741,6530
144273,137743,6530
144274,137744,6530
144275,137745,6530
144277,137747,6530
144279,137749,6530
144280,137750,6530
144281,137751,6530
144283,137753,6530
144285,137755,6530
144286,137756,6530
144288,137758,6530
144290,137760,6530
144291,137761,6530
144293,137763,6530
144295,137765,6530
144297,137767,6530
144298,137768,6530
144299,137769,6530
144301,137771,6530
144303,137773,6530
144304,137774,6530
144306,137776,6530
144308,137778,6530
144309,137779,6530
144310,137780,6530
144312,137782,6530
144313,137783,6530
144315,137785,6530
144316,137786,6530
144317,137787,6530
144319,137789,6530
144321,137791,6530
144322,137792,6530
144324,137794,6530
144325,137795,6530
144327,137797,6530
144328,137798,6530
144330,137800,6530
144332,137802,6530
144334,137804,6530
144335,137805,6530
144337,137807,6530
144338,137808,6530
144340,137810,6530
144341,137811,6530
144343,137813,6530
144344,137814,6530
144345,137815,6530
144346,137816,6530
144347,137817,6530
144348,137818,6530
144349,137819,6530
144350,137820,6530
144351,137821,6530
144352,137822,6530
144353,137823,6530
144354,137824,6530
144355,137825,6530
144356,137826,6530
144357,137827,6530
144359,137829,6530
144360,137830,6530
144361,137831,6530
144362,137832,6530
144364,137834,6530
144365,137835,6530
144366,137836,6530
144368,137838,6530
144370,137840,6530
144371,137841,6530
144373,137843,6530
144375,137845,6530
144377,137847,6530
144378,137848,6530
144379,137849,6530
144380,137850,6530
144381,137851,6530
144382,137852,6530
144384,137854,6530
144385,137855,6530
144387,137857,6530
144389,137859,6530
144391,137861,6530
144392,137862,6530
144394,137864,6530
144395,137865,6530
144397,137867,6530
144398,137868,6530
144399,137869,6530
144400,137870,6530
144402,137872,6530
144404,137874,6530
144405,137875,6530
144406,137876,6530
144407,137877,6530
144409,137879,6530
144411,137881,6530
144412,137882,6530
144414,137884,6530
144415,137885,6530
144416,137886,6530
144417,137887,6530
144419,137889,6530
144420,137890,6530
144421,137891,6530
144422,137892,6530
144423,137893,6530
144425,137895,6530
144426,137896,6530
144427,137897,6530
144428,137898,6530
144430,137900,6530
144431,137901,6530
144432,137902,6530
144433,137903,6530
144434,137904,6530
144436,137906,6530
144438,137908,6530
144439,137909,6530
144441,137911,6530
144442,137912,6530
144443,137913,6530
144444,137914,6530
144445,137915,6530
144447,137917,6530
144449,137919,6530
144450,137920,6530
144451,137921,6530
144452,137922,6530
144453,137923,6530
144455,137925,6530
144457,137927,6530
144458,137928,6530
144459,137929,6530
144460,137930,6530
144462,137932,6530
144464,137934,6530
144465,137935,6530
144466,137936,6530
144467,137937,6530
144469,137939,6530
144470,137940,6530
144472,137942,6530
144474,137944,6530
144476,137946,6530
144477,137947,6530
144478,137948,6530
144479,137949,6530
144481,137951,6530
144482,137952,6530
144483,137953,6530
144484,137954,6530
144485,137955,6530
144486,137956,6530
144488,137958,6530
144489,137959,6530
144491,137961,6530
144493,137963,6530
144494,137964,6530
144495,137965,6530
144496,137966,6530
144498,137968,6530
144500,137970,6530
144501,137971,6530
144502,137972,6530
144503,137973,6530
144504,137974,6530
144505,137975,6530
144506,137976,6530
144507,137977,6530
144508,137978,6530
144509,137979,6530
144510,137980,6530
144512,137982,6530
144513,137983,6530
144515,137985,6530
144516,137986,6530
144517,137987,6530
144518,137988,6530
144519,137989,6530
144521,137991,6530
144522,137992,6530
144523,137993,6530
144524,137994,6530
144526,137996,6530
144528,137998,6530
144529,137999,6530
144530,138000,6530
144531,138001,6530
144532,138002,6530
144534,138004,6530
144535,138005,6530
144537,138007,6530
144538,138008,6530
144539,138009,6530
144540,138010,6530
144541,138011,6530
144543,138013,6530
144545,138015,6530
144547,138017,6530
144548,138018,6530
144549,138019,6530
144550,138020,6530
144552,138022,6530
144554,138024,6530
144556,138026,6530
144557,138027,6530
144558,138028,6530
144560,138030,6530
144562,138032,6530
144563,138033,6530
144564,138034,6530
144565,138035,6530
144567,138037,6530
144568,138038,6530
144569,138039,6530
144571,138041,6530
144572,138042,6530
144573,138043,6530
144574,138044,6530
144575,138045,6530
144577,138047,6530
144578,138048,6530
144579,138049,6530
144580,138050,6530
144581,138051,6530
144582,138052,6530
144584,138054,6530
144585,138055,6530
144587,138057,6530
144589,138059,6530
144590,138060,6530
144591,138061,6530
144592,138062,6530
144594,138064,6530
144596,138066,6530
144597,138067,6530
144598,138068,6530
144599,138069,6530
144600,138070,6530
144601,138071,6530
144602,138072,6530
144603,138073,6530
144604,138074,6530
144606,138076,6530
144607,138077,6530
144609,138079,6530
144610,138080,6530
144612,138082,6530
144613,138083,6530
144614,138084,6530
144615,138085,6530
144616,138086,6530
144618,138088,6530
144619,138089,6530
144620,138090,6530
144621,138091,6530
144623,138093,6530
144625,138095,6530
144626,138096,6530
144627,138097,6530
144628,138098,6530
144629,138099,6530
144631,138101,6530
144632,138102,6530
144634,138104,6530
144635,138105,6530
144636,138106,6530
144638,138108,6530
144639,138109,6530
144641,138111,6530
144643,138113,6530
144645,138115,6530
144646,138116,6530
144648,138118,6530
144649,138119,6530
144651,138121,6530
144653,138123,6530
144655,138125,6530
144656,138126,6530
144657,138127,6530
144659,138129,6530
144661,138131,6530
144662,138132,6530
144663,138133,6530
144664,138134,6530
144666,138136,6530
144667,138137,6530
144669,138137,6532
144671,138139,6532
144672,138140,6532
144673,138141,6532
144674,138142,6532
144675,138143,6532
144677,138145,6532
144678,138146,6532
144679,138147,6532
144680,138148,6532
144681,138149,6532
144682,138150,6532
144684,138152,6532
144685,138153,6532
144687,138155,6532
144688,138156,6532
144690,138158,6532
144691,138159,6532
144692,138160,6532
144693,138161,6532
144694,138162,6532
144695,138162,6533
144697,138164,6533
144698,138165,6533
144699,138166,6533
144701,138168,6533
144703,138170,6533
144704,138171,6533
144705,138172,6533
144706,138173,6533
144707,138174,6533
144709,138176,6533
144711,138178,6533
144712,138179,6533
144714,138181,6533
144715,138182,6533
144716,138183,6533
144718,138185,6533
144719,138186,6533
144721,138188,6533
144722,138189,6533
144724,138191,6533
144726,138193,6533
144728,138195,6533
144729,138196,6533
144730,138197,6533
144732,138199,6533
144733,138199,6534
144734,138200,6534
144735,138201,6534
144736,138202,6534
144737,138203,6534
144738,138204,6534
144739,138205,6534
144740,138206,6534
144742,138208,6534
144743,138209,6534
144744,138210,6534
144745,138211,6534
144746,138212,6534
144747,138213,6534
144748,138214,6534
144750,138216,6534
144752,138218,6534
144753,138219,6534
144754,138220,6534
144755,138221,6534
144757,138223,6534
144759,138225,6534
144761,138227,6534
144763,138229,6534
144764,138230,6534
144766,138232,6534
144767,138233,6534
144769,138235,6534
144770,138236,6534
144771,138237,6534
144772,138238,6534
144774,138240,6534
144776,138242,6534
144777,138243,6534
144778,138244,6534
144779,138245,6534
144780,138246,6534
144782,138248,6534
144784,138250,6534
144785,138251,6534
144787,138253,6534
144788,138254,6534
144789,138255,6534
144791,138257,6534
144793,138259,6534
144794,138260,6534
144795,138261,6534
144796,138262,6534
144797,138263,6534
144798,138264,6534
144799,138265,6534
144800,138266,6534
144801,138267,6534
144802,138268,6534
144803,138269,6534
144804,138270,6534
144805,138271,6534
144806,138272,6534
144808,138274,6534
144810,138276,6534
144811,138277,6534
144812,138278,6534
144814,138279,6535
144815,138280,6535
144816,138281,6535
144817,138282,6535
144818,138283,6535
144820,138285,6535
144821,138286,6535
144822,138287,6535
144824,138289,6535
144825,138290,6535
144826,138291,6535
144827,138292,6535
144828,138293,6535
144829,138294,6535
144831,138296,6535
144832,138297,6535
144833,138298,6535
144834,138299,6535
144835,138300,6535
144837,138302,6535
144838,138303,6535
144840,138305,6535
144841,138306,6535
144842,138307,6535
144843,138308,6535
144844,138309,6535
144846,138311,6535
144847,138312,6535
144848,138313,6535
144849,138314,6535
144850,138315,6535
144851,138316,6535
144853,138318,6535
144854,138319,6535
144855,138320,6535
144856,138321,6535
144858,138323,6535
144859,138324,6535
144860,138325,6535
144861,138326,6535
144862,138327,6535
144863,138328,6535
144864,138329,6535
144865,138330,6535
144866,138331,6535
144868,138333,6535
144869,138334,6535
144870,138335,6535
144871,138336,6535
144872,138337,6535
144873,138338,6535
144874,138339,6535
144876,138341,6535
144877,138342,6535
144878,138343,6535
144879,138344,6535
144881,138346,6535
144882,138347,6535
144884,138349,6535
144886,138351,6535
144887,138352,6535
144888,138353,6535
144889,138354,6535
144890,138355,6535
144892,138357,6535
144893,138358,6535
144894,138359,6535
144895,138360,6535
144897,138362,6535
144898,138363,6535
144899,138364,6535
144900,138365,6535
144901,138366,6535
144902,138367,6535
144903,138368,6535
144904,138369,6535
144905,138370,6535
144906,138371,6535
144907,138372,6535
144908,138373,6535
144910,138375,6535
144911,138376,6535
144913,138378,6535
144914,138379,6535
144915,138380,6535
144916,138381,6535
144917,138382,6535
144918,138383,6535
144919,138384,6535
144920,138385,6535
144921,138386,6535
144922,138387,6535
144923,138388,6535
144924,138389,6535
144926,138391,6535
144927,138392,6535
144929,138394,6535
144930,138395,6535
144931,138396,6535
144932,138397,6535
144933,138398,6535
144935,138400,6535
144936,138401,6535
144937,138402,6535
144939,138404,6535
144941,138406,6535
144943,138408,6535
144944,138409,6535
144945,138410,6535
144946,138411,6535
144948,138413,6535
144950,138415,6535
144951,138416,6535
144952,138417,6535
144953,138418,6535
144954,138419,6535
144956,138421,6535
144957,138422,6535
144958,138423,6535
144959,138424,6535
144960,138425,6535
144961,138426,6535
144963,138428,6535
144965,138430,6535
144966,138431,6535
144967,138432,6535
144968,138433,6535
144969,138434,6535
144970,138435,6535
144972,138437,6535
144974,138439,6535
144975,138440,6535
144976,138441,6535
144977,138442,6535
144978,138443,6535
144979,138444,6535
144980,138445,6535
144981,138446,6535
144982,138447,6535
144983,138448,6535
144984,138449,6535
144986,138451,6535
144987,138452,6535
144988,138453,6535
144989,138454,6535
144991,138456,6535
144992,138457,6535
144993,138458,6535
144995,138460,6535
144996,138461,6535
144997,138462,6535
144998,138463,6535
144999,138464,6535
145000,138465,6535
145001,138466,6535
145003,138468,6535
145004,138469,6535
145005,138470,6535
145006,138471,6535
145007,138472,6535
145009,138474,6535
145010,138475,6535
145011,138476,6535
145012,138477,6535
145013,138478,6535
145014,138479,6535
145016,138481,6535
145017,138482,6535
145018,138483,6535
145019,138484,6535
145021,138486,6535
145023,138488,6535
145024,138489,6535
145025,138490,6535
145026,138491,6535
145028,138493,6535
145029,138494,6535
145031,138496,6535
145032,138497,6535
145033,138498,6535
145034,138499,6535
145035,138500,6535
145036,138501,6535
145037,138502,6535
145038,138503,6535
145040,138505,6535
145041,138506,6535
145043,138508,6535
145044,138509,6535
145046,138511,6535
145048,138513,6535
145050,138515,6535
145051,138516,6535
145053,138518,6535
145054,138519,6535
145056,138521,6535
145058,138523,6535
145059,138524,6535
145060,138525,6535
145062,138527,6535
145063,138528,6535
145065,138530,6535
145066,138531,6535
145067,138532,6535
145068,138533,6535
145070,138535,6535
145071,138536,6535
145072,138537,6535
145074,138539,6535
145075,138540,6535
145077,138542,6535
145078,138543,6535
145079,138544,6535
145080,138545,6535
145081,138546,6535
145082,138547,6535
145084,138549,6535
145086,138551,6535
145087,138552,6535
145088,138553,6535
145089,138554,6535
145090,138555,6535
145092,138557,6535
145093,138558,6535
145094,138559,6535
145096,138561,6535
145097,138562,6535
145098,138563,6535
145099,138564,6535
145100,138565,6535
145101,138566,6535
145102,138567,6535
145103,138568,6535
145105,138568,6537
145107,138570,6537
145108,138571,6537
145109,138572,6537
145110,138573,6537
145112,138575,6537
145113,138576,6537
145114,138576,6538
145115,138577,6538
145116,138578,6538
145118,138580,6538
145119,138581,6538
145120,138582,6538
145121,138583,6538
145122,138584,6538
145124,138586,6538
145125,138587,6538
145127,138589,6538
145128,138590,6538
145130,138592,6538
145131,138593,6538
145132,138594,6538
145133,138595,6538
145134,138596,6538
145135,138597,6538
145137,138599,6538
145138,138600,6538
145139,138601,6538
145140,138602,6538
145141,138603,6538
145143,138605,6538
145144,138606,6538
145145,138607,6538
145147,138609,6538
145148,138610,6538
145149,138611,6538
145150,138612,6538
145151,138613,6538
145153,138615,6538
145154,138616,6538
145156,138618,6538
145157,138619,6538
145158,138620,6538
145159,138621,6538
145160,138622,6538
145162,138624,6538
145163,138625,6538
145164,138626,6538
145166,138628,6538
145167,138629,6538
145168,138630,6538
145169,138631,6538
145170,138632,6538
145171,138633,6538
145173,138635,6538
145174,138636,6538
145175,138637,6538
145176,138638,6538
145177,138639,6538
145179,138641,6538
145180,138642,6538
145181,138643,6538
145182,138644,6538
145183,138645,6538
145185,138647,6538
145186,138648,6538
145187,138649,6538
145188,138650,6538
145189,138651,6538
145191,138653,6538
145192,138654,6538
145193,138655,6538
145194,138656,6538
145196,138658,6538
145198,138660,6538
145199,138661,6538
145200,138662,6538
145201,138663,6538
145202,138664,6538
145203,138665,6538
145204,138666,6538
145205,138667,6538
145206,138668,6538
145208,138670,6538
145210,138672,6538
145211,138673,6538
145212,138674,6538
145213,138675,6538
145214,138676,6538
145216,138678,6538
145217,138679,6538
145218,138680,6538
145220,138682,6538
145221,138683,6538
145222,138684,6538
145223,138685,6538
145224,138686,6538
145225,138687,6538
145227,138688,6539
145228,138689,6539
145229,138690,6539
145231,138692,6539
145232,138693,6539
145233,138694,6539
145234,138695,6539
145236,138697,6539
145237,138698,6539
145238,138699,6539
145239,138700,6539
145240,138701,6539
145242,138702,6540
145243,138702,6541
145244,138703,6541
145245,138704,6541
145246,138705,6541
145248,138706,6542
145250,138708,6542
145251,138709,6542
145252,138709,6543
145253,138710,6543
145255,138710,6545
145257,138711,6546
145258,138712,6546
145259,138713,6546
145260,138714,6546
145261,138715,6546
145262,138716,6546
145264,138717,6547
145266,138718,6548
145267,138719,6548
145268,138720,6548
145269,138721,6548
145270,138722,6548
145272,138723,6549
145273,138724,6549
145274,138725,6549
145275,138726,6549
145276,138727,6549
145277,138727,6550
145279,138728,6551
145280,138729,6551
145281,138730,6551
145283,138731,6552
145284,138731,6553
145285,138732,6553
145286,138733,6553
145288,138734,6554
145289,138735,6554
145291,138736,6555
145292,138736,6556
145293,138737,6556
145294,138738,6556
145295,138739,6556
145297,138739,6558
145299,138741,6558
145300,138742,6558
145301,138743,6558
145302,138744,6558
145303,138744,6559
145304,138745,6559
145305,138746,6559
145307,138748,6559
145308,138749,6559
145309,138750,6559
145311,138752,6559
145313,138754,6559
145314,138755,6559
145316,138757,6559
145317,138758,6559
145318,138759,6559
145319,138760,6559
145320,138761,6559
145321,138762,6559
145323,138764,6559
145324,138765,6559
145325,138766,6559
145326,138767,6559
145328,138767,6561
145329,138768,6561
145330,138769,6561
145332,138771,6561
145333,138772,6561
145334,138773,6561
145335,138774,6561
145337,138776,6561
145338,138777,6561
145340,138779,6561
145341,138780,6561
145342,138781,6561
145343,138782,6561
145344,138783,6561
145345,138783,6562
145347,138785,6562
145348,138786,6562
145349,138787,6562
145350,138788,6562
145351,138788,6563
145352,138789,6563
145353,138790,6563
145355,138792,6563
145356,138793,6563
145357,138794,6563
145359,138796,6563
145361,138798,6563
145362,138799,6563
145364,138801,6563
145365,138802,6563
145366,138803,6563
145367,138804,6563
145368,138805,6563
145370,138805,6565
145372,138807,6565
145373,138808,6565
145374,138809,6565
145375,138810,6565
145377,138810,6567
145378,138811,6567
145379,138812,6567
145381,138814,6567
145382,138815,6567
145383,138816,6567
145384,138817,6567
145386,138819,6567
145387,138820,6567
145389,138822,6567
145390,138823,6567
145391,138824,6567
145392,138825,6567
145393,138826,6567
145395,138827,6568
145397,138829,6568
145398,138830,6568
145399,138831,6568
145400,138832,6568
145401,138832,6569
145402,138833,6569
145403,138834,6569
145405,138836,6569
145406,138837,6569
145407,138838,6569
145408,138839,6569
145409,138840,6569
145410,138841,6569
145412,138842,6570
145413,138843,6570
145414,138844,6570
145415,138845,6570
145417,138845,6572
145418,138846,6572
145419,138847,6572
145421,138849,6572
145422,138850,6572
145423,138851,6572
145424,138852,6572
145426,138854,6572
145427,138855,6572
145428,138856,6572
145429,138857,6572
145430,138857,6573
145431,138858,6573
145432,138859,6573
145434,138861,6573
145435,138862,6573
145436,138863,6573
145437,138864,6573
145439,138866,6573
145440,138867,6573
145441,138868,6573
145442,138869,6573
145444,138869,6575
145445,138870,6575
145446,138871,6575
145448,138873,6575
145449,138874,6575
145450,138875,6575
145451,138876,6575
145453,138878,6575
145454,138879,6575
145455,138880,6575
145456,138881,6575
145457,138881,6576
145458,138882,6576
145459,138883,6576
145461,138885,6576
145462,138886,6576
145463,138887,6576
145464,138888,6576
145466,138890,6576
145467,138891,6576
145468,138892,6576
145469,138893,6576
145471,138893,6578
145472,138894,6578
145473,138895,6578
145475,138897,6578
145476,138898,6578
145477,138899,6578
145478,138900,6578
145480,138902,6578
145481,138903,6578
145482,138904,6578
145483,138905,6578
145484,138905,6579
145485,138906,6579
145486,138907,6579
145488,138909,6579
145489,138910,6579
145490,138911,6579
145491,138912,6579
145493,138914,6579
145494,138915,6579
145495,138916,6579
145496,138917,6579
145498,138917,6581
145499,138918,6581
145500,138919,6581
145502,138921,6581
145503,138922,6581
145504,138923,6581
145505,138924,6581
145507,138926,6581
145508,138927,6581
145509,138928,6581
145510,138928,6582
145511,138929,6582
145512,138930,6582
145513,138931,6582
145515,138932,6583
145516,138933,6583
145517,138934,6583
145518,138935,6583
145519,138935,6584
145520,138936,6584
145521,138937,6584
145523,138938,6585
145525,138940,6585
145526,138941,6585
145528,138943,6585
145529,138944,6585
145530,138945,6585
145531,138946,6585
145533,138947,6586
145535,138949,6586
145536,138949,6587
145537,138950,6587
145538,138951,6587
145540,138952,6588
145541,138952,6589
145542,138953,6589
145543,138953,6590
145545,138955,6590
145546,138956,6590
145547,138957,6590
145549,138958,6591
145550,138959,6591
145551,138960,6591
145552,138961,6591
145553,138962,6591
145555,138964,6591
145556,138965,6591
145557,138966,6591
145558,138967,6591
145559,138968,6591
145560,138969,6591
145561,138970,6591
145563,138972,6591
145565,138974,6591
145566,138974,6592
145567,138975,6592
145569,138976,6593
145570,138977,6593
145571,138978,6593
145573,138979,6594
145574,138980,6594
145575,138981,6594
145576,138982,6594
145578,138984,6594
145580,138985,6595
145581,138986,6595
145582,138987,6595
145583,138988,6595
145584,138989,6595
145586,138990,6596
145587,138991,6596
145588,138992,6596
145589,138993,6596
145590,138993,6597
145592,138994,6598
145593,138995,6598
145594,138996,6598
145595,138997,6598
145596,138998,6598
145597,138999,6598
145599,139001,6598
145600,139002,6598
145601,139003,6598
145602,139004,6598
145604,139005,6599
145606,139007,6599
145607,139008,6599
145608,139009,6599
145609,139010,6599
145610,139011,6599
145611,139012,6599
145613,139014,6599
145614,139015,6599
145615,139016,6599
145616,139017,6599
145617,139018,6599
145619,139020,6599
145620,139021,6599
145621,139022,6599
145622,139023,6599
145623,139024,6599
145624,139025,6599
145626,139027,6599
145627,139028,6599
145628,139029,6599
145629,139030,6599
145630,139031,6599
145632,139033,6599
145633,139034,6599
145634,139035,6599
145635,139036,6599
145636,139037,6599
145638,139038,6600
145639,139039,6600
145641,139040,6601
145643,139042,6601
145644,139043,6601
145646,139045,6601
145647,139045,6602
145648,139046,6602
145649,139047,6602
145651,139047,6604
145653,139048,6605
145654,139049,6605
145655,139049,6606
145656,139050,6606
145658,139052,6606
145659,139053,6606
145661,139054,6607
145662,139055,6607
145663,139056,6607
145664,139057,6607
145666,139059,6607
145667,139060,6607
145668,139061,6607
145669,139062,6607
145670,139063,6607
145671,139064,6607
145672,139065,6607
145673,139066,6607
145675,139068,6607
145677,139070,6607
145678,139071,6607
145680,139073,6607
145681,139074,6607
145682,139075,6607
145683,139076,6607
145685,139078,6607
145687,139080,6607
145688,139080,6608
145689,139081,6608
145690,139082,6608
145692,139083,6609
145693,139083,6610
145694,139084,6610
145696,139085,6611
145697,139086,6611
145699,139088,6611
145700,139089,6611
145701,139090,6611
145702,139091,6611
145703,139092,6611
145704,139093,6611
145705,139094,6611
145706,139095,6611
145708,139097,6611
145709,139098,6611
145710,139099,6611
145711,139100,6611
145712,139101,6611
145713,139102,6611
145714,139103,6611
145716,139105,6611
145718,139107,6611
145719,139107,6612
145720,139108,6612
145721,139109,6612
145723,139110,6613
145724,139111,6613
145725,139112,6613
145726,139112,6614
145728,139114,6614
145729,139115,6614
145730,139116,6614
145731,139117,6614
145732,139118,6614
145733,139119,6614
145734,139120,6614
145735,139121,6614
145737,139123,6614
145739,139125,6614
145740,139126,6614
145742,139128,6614
145743,139129,6614
145744,139130,6614
145745,139131,6614
145747,139133,6614
145749,139135,6614
145750,139135,6615
145751,139136,6615
145752,139137,6615
145754,139138,6616
145755,139139,6616
145756,139140,6616
145758,139141,6617
145759,139142,6617
145761,139144,6617
145762,139145,6617
145763,139146,6617
145765,139148,6617
145766,139149,6617
145767,139150,6617
145768,139151,6617
145769,139152,6617
145771,139154,6617
145772,139155,6617
145773,139156,6617
145774,139157,6617
145775,139158,6617
145776,139159,6617
145777,139160,6617
145779,139162,6617
145781,139164,6617
145782,139164,6618
145783,139165,6618
145784,139166,6618
145786,139167,6619
145787,139168,6619
145788,139169,6619
145790,139170,6620
145791,139171,6620
145793,139173,6620
145794,139174,6620
145795,139175,6620
145797,139177,6620
145798,139178,6620
145799,139179,6620
145800,139180,6620
145801,139181,6620
145803,139183,6620
145805,139185,6620
145806,139186,6620
145808,139188,6620
145809,139189,6620
145810,139190,6620
145811,139191,6620
145813,139193,6620
145815,139195,6620
145816,139195,6621
145817,139196,6621
145819,139197,6622
145820,139198,6622
145821,139199,6622
145823,139200,6623
145824,139201,6623
145825,139202,6623
145826,139203,6623
145828,139205,6623
145830,139206,6624
145831,139207,6624
145832,139208,6624
145833,139209,6624
145834,139210,6624
145836,139211,6625
145837,139212,6625
145838,139213,6625
145839,139214,6625
145840,139215,6625
145842,139216,6626
145843,139217,6626
145844,139218,6626
145845,139219,6626
145846,139220,6626
145847,139221,6626
145849,139223,6626
145850,139224,6626
145851,139225,6626
145852,139226,6626
145854,139228,6626
145856,139230,6626
145857,139231,6626
145858,139232,6626
145859,139233,6626
145860,139234,6626
145861,139235,6626
145863,139237,6626
145864,139238,6626
145865,139239,6626
145866,139240,6626
145867,139241,6626
145869,139243,6626
145870,139244,6626
145871,139245,6626
145872,139246,6626
145873,139247,6626
145874,139248,6626
145876,139250,6626
145877,139251,6626
145878,139252,6626
145879,139253,6626
145880,139254,6626
145882,139256,6626
145883,139257,6626
145884,139258,6626
145885,139259,6626
145886,139260,6626
145888,139261,6627
145889,139262,6627
145891,139263,6628
145893,139265,6628
145894,139266,6628
145896,139268,6628
145897,139269,6628
145898,139270,6628
145899,139271,6628
145901,139272,6629
145903,139274,6629
145904,139275,6629
145905,139276,6629
145906,139277,6629
145908,139279,6629
145909,139280,6629
145911,139281,6630
145912,139282,6630
145913,139283,6630
145914,139284,6630
145916,139286,6630
145917,139287,6630
145918,139288,6630
145919,139289,6630
145920,139290,6630
145921,139291,6630
145922,139292,6630
145923,139293,6630
145925,139295,6630
145926,139296,6630
145927,139297,6630
145928,139298,6630
145929,139299,6630
145930,139300,6630
145931,139301,6630
145933,139303,6630
145935,139305,6630
145937,139305,6632
145938,139306,6632
145939,139307,6632
145940,139308,6632
145941,139309,6632
145943,139310,6633
145944,139311,6633
145945,139312,6633
145946,139313,6633
145948,139314,6634
145949,139315,6634
145950,139316,6634
145952,139317,6635
145953,139318,6635
145954,139319,6635
145955,139320,6635
145956,139321,6635
145958,139322,6636
145959,139323,6636
145961,139324,6637
145962,139325,6637
145964,139327,6637
145965,139328,6637
145966,139329,6637
145968,139330,6638
145969,139331,6638
145971,139333,6638
145972,139334,6638
145973,139335,6638
145974,139336,6638
145975,139337,6638
145977,139339,6638
145979,139341,6638
145980,139342,6638
145982,139343,6639
145983,139344,6639
145984,139345,6639
145985,139346,6639
145986,139347,6639
145988,139348,6640
145989,139349,6640
145990,139350,6640
145992,139352,6640
145994,139353,6641
145995,139354,6641
145996,139354,6642
145997,139355,6642
145999,139356,6643
146000,139356,6644
146002,139357,6645
146004,139358,6646
146005,139359,6646
146006,139360,6646
146008,139360,6648
146010,139361,6649
146011,139362,6649
146012,139363,6649
146013,139364,6649
146014,139365,6649
146015,139366,6649
146016,139367,6649
146018,139368,6650
146019,139369,6650
146020,139370,6650
146022,139371,6651
146023,139372,6651
146024,139373,6651
146026,139375,6651
146027,139375,6652
146028,139376,6652
146029,139377,6652
146030,139378,6652
146032,139379,6653
146034,139381,6653
146035,139382,6653
146037,139383,6654
146038,139384,6654
146039,139385,6654
146040,139386,6654
146041,139387,6654
146043,139389,6654
146044,139390,6654
146046,139392,6654
146047,139393,6654
146049,139395,6654
146051,139396,6655
146053,139398,6655
146054,139399,6655
146056,139401,6655
146057,139402,6655
146059,139404,6655
146060,139405,6655
146062,139407,6655
146064,139407,6657
146066,139407,6659
146067,139408,6659
146068,139409,6659
146069,139409,6660
146070,139410,6660
146071,139410,6661
146073,139411,6662
146075,139413,6662
146076,139413,6663
146078,139415,6663
146079,139416,6663
146080,139417,6663
146082,139419,6663
146083,139420,6663
146084,139420,6664
146085,139421,6664
146087,139423,6664
146089,139424,6665
146091,139426,6665
146092,139427,6665
146094,139427,6667
146095,139427,6668
146096,139428,6668
146097,139429,6668
146098,139430,6668
146099,139431,6668
146101,139432,6669
146103,139432,6671
146104,139433,6671
146105,139433,6672
146106,139434,6672
146108,139435,6673
146109,139436,6673
146110,139437,6673
146112,139439,6673
146113,139440,6673
146115,139442,6673
146116,139443,6673
146118,139445,6673
146119,139446,6673
146121,139448,6673
146122,139449,6673
146124,139450,6674
146125,139451,6674
146126,139452,6674
146127,139452,6675
146128,139452,6676
146129,139453,6676
146130,139454,6676
146132,139454,6678
146134,139455,6679
146136,139457,6679
146137,139458,6679
146138,139459,6679
146139,139460,6679
146140,139461,6679
146142,139462,6680
146143,139463,6680
146144,139464,6680
146145,139465,6680
146147,139466,6681
146148,139467,6681
146149,139468,6681
146150,139468,6682
146151,139469,6682
146152,139470,6682
146154,139472,6682
146155,139473,6682
146156,139474,6682
146157,139475,6682
146159,139477,6682
146160,139477,6683
146162,139479,6683
146163,139480,6683
146164,139481,6683
146165,139482,6683
146167,139484,6683
146168,139485,6683
146170,139487,6683
146171,139488,6683
146173,139490,6683
146174,139491,6683
146176,139493,6683
146178,139494,6684
146179,139495,6684
146181,139497,6684
146182,139498,6684
146184,139499,6685
146185,139500,6685
146186,139501,6685
146187,139502,6685
146188,139503,6685
146189,139504,6685
146191,139505,6686
146192,139506,6686
146194,139506,6688
146195,139507,6688
146196,139508,6688
146198,139509,6689
146199,139510,6689
146200,139511,6689
146201,139512,6689
146202,139513,6689
146204,139514,6690
146205,139515,6690
146206,139516,6690
146207,139517,6690
146209,139518,6691
146210,139518,6692
146211,139518,6693
146212,139519,6693
146213,139520,6693
146214,139521,6693
146216,139522,6694
146217,139523,6694
146218,139524,6694
146219,139525,6694
146220,139525,6695
146222,139526,6696
146224,139528,6696
146225,139529,6696
146227,139530,6697
146229,139531,6698
146230,139532,6698
146231,139533,6698
146233,139534,6699
146235,139536,6699
146236,139537,6699
146237,139538,6699
146238,139539,6699
146239,139540,6699
146240,139541,6699
146242,139542,6700
146243,139543,6700
146244,139544,6700
146246,139545,6701
146247,139546,6701
146248,139546,6702
146249,139547,6702
146251,139547,6704
146253,139548,6705
146254,139549,6705
146255,139550,6705
146256,139551,6705
146258,139552,6706
146260,139553,6707
146261,139554,6707
146262,139555,6707
146264,139556,6708
146265,139557,6708
146266,139558,6708
146267,139559,6708
146268,139560,6708
146270,139561,6709
146271,139562,6709
146273,139563,6710
146274,139564,6710
146275,139565,6710
146276,139566,6710
146278,139566,6712
146279,139567,6712
146281,139568,6713
146282,139568,6714
146283,139569,6714
146285,139570,6715
146286,139571,6715
146287,139572,6715
146288,139573,6715
146289,139574,6715
146290,139575,6715
146291,139576,6715
146293,139578,6715
146294,139579,6715
146296,139581,6715
146297,139582,6715
146299,139584,6715
146300,139585,6715
146302,139587,6715
146303,139588,6715
146305,139590,6715
146306,139591,6715
146308,139593,6715
146309,139594,6715
146310,139595,6715
146312,139596,6716
146313,139597,6716
146315,139598,6717
146316,139599,6717
146317,139599,6718
146318,139600,6718
146319,139601,6718
146321,139602,6719
146322,139602,6720
146323,139603,6720
146324,139603,6721
146325,139604,6721
146326,139605,6721
146328,139606,6722
146329,139607,6722
146330,139608,6722
146331,139609,6722
146332,139610,6722
146333,139610,6723
146334,139611,6723
146336,139613,6723
146338,139614,6724
146339,139615,6724
146340,139615,6725
146341,139616,6725
146343,139617,6726
146345,139618,6727
146346,139619,6727
146347,139620,6727
146348,139621,6727
146349,139621,6728
146351,139622,6729
146352,139622,6730
146353,139623,6730
146354,139624,6730
146355,139625,6730
146357,139626,6731
146358,139627,6731
146359,139628,6731
146361,139630,6731
146363,139631,6732
146365,139633,6732
146366,139634,6732
146367,139635,6732
146368,139636,6732
146370,139637,6733
146371,139638,6733
146372,139639,6733
146374,139640,6734
146375,139641,6734
146376,139642,6734
146377,139643,6734
146378,139644,6734
146380,139646,6734
146382,139647,6735
146383,139648,6735
146385,139650,6735
146386,139651,6735
146388,139652,6736
146390,139654,6736
146391,139655,6736
146393,139657,6736
146395,139659,6736
146396,139660,6736
146397,139661,6736
146399,139663,6736
146401,139665,6736
146402,139666,6736
146403,139667,6736
146404,139668,6736
146405,139669,6736
146406,139670,6736
146407,139671,6736
146409,139673,6736
146410,139674,6736
146411,139675,6736
146412,139676,6736
146413,139677,6736
146414,139678,6736
146415,139679,6736
146416,139680,6736
146418,139681,6737
146419,139682,6737
146420,139683,6737
146422,139685,6737
146423,139686,6737
146425,139687,6738
146426,139688,6738
146427,139689,6738
146428,139690,6738
146429,139691,6738
146431,139692,6739
146432,139693,6739
146433,139694,6739
146434,139695,6739
146435,139696,6739
146437,139698,6739
146438,139699,6739
146439,139699,6740
146440,139700,6740
146441,139701,6740
146443,139702,6741
146444,139703,6741
146445,139704,6741
146447,139706,6741
146448,139707,6741
146449,139708,6741
146451,139710,6741
146453,139711,6742
146454,139712,6742
146455,139713,6742
146456,139714,6742
146457,139714,6743
146458,139715,6743
146459,139716,6743
146460,139717,6743
146461,139718,6743
146462,139719,6743
146463,139720,6743
146464,139721,6743
146465,139722,6743
146467,139724,6743
146468,139725,6743
146469,139726,6743
146471,139728,6743
146472,139728,6744
146473,139729,6744
146474,139730,6744
146475,139731,6744
146477,139732,6745
146478,139733,6745
146479,139734,6745
146480,139734,6746
146481,139735,6746
146482,139736,6746
146484,139738,6746
146485,139739,6746
146486,139740,6746
146488,139742,6746
146489,139743,6746
146490,139744,6746
146492,139746,6746
146494,139747,6747
146495,139748,6747
146496,139749,6747
146497,139750,6747
146498,139750,6748
146499,139751,6748
146501,139753,6748
146503,139753,6750
146504,139754,6750
146505,139755,6750
146506,139755,6751
146507,139756,6751
146508,139757,6751
146510,139758,6752
146511,139759,6752
146512,139760,6752
146514,139761,6753
146515,139762,6753
146516,139763,6753
146517,139764,6753
146519,139765,6754
146520,139766,6754
146522,139767,6755
146523,139768,6755
146524,139769,6755
146526,139770,6756
146527,139771,6756
146528,139772,6756
146529,139773,6756
146531,139774,6757
146532,139775,6757
146533,139776,6757
146534,139777,6757
146535,139778,6757
146536,139779,6757
146538,139780,6758
146539,139781,6758
146540,139782,6758
146541,139783,6758
146543,139784,6759
146544,139785,6759
146545,139786,6759
146546,139787,6759
146548,139788,6760
146549,139789,6760
146550,139789,6761
146551,139790,6761
146552,139791,6761
146554,139792,6762
146555,139793,6762
146557,139793,6764
146559,139794,6765
146560,139795,6765
146561,139796,6765
146563,139797,6766
146564,139798,6766
146565,139799,6766
146566,139800,6766
146568,139801,6767
146569,139802,6767
146570,139803,6767
146571,139804,6767
146573,139805,6768
146574,139806,6768
146575,139807,6768
146576,139808,6768
146578,139809,6769
146579,139810,6769
146580,139811,6769
146581,139812,6769
146582,139813,6769
146583,139814,6769
146585,139815,6770
146586,139816,6770
146587,139817,6770
146588,139818,6770
146590,139819,6771
146592,139821,6771
146593,139822,6771
146594,139823,6771
146595,139824,6771
146597,139825,6772
146599,139827,6772
146600,139828,6772
146601,139829,6772
146603,139831,6772
146604,139832,6772
146606,139834,6772
146608,139835,6773
146609,139836,6773
146610,139837,6773
146612,139839,6773
146613,139840,6773
146615,139842,6773
146616,139843,6773
146617,139844,6773
146619,139846,6773
146620,139847,6773
146622,139849,6773
146623,139850,6773
146625,139852,6773
146626,139853,6773
146628,139855,6773
146629,139856,6773
146631,139858,6773
146632,139859,6773
146633,139860,6773
146634,139861,6773
146635,139862,6773
146637,139864,6773
146638,139864,6774
146639,139865,6774
146641,139867,6774
146642,139868,6774
146644,139870,6774
146646,139872,6774
146648,139874,6774
146649,139875,6774
146651,139877,6774
146652,139878,6774
146654,139880,6774
146655,139881,6774
146656,139882,6774
146658,139884,6774
146659,139885,6774
146660,139886,6774
146661,139887,6774
146662,139888,6774
146664,139890,6774
146665,139891,6774
146666,139892,6774
146667,139893,6774
146668,139894,6774
146669,139895,6774
146670,139896,6774
146671,139897,6774
146672,139898,6774
146674,139900,6774
146675,139901,6774
146676,139902,6774
146677,139903,6774
146678,139904,6774
146679,139905,6774
146680,139906,6774
146681,139907,6774
146682,139908,6774
146684,139910,6774
146685,139911,6774
146686,139912,6774
146687,139913,6774
146688,139914,6774
146689,139915,6774
146690,139916,6774
146691,139917,6774
146692,139918,6774
146694,139920,6774
146695,139921,6774
146696,139922,6774
146697,139923,6774
146698,139924,6774
146699,139925,6774
146700,139926,6774
146701,139927,6774
146702,139928,6774
146704,139930,6774
146705,139931,6774
146707,139932,6775
146708,139933,6775
146709,139934,6775
146710,139935,6775
146711,139936,6775
146712,139937,6775
146713,139938,6775
146715,139940,6775
146716,139941,6775
146717,139942,6775
146718,139943,6775
146719,139944,6775
146720,139945,6775
146721,139946,6775
146722,139947,6775
146723,139948,6775
146725,139950,6775
146726,139951,6775
146727,139952,6775
146728,139953,6775
146729,139954,6775
146730,139955,6775
146731,139956,6775
146732,139957,6775
146733,139958,6775
146735,139960,6775
146736,139961,6775
146737,139962,6775
146738,139963,6775
146739,139964,6775
146740,139965,6775
146741,139966,6775
146742,139967,6775
146743,139968,6775
146745,139970,6775
146746,139971,6775
146747,139972,6775
146748,139973,6775
146749,139974,6775
146750,139975,6775
146751,139976,6775
146752,139977,6775
146753,139978,6775
146755,139980,6775
146756,139981,6775
146757,139982,6775
146758,139983,6775
146759,139984,6775
146760,139985,6775
146761,139986,6775
146762,139987,6775
146763,139988,6775
146765,139990,6775
146766,139991,6775
146767,139992,6775
146768,139993,6775
146769,139994,6775
146770,139995,6775
146771,139996,6775
146772,139997,6775
146773,139998,6775
146775,140000,6775
146776,140001,6775
146777,140002,6775
146778,140003,6775
146779,140004,6775
146780,140005,6775
146781,140006,6775
146782,140007,6775
146783,140008,6775
146785,140010,6775
146786,140011,6775
146787,140012,6775
146788,140013,6775
146789,140014,6775
146790,140015,6775
146791,140016,6775
146792,140017,6775
146793,140018,6775
146795,140020,6775
146796,140021,6775
146797,140022,6775
146798,140023,6775
146799,140024,6775
146800,140025,6775
146802,140027,6775
146804,140029,6775
146805,140030,6775
146806,140031,6775
146808,140033,6775
146810,140035,6775
146811,140036,6775
146812,140037,6775
146814,140039,6775
146815,140040,6775
146816,140041,6775
146817,140042,6775
146819,140044,6775
146821,140046,6775
146823,140048,6775
146824,140049,6775
146825,140050,6775
146827,140050,6777
146829,140052,6777
146830,140053,6777
146831,140054,6777
146833,140056,6777
146835,140058,6777
146836,140059,6777
146838,140061,6777
146840,140063,6777
146841,140064,6777
146843,140066,6777
146845,140068,6777
146847,140070,6777
146848,140071,6777
146849,140072,6777
146851,140074,6777
146853,140076,6777
146854,140077,6777
146856,140079,6777
146858,140081,6777
146859,140082,6777
146860,140083,6777
146862,140085,6777
146863,140086,6777
146865,140088,6777
146866,140089,6777
146867,140090,6777
146869,140092,6777
146871,140094,6777
146872,140095,6777
146874,140097,6777
146875,140098,6777
146877,140100,6777
146878,140101,6777
146880,140103,6777
146882,140105,6777
146884,140107,6777
146885,140108,6777
146887,140110,6777
146888,140111,6777
146890,140113,6777
146891,140114,6777
146893,140116,6777
146894,140117,6777
146895,140118,6777
146896,140119,6777
146897,140120,6777
146898,140121,6777
146899,140122,6777
146900,140123,6777
146901,140124,6777
146902,140125,6777
146903,140126,6777
146904,140127,6777
146905,140128,6777
146906,140129,6777
146907,140130,6777
146909,140132,6777
146910,140133,6777
146911,140134,6777
146912,140135,6777
146914,140137,6777
146915,140138,6777
146916,140139,6777
146918,140141,6777
146920,140143,6777
146921,140144,6777
146923,140146,6777
146925,140148,6777
146927,140150,6777
146928,140151,6777
146929,140152,6777
146930,140153,6777
146931,140154,6777
146932,140155,6777
146934,140157,6777
146935,140158,6777
146937,140160,6777
146939,140162,6777
146941,140164,6777
146942,140165,6777
146944,140167,6777
146945,140168,6777
146947,140170,6777
146948,140171,6777
146949,140172,6777
146950,140173,6777
146952,140175,6777
146954,140177,6777
146955,140178,6777
146956,140179,6777
146957,140180,6777
146959,140182,6777
146961,140184,6777
146962,140185,6777
146964,140187,6777
146965,140188,6777
146966,140189,6777
146967,140190,6777
146969,140192,6777
146970,140193,6777
146971,140194,6777
146972,140195,6777
146973,140196,6777
146975,140198,6777
146976,140199,6777
146977,140200,6777
146978,140201,6777
146980,140203,6777
146981,140204,6777
146982,140205,6777
146983,140206,6777
146984,140207,6777
146986,140209,6777
146988,140211,6777
146989,140212,6777
146991,140214,6777
146992,140215,6777
146993,140216,6777
146994,140217,6777
146995,140218,6777
146997,140220,6777
146999,140222,6777
147000,140223,6777
147001,140224,6777
147002,140225,6777
147003,140226,6777
147005,140228,6777
147007,140230,6777
147008,140231,6777
147009,140232,6777
147010,140233,6777
147012,140235,6777
147014,140237,6777
147015,140238,6777
147016,140239,6777
147017,140240,6777
147019,140242,6777
147020,140243,6777
147022,140245,6777
147024,140247,6777
147026,140249,6777
147027,140250,6777
147028,140251,6777
147029,140252,6777
147031,140254,6777
147032,140255,6777
147033,140256,6777
147034,140257,6777
147035,140258,6777
147036,140259,6777
147038,140261,6777
147039,140262,6777
147041,140264,6777
147043,140266,6777
147044,140267,6777
147045,140268,6777
147046,140269,6777
147047,140270,6777
147048,140271,6777
147049,140272,6777
147050,140273,6777
147052,140275,6777
147053,140276,6777
147055,140278,6777
147056,140279,6777
147057,140280,6777
147058,140281,6777
147059,140282,6777
147061,140284,6777
147062,140285,6777
147063,140286,6777
147064,140287,6777
147066,140289,6777
147068,140291,6777
147069,140292,6777
147070,140293,6777
147071,140294,6777
147072,140295,6777
147074,140297,6777
147075,140298,6777
147077,140300,6777
147078,140301,6777
147079,140302,6777
147080,140303,6777
147081,140304,6777
147083,140306,6777
147085,140308,6777
147087,140310,6777
147088,140311,6777
147089,140312,6777
147090,140313,6777
147092,140315,6777
147094,140317,6777
147096,140319,6777
147097,140320,6777
147098,140321,6777
147100,140323,6777
147102,140325,6777
147103,140326,6777
147104,140327,6777
147105,140328,6777
147107,140330,6777
147108,140331,6777
147109,140332,6777
147111,140334,6777
147112,140335,6777
147113,140336,6777
147114,140337,6777
147115,140338,6777
147117,140340,6777
147118,140341,6777
147119,140342,6777
147120,140343,6777
147121,140344,6777
147122,140345,6777
147124,140347,6777
147125,140348,6777
147127,140350,6777
147129,140352,6777
147130,140353,6777
147131,140354,6777
147132,140355,6777
147133,140356,6777
147134,140357,6777
147136,140359,6777
147137,140360,6777
147139,140362,6777
147140,140363,6777
147142,140365,6777
147143,140366,6777
147144,140367,6777
147145,140368,6777
147146,140369,6777
147148,140371,6777
147149,140372,6777
147150,140373,6777
147151,140374,6777
147153,140376,6777
147155,140378,6777
147156,140379,6777
147157,140380,6777
147158,140381,6777
147159,140382,6777
147161,140384,6777
147162,140385,6777
147164,140387,6777
147165,140388,6777
147166,140389,6777
147168,140391,6777
147169,140392,6777
147171,140394,6777
147173,140396,6777
147175,140398,6777
147176,140399,6777
147178,140401,6777
147179,140402,6777
147181,140404,6777
147183,140406,6777
147185,140408,6777
147186,140409,6777
147187,140410,6777
147189,140412,6777
147191,140414,6777
147192,140415,6777
147193,140416,6777
147194,140417,6777
147196,140419,6777
147197,140420,6777
147198,140421,6777
147200,140423,6777
147201,140424,6777
147202,140425,6777
147203,140426,6777
147204,140427,6777
147206,140429,6777
147207,140430,6777
147208,140431,6777
147209,140432,6777
147210,140433,6777
147211,140434,6777
147213,140436,6777
147214,140437,6777
147216,140439,6777
147217,140440,6777
147219,140442,6777
147220,140443,6777
147221,140444,6777
147222,140445,6777
147223,140446,6777
147224,140446,6778
147226,140448,6778
147227,140449,6778
147228,140450,6778
147230,140452,6778
147232,140454,6778
147233,140455,6778
147234,140456,6778
147235,140457,6778
147236,140458,6778
147238,140460,6778
147240,140462,6778
147241,140463,6778
147243,140465,6778
147244,140466,6778
147245,140467,6778
147247,140469,6778
147248,140470,6778
147250,140472,6778
147251,140473,6778
147253,140475,6778
147255,140477,6778
147257,140479,6778
147258,140480,6778
147259,140481,6778
147261,140483,6778
147262,140483,6779
147263,140484,6779
147264,140485,6779
147265,140486,6779
147266,140487,6779
147267,140488,6779
147268,140489,6779
147269,140490,6779
147271,140492,6779
147272,140493,6779
147273,140494,6779
147274,140495,6779
147275,140496,6779
147276,140497,6779
147277,140498,6779
147279,140500,6779
147281,140502,6779
147282,140503,6779
147283,140504,6779
147284,140505,6779
147286,140507,6779
147288,140509,6779
147290,140511,6779
147292,140513,6779
147293,140514,6779
147295,140516,6779
147296,140517,6779
147298,140519,6779
147299,140520,6779
147300,140521,6779
147301,140522,6779
147303,140524,6779
147305,140526,6779
147306,140527,6779
147307,140528,6779
147308,140529,6779
147309,140530,6779
147311,140532,6779
147313,140534,6779
147314,140535,6779
147316,140537,6779
147317,140538,6779
147318,140539,6779
147320,140541,6779
147322,140543,6779
147323,140544,6779
147324,140545,6779
147325,140546,6779
147326,140547,6779
147327,140548,6779
147328,140549,6779
147329,140550,6779
147330,140551,6779
147331,140552,6779
147332,140553,6779
147333,140554,6779
147334,140555,6779
147335,140555,6780
147337,140557,6780
147339,140559,6780
147340,140560,6780
147341,140561,6780
147342,140561,6781
147343,140562,6781
147344,140563,6781
147345,140564,6781
147347,140566,6781
147349,140568,6781
147350,140569,6781
147351,140570,6781
147353,140572,6781
147354,140573,6781
147355,140574,6781
147356,140575,6781
147357,140576,6781
147358,140577,6781
147360,140579,6781
147361,140580,6781
147362,140581,6781
147363,140582,6781
147364,140583,6781
147366,140585,6781
147367,140586,6781
147368,140587,6781
147369,140588,6781
147371,140590,6781
147372,140591,6781
147374,140593,6781
147375,140594,6781
147376,140595,6781
147377,140596,6781
147378,140597,6781
147379,140598,6781
147380,140599,6781
147382,140601,6781
147383,140602,6781
147384,140603,6781
147385,140604,6781
147387,140604,6783
147388,140605,6783
147390,140607,6783
147392,140609,6783
147393,140610,6783
147394,140611,6783
147395,140612,6783
147396,140613,6783
147398,140615,6783
147399,140616,6783
147400,140617,6783
147401,140618,6783
147403,140620,6783
147404,140621,6783
147405,140622,6783
147406,140623,6783
147407,140624,6783
147408,140625,6783
147409,140626,6783
147410,140627,6783
147411,140628,6783
147412,140629,6783
147413,140630,6783
147414,140631,6783
147415,140632,6783
147417,140634,6783
147418,140635,6783
147419,140636,6783
147420,140636,6784
147421,140637,6784
147422,140638,6784
147423,140639,6784
147424,140640,6784
147425,140641,6784
147427,140642,6785
147428,140643,6785
147429,140644,6785
147430,140644,6786
147431,140645,6786
147433,140646,6787
147434,140647,6787
147435,140648,6787
147436,140649,6787
147438,140651,6787
147439,140652,6787
147440,140653,6787
147441,140654,6787
147442,140655,6787
147443,140656,6787
147444,140657,6787
147445,140658,6787
147446,140659,6787
147447,140660,6787
147448,140661,6787
147449,140662,6787
147451,140664,6787
147452,140665,6787
147454,140667,6787
147455,140668,6787
147456,140669,6787
147457,140670,6787
147458,140671,6787
147460,140673,6787
147461,140674,6787
147462,140675,6787
147464,140677,6787
147466,140679,6787
147468,140681,6787
147469,140682,6787
147470,140683,6787
147471,140684,6787
147473,140686,6787
147475,140688,6787
147476,140689,6787
147477,140690,6787
147478,140691,6787
147479,140692,6787
147481,140694,6787
147482,140695,6787
147483,140696,6787
147484,140697,6787
147485,140698,6787
147486,140699,6787
147488,140701,6787
147490,140703,6787
147491,140704,6787
147492,140705,6787
147493,140706,6787
147494,140707,6787
147495,140708,6787
147497,140710,6787
147499,140712,6787
147500,140713,6787
147501,140714,6787
147502,140715,6787
147503,140716,6787
147504,140717,6787
147505,140718,6787
147506,140719,6787
147507,140720,6787
147508,140721,6787
147509,140722,6787
147511,140724,6787
147512,140725,6787
147513,140726,6787
147514,140727,6787
147516,140729,6787
147517,140730,6787
147518,140731,6787
147520,140733,6787
147521,140734,6787
147522,140735,6787
147523,140736,6787
147524,140737,6787
147525,140738,6787
147526,140739,6787
147528,140741,6787
147529,140742,6787
147530,140743,6787
147531,140744,6787
147532,140745,6787
147534,140747,6787
147535,140748,6787
147536,140749,6787
147537,140750,6787
147538,140751,6787
147539,140752,6787
147541,140754,6787
147542,140755,6787
147543,140756,6787
147544,140757,6787
147546,140759,6787
147548,140761,6787
147549,140762,6787
147550,140763,6787
147551,140764,6787
147553,140766,6787
147554,140767,6787
147556,140769,6787
147557,140770,6787
147558,140771,6787
147559,140772,6787
147560,140773,6787
147561,140774,6787
147562,140775,6787
147563,140776,6787
147565,140778,6787
147566,140779,6787
147568,140781,6787
147569,140782,6787
147571,140784,6787
147573,140786,6787
147575,140788,6787
147576,140789,6787
147578,140791,6787
147579,140792,6787
147581,140794,6787
147583,140795,6788
147584,140796,6788
147585,140797,6788
147587,140798,6789
147588,140799,6789
147590,140800,6790
147591,140801,6790
147592,140802,6790
147593,140803,6790
147594,140804,6790
147596,140806,6790
147597,140807,6790
147599,140809,6790
147600,140810,6790
147602,140811,6791
147603,140812,6791
147604,140813,6791
147605,140814,6791
147606,140815,6791
147607,140816,6791
147608,140817,6791
147609,140818,6791
147611,140819,6792
147612,140820,6792
147613,140821,6792
147615,140822,6793
147616,140823,6793
147617,140824,6793
147619,140825,6794
147620,140825,6795
147621,140826,6795
147622,140827,6795
147623,140827,6796
147624,140828,6796
147625,140829,6796
147627,140829,6798
147629,140830,6799
147630,140831,6799
147631,140832,6799
147632,140833,6799
147634,140834,6800
147635,140835,6800
147636,140835,6801
147637,140836,6801
147638,140837,6801
147640,140839,6801
147641,140840,6801
147642,140841,6801
147643,140842,6801
147645,140844,6801
147646,140845,6801
147647,140846,6801
147648,140847,6801
147650,140849,6801
147651,140850,6801
147653,140852,6801
147654,140853,6801
147655,140854,6801
147656,140855,6801
147658,140857,6801
147659,140858,6801
147660,140859,6801
147661,140860,6801
147663,140862,6801
147664,140863,6801
147665,140863,6802
147666,140864,6802
147667,140865,6802
147669,140867,6802
147670,140868,6802
147672,140870,6802
147674,140872,6802
147675,140873,6802
147676,140874,6802
147678,140876,6802
147679,140877,6802
147680,140878,6802
147681,140879,6802
147683,140881,6802
147684,140882,6802
147685,140883,6802
147686,140884,6802
147688,140886,6802
147689,140887,6802
147690,140888,6802
147691,140889,6802
147693,140891,6802
147694,140892,6802
147695,140893,6802
147696,140894,6802
147697,140895,6802
147698,140896,6802
147700,140898,6802
147701,140899,6802
147702,140900,6802
147703,140901,6802
147705,140903,6802
147707,140905,6802
147708,140906,6802
147709,140907,6802
147710,140908,6802
147712,140910,6802
147714,140912,6802
147715,140913,6802
147716,140914,6802
147718,140916,6802
147719,140917,6802
147721,140919,6802
147723,140921,6802
147724,140922,6802
147725,140923,6802
147727,140925,6802
147728,140926,6802
147730,140928,6802
147731,140929,6802
147732,140930,6802
147734,140932,6802
147735,140933,6802
147737,140935,6802
147738,140936,6802
147740,140938,6802
147741,140939,6802
147743,140941,6802
147744,140942,6802
147746,140944,6802
147747,140945,6802
147748,140946,6802
147749,140947,6802
147750,140948,6802
147752,140950,6802
147753,140950,6803
147754,140951,6803
147756,140953,6803
147757,140954,6803
147759,140956,6803
147761,140958,6803
147763,140960,6803
147764,140961,6803
147766,140963,6803
147767,140964,6803
147769,140966,6803
147770,140967,6803
147771,140968,6803
147773,140970,6803
147774,140971,6803
147775,140972,6803
147776,140973,6803
147777,140974,6803
147779,140976,6803
147780,140977,6803
147781,140978,6803
147782,140979,6803
147783,140980,6803
147784,140981,6803
147785,140982,6803
147786,140983,6803
147787,140984,6803
147789,140986,6803
147790,140987,6803
147791,140988,6803
147792,140989,6803
147793,140990,6803
147794,140991,6803
147795,140992,6803
147796,140993,6803
147797,140994,6803
147799,140996,6803
147800,140997,6803
147801,140998,6803
147802,140999,6803
147803,141000,6803
147804,141001,6803
147805,141002,6803
147806,141003,6803
147807,141004,6803
147809,141006,6803
147810,141007,6803
147811,141008,6803
147812,141009,6803
147813,141010,6803
147814,141011,6803
147815,141012,6803
147816,141013,6803
147817,141014,6803
147819,141016,6803
147820,141017,6803
147821,141018,6803
147822,141019,6803
147823,141020,6803
147824,141021,6803
147825,141022,6803
147826,141023,6803
147827,141024,6803
147829,141026,6803
147830,141027,6803
147831,141028,6803
147832,141029,6803
147833,141030,6803
147834,141031,6803
147835,141032,6803
147836,141033,6803
147837,141034,6803
147839,141036,6803
147840,141037,6803
147841,141038,6803
147842,141039,6803
147843,141040,6803
147844,141041,6803
147845,141042,6803
147846,141043,6803
147847,141044,6803
147849,141046,6803
147850,141047,6803
147851,141048,6803
147852,141049,6803
147853,141050,6803
147854,141051,6803
147855,141052,6803
147856,141053,6803
147857,141054,6803
147859,141056,6803
147860,141057,6803
147861,141058,6803
147862,141059,6803
147863,141060,6803
147864,141061,6803
147865,141062,6803
147866,141063,6803
147867,141064,6803
147869,141066,6803
147870,141067,6803
147871,141068,6803
147872,141069,6803
147873,141070,6803
147874,141071,6803
147875,141072,6803
147876,141073,6803
147877,141074,6803
147879,141076,6803
147880,141077,6803
147881,141078,6803
147882,141079,6803
147883,141080,6803
147884,141081,6803
147885,141082,6803
147886,141083,6803
147887,141084,6803
147889,141086,6803
147890,141087,6803
147891,141088,6803
147892,141089,6803
147893,141090,6803
147894,141091,6803
147895,141092,6803
147896,141093,6803
147897,141094,6803
147899,141096,6803
147900,141097,6803
147901,141098,6803
147902,141099,6803
147903,141100,6803
147904,141101,6803
147905,141102,6803
147906,141103,6803
147907,141104,6803
147909,141106,6803
147910,141107,6803
147911,141108,6803
147912,141109,6803
147913,141110,6803
147914,141111,6803
147915,141112,6803
147916,141113,6803
147917,141114,6803
147919,141116,6803
147920,141117,6803
147922,141119,6803
147923,141120,6803
147924,141121,6803
147925,141122,6803
147926,141123,6803
147927,141124,6803
147928,141125,6803
147930,141127,6803
147931,141128,6803
147932,141129,6803
147933,141130,6803
147934,141131,6803
147935,141132,6803
147936,141133,6803
147937,141134,6803
147938,141135,6803
147940,141137,6803
147941,141138,6803
147942,141139,6803
147943,141140,6803
147944,141141,6803
147945,141142,6803
147946,141143,6803
147947,141144,6803
147948,141145,6803
147950,141147,6803
147951,141148,6803
147952,141149,6803
147953,141150,6803
147954,141151,6803
147955,141152,6803
147956,141153,6803
147957,141154,6803
147958,141155,6803
147960,141157,6803
147961,141158,6803
147962,141159,6803
147963,141160,6803
147964,141161,6803
147965,141162,6803
147966,141163,6803
147967,141164,6803
147968,141165,6803
147970,141167,6803
147971,141168,6803
147972,141169,6803
147973,141170,6803
147974,141171,6803
147975,141172,6803
147976,141173,6803
147977,141174,6803
147978,141175,6803
147980,141177,6803
147981,141178,6803
147982,141179,6803
147983,141180,6803
147984,141181,6803
147985,141182,6803
147986,141183,6803
147987,141184,6803
147988,141185,6803
147990,141187,6803
147991,141188,6803
147992,141189,6803
147993,141190,6803
147994,141191,6803
147995,141192,6803
147996,141193,6803
147997,141194,6803
147998,141195,6803
148000,141197,6803
148001,141198,6803
148002,141199,6803
148003,141200,6803
148004,141201,6803
148005,141202,6803
148006,141203,6803
148007,141204,6803
148008,141205,6803
148010,141207,6803
148011,141208,6803
148012,141209,6803
148013,141210,6803
148014,141211,6803
148015,141212,6803
148016,141213,6803
148017,141214,6803
148018,141215,6803
148020,141217,6803
148021,141218,6803
148022,141219,6803
148023,141220,6803
148024,141221,6803
148025,141222,6803
148027,141224,6803
148029,141226,6803
148030,141227,6803
148031,141228,6803
148033,141230,6803
148035,141232,6803
148036,141233,6803
148037,141234,6803
148039,141236,6803
148040,141237,6803
148041,141238,6803
148042,141239,6803
148044,141241,6803
148046,141243,6803
148048,141245,6803
148049,141246,6803
148050,141247,6803
148052,141248,6804
148054,141250,6804
148055,141251,6804
148056,141252,6804
148058,141254,6804
148060,141256,6804
148061,141257,6804
148063,141259,6804
148065,141261,6804
148066,141262,6804
148068,141264,6804
148070,141266,6804
148072,141268,6804
148073,141269,6804
148074,141270,6804
148076,141272,6804
148078,141274,6804
148079,141275,6804
148081,141277,6804
148083,141279,6804
148084,141280,6804
148085,141281,6804
148087,141283,6804
148088,141284,6804
148090,141286,6804
148091,141287,6804
148092,141288,6804
148094,141290,6804
148096,141292,6804
148097,141293,6804
148099,141295,6804
148100,141296,6804
148102,141298,6804
148103,141299,6804
148105,141301,6804
148107,141303,6804
148109,141305,6804
148110,141306,6804
148112,141308,6804
148113,141309,6804
148115,141311,6804
148116,141312,6804
148118,141314,6804
148119,141315,6804
148120,141316,6804
148121,141317,6804
148122,141318,6804
148123,141319,6804
148124,141320,6804
148125,141321,6804
148126,141322,6804
148127,141323,6804
148128,141324,6804
148129,141325,6804
148130,141326,6804
148131,141327,6804
148132,141328,6804
148134,141330,6804
148135,141331,6804
148136,141332,6804
148137,141333,6804
148139,141335,6804
148140,141336,6804
148141,141337,6804
148143,141339,6804
148145,141341,6804
148146,141342,6804
148148,141344,6804
148150,141346,6804
148152,141348,6804
148153,141349,6804
148154,141350,6804
148155,141351,6804
148156,141352,6804
148157,141353,6804
148159,141355,6804
148160,141356,6804
148162,141358,6804
148164,141360,6804
148166,141362,6804
148167,141363,6804
148169,141365,6804
148170,141366,6804
148172,141368,6804
148173,141369,6804
148174,141370,6804
148175,141371,6804
148177,141373,6804
148179,141375,6804
148180,141376,6804
148181,141377,6804
148182,141378,6804
148184,141380,6804
148186,141382,6804
148187,141383,6804
148189,141385,6804
148190,141386,6804
148191,141387,6804
148192,141388,6804
148194,141390,6804
148195,141391,6804
148196,141392,6804
148197,141393,6804
148198,141394,6804
148200,141396,6804
148201,141397,6804
148202,141398,6804
148203,141399,6804
148205,141401,6804
148206,141402,6804
148207,141403,6804
148208,141404,6804
148209,141405,6804
148211,141407,6804
148213,141409,6804
148214,141410,6804
148216,141412,6804
148217,141413,6804
148218,141414,6804
148219,141415,6804
148220,141416,6804
148222,141418,6804
148224,141420,6804
148225,141421,6804
148226,141422,6804
148227,141423,6804
148228,141424,6804
148230,141426,6804
148232,141428,6804
148233,141429,6804
148234,141430,6804
148235,141431,6804
148237,141433,6804
148239,141435,6804
148240,141436,6804
148241,141437,6804
148242,141438,6804
148244,141440,6804
148245,141441,6804
148247,141443,6804
148249,141445,6804
148251,141447,6804
148252,141448,6804
148253,141449,6804
148254,141450,6804
148256,141452,6804
148257,141453,6804
148258,141454,6804
148259,141455,6804
148260,141456,6804
148261,141457,6804
148263,141459,6804
148264,141460,6804
148266,141462,6804
148268,141464,6804
148269,141465,6804
148270,141466,6804
148271,141467,6804
148272,141468,6804
148273,141469,6804
148274,141470,6804
148275,141471,6804
148277,141473,6804
148278,141474,6804
148280,141476,6804
148281,141477,6804
148282,141478,6804
148283,141479,6804
148284,141480,6804
148286,141482,6804
148287,141483,6804
148288,141484,6804
148289,141485,6804
148291,141487,6804
148293,141489,6804
148294,141490,6804
148295,141491,6804
148296,141492,6804
148297,141493,6804
148299,141495,6804
148300,141496,6804
148302,141498,6804
148303,141499,6804
148304,141500,6804
148305,141501,6804
148306,141502,6804
148308,141504,6804
148310,141506,6804
148312,141508,6804
148313,141509,6804
148314,141510,6804
148315,141511,6804
148317,141513,6804
148319,141515,6804
148321,141517,6804
148322,141518,6804
148323,141519,6804
148325,141521,6804
148327,141523,6804
148328,141524,6804
148329,141525,6804
148330,141526,6804
148332,141528,6804
148333,141529,6804
148334,141530,6804
148336,141532,6804
148337,141533,6804
148338,141534,6804
148339,141535,6804
148340,141536,6804
148342,141538,6804
148343,141539,6804
148344,141540,6804
148345,141541,6804
148346,141542,6804
148347,141543,6804
148349,141545,6804
148350,141546,6804
148352,141548,6804
148354,141550,6804
148355,141551,6804
148356,141552,6804
148357,141553,6804
148358,141554,6804
148359,141555,6804
148361,141557,6804
148362,141558,6804
148364,141560,6804
148365,141561,6804
148367,141563,6804
148368,141564,6804
148369,141565,6804
148370,141566,6804
148371,141567,6804
148373,141569,6804
148374,141570,6804
148375,141571,6804
148376,141572,6804
148378,141574,6804
148380,141576,6804
148381,141577,6804
148382,141578,6804
148383,141579,6804
148384,141580,6804
148386,141582,6804
148387,141583,6804
148389,141585,6804
148390,141586,6804
148391,141587,6804
148393,141589,6804
148394,141590,6804
148396,141592,6804
148398,141594,6804
148400,141596,6804
148401,141597,6804
148403,141599,6804
148404,141600,6804
148406,141602,6804
148408,141604,6804
148410,141606,6804
148411,141607,6804
148412,141608,6804
148414,141610,6804
148416,141612,6804
148417,141613,6804
148418,141614,6804
148419,141615,6804
148421,141617,6804
148422,141618,6804
148424,141619,6805
148426,141621,6805
148427,141622,6805
148428,141623,6805
148429,141624,6805
148430,141625,6805
148432,141627,6805
148433,141628,6805
148434,141629,6805
148435,141630,6805
148436,141631,6805
148437,141632,6805
148439,141634,6805
148440,141635,6805
148442,141637,6805
148444,141639,6805
148445,141640,6805
148446,141641,6805
148447,141642,6805
148448,141643,6805
148449,141644,6805
148450,141645,6805
148451,141646,6805
148452,141647,6805
148453,141648,6805
148455,141650,6805
148456,141651,6805
148457,141652,6805
148458,141653,6805
148459,141654,6805
148461,141656,6805
148462,141657,6805
148463,141658,6805
148464,141659,6805
148466,141661,6805
148467,141662,6805
148468,141663,6805
148469,141664,6805
148470,141665,6805
148472,141667,6805
148474,141669,6805
148475,141670,6805
148477,141672,6805
148478,141673,6805
148479,141674,6805
148481,141676,6805
148482,141677,6805
148484,141679,6805
148486,141681,6805
148487,141682,6805
148488,141683,6805
148490,141685,6805
148491,141686,6805
148493,141688,6805
148495,141690,6805
148496,141691,6805
148497,141692,6805
148498,141693,6805
148500,141695,6805
148502,141697,6805
148503,141698,6805
148504,141699,6805
148505,141700,6805
148507,141702,6805
148508,141703,6805
148509,141704,6805
148511,141706,6805
148513,141708,6805
148514,141709,6805
148515,141710,6805
148516,141711,6805
148518,141713,6805
148519,141714,6805
148520,141715,6805
148521,141716,6805
148522,141717,6805
148523,141718,6805
148525,141720,6805
148526,141721,6805
148528,141723,6805
148530,141725,6805
148531,141726,6805
148532,141727,6805
148533,141728,6805
148534,141729,6805
148535,141730,6805
148537,141732,6805
148538,141733,6805
148539,141734,6805
148540,141735,6805
148541,141736,6805
148542,141737,6805
148543,141738,6805
148544,141739,6805
148545,141740,6805
148546,141741,6805
148547,141742,6805
148549,141744,6805
148550,141745,6805
148551,141746,6805
148552,141747,6805
148554,141749,6805
148555,141750,6805
148556,141751,6805
148557,141752,6805
148558,141753,6805
148560,141755,6805
148561,141756,6805
148562,141757,6805
148563,141758,6805
148564,141759,6805
148566,141761,6805
148567,141762,6805
148568,141763,6805
148569,141764,6805
148570,141765,6805
148571,141766,6805
148572,141767,6805
148574,141769,6805
148575,141770,6805
148576,141771,6805
148577,141772,6805
148578,141773,6805
148579,141774,6805
148580,141775,6805
148581,141776,6805
148583,141778,6805
148584,141779,6805
148585,141780,6805
148586,141781,6805
148587,141782,6805
148589,141784,6805
148590,141785,6805
148592,141787,6805
148593,141788,6805
148595,141790,6805
148597,141792,6805
148599,141794,6805
148600,141795,6805
148602,141797,6805
148603,141798,6805
148605,141800,6805
148607,141802,6805
148608,141803,6805
148609,141804,6805
148611,141806,6805
148612,141807,6805
148614,141809,6805
148615,141810,6805
148616,141811,6805
148617,141812,6805
148618,141813,6805
148620,141815,6805
148621,141816,6805
148623,141818,6805
148624,141819,6805
148626,141821,6805
148627,141822,6805
148629,141823,6806
148630,141824,6806
148631,141825,6806
148633,141827,6806
148634,141828,6806
148635,141829,6806
148636,141830,6806
148637,141831,6806
148639,141832,6807
148640,141833,6807
148641,141834,6807
148643,141836,6807
148644,141837,6807
148645,141838,6807
148646,141839,6807
148648,141841,6807
148649,141842,6807
148651,141843,6808
148652,141844,6808
148653,141845,6808
148655,141847,6808
148656,141848,6808
148657,141849,6808
148658,141850,6808
148660,141852,6808
148661,141853,6808
148662,141854,6808
148663,141855,6808
148664,141856,6808
148665,141857,6808
148667,141859,6808
148668,141860,6808
148669,141861,6808
148670,141862,6808
148672,141864,6808
148673,141865,6808
148674,141866,6808
148675,141867,6808
148677,141869,6808
148678,141870,6808
148679,141870,6809
148680,141871,6809
148681,141872,6809
148683,141874,6809
148684,141875,6809
148686,141877,6809
148688,141879,6809
148689,141880,6809
148690,141881,6809
148692,141883,6809
148693,141884,6809
148694,141885,6809
148695,141886,6809
148697,141888,6809
148698,141889,6809
148699,141890,6809
148700,141891,6809
148702,141893,6809
148703,141894,6809
148704,141895,6809
148705,141896,6809
148707,141898,6809
148708,141899,6809
148709,141900,6809
148710,141901,6809
148711,141902,6809
148712,141903,6809
148714,141905,6809
148715,141906,6809
148716,141907,6809
148717,141908,6809
148719,141910,6809
148721,141912,6809
148722,141913,6809
148723,141914,6809
148724,141915,6809
148726,141917,6809
148728,141919,6809
148729,141920,6809
148730,141921,6809
148732,141923,6809
148733,141924,6809
148735,141926,6809
148737,141928,6809
148738,141929,6809
148739,141930,6809
148741,141932,6809
148742,141933,6809
148744,141935,6809
148745,141936,6809
148746,141937,6809
148748,141939,6809
148749,141940,6809
148751,141942,6809
148752,141943,6809
148754,141945,6809
148755,141946,6809
148757,141948,6809
148758,141949,6809
148760,141951,6809
148761,141952,6809
148762,141953,6809
148763,141954,6809
148764,141955,6809
148766,141957,6809
148767,141957,6810
148768,141958,6810
148770,141960,6810
148771,141961,6810
148773,141963,6810
148775,141965,6810
148777,141967,6810
148778,141968,6810
148780,141970,6810
148781,141971,6810
148783,141973,6810
148784,141974,6810
148785,141975,6810
148787,141977,6810
148788,141978,6810
148789,141979,6810
148790,141980,6810
148791,141981,6810
148793,141983,6810
148794,141984,6810
148795,141985,6810
148796,141986,6810
148797,141987,6810
148798,141988,6810
148799,141989,6810
148800,141990,6810
148801,141991,6810
148803,141993,6810
148804,141994,6810
148805,141995,6810
148806,141996,6810
148807,141997,6810
148808,141998,6810
148809,141999,6810
148810,142000,6810
148811,142001,6810
148813,142003,6810
148814,142004,6810
148815,142005,6810
148816,142006,6810
148817,142007,6810
148818,142008,6810
148819,142009,6810
148820,142010,6810
148821,142011,6810
148823,142013,6810
148824,142014,6810
148825,142015,6810
148826,142016,6810
148827,142017,6810
148828,142018,6810
148829,142019,6810
148830,142020,6810
148831,142021,6810
148833,142023,6810
148834,142024,6810
148835,142025,6810
148836,142026,6810
148837,142027,6810
148838,142028,6810
148839,142029,6810
148840,142030,6810
148841,142031,6810
148843,142033,6810
148844,142034,6810
148845,142035,6810
148846,142036,6810
148847,142037,6810
148848,142038,6810
148849,142039,6810
148850,142040,6810
148851,142041,6810
148853,142043,6810
148854,142044,6810
148855,142045,6810
148856,142046,6810
148857,142047,6810
148858,142048,6810
148859,142049,6810
148860,142050,6810
148861,142051,6810
148863,142053,6810
148864,142054,6810
148865,142055,6810
148866,142056,6810
148867,142057,6810
148868,142058,6810
148869,142059,6810
148870,142060,6810
148871,142061,6810
148873,142063,6810
148874,142064,6810
148875,142065,6810
148876,142066,6810
148877,142067,6810
148878,142068,6810
148879,142069,6810
148880,142070,6810
148881,142071,6810
148883,142073,6810
148884,142074,6810
148885,142075,6810
148886,142076,6810
148887,142077,6810
148888,142078,6810
148889,142079,6810
148890,142080,6810
148891,142081,6810
148893,142083,6810
148894,142084,6810
148896,142085,6811
148897,142086,6811
148898,142087,6811
148899,142088,6811
148900,142089,6811
148901,142090,6811
148902,142091,6811
148904,142093,6811
148905,142094,6811
148906,142095,6811
148907,142096,6811
148908,142097,6811
148909,142098,6811
148910,142099,6811
148911,142100,6811
148912,142101,6811
148914,142103,6811
148915,142104,6811
148916,142105,6811
148917,142106,6811
148918,142107,6811
148919,142108,6811
148920,142109,6811
148921,142110,6811
148922,142111,6811
148924,142113,6811
148925,142114,6811
148926,142115,6811
148927,142116,6811
148928,142117,6811
148929,142118,6811
148930,142119,6811
148931,142120,6811
148932,142121,6811
148934,142123,6811
148935,142124,6811
148936,142125,6811
148937,142126,6811
148938,142127,6811
148939,142128,6811
148940,142129,6811
148941,142130,6811
148942,142131,6811
148944,142133,6811
148945,142134,6811
148946,142135,6811
148947,142136,6811
148948,142137,6811
148949,142138,6811
148950,142139,6811
148951,142140,6811
148952,142141,6811
148954,142143,6811
148955,142144,6811
148956,142145,6811
148957,142146,6811
148958,142147,6811
148959,142148,6811
148960,142149,6811
148961,142150,6811
148962,142151,6811
148964,142153,6811
148965,142154,6811
148966,142155,6811
148967,142156,6811
148968,142157,6811
148969,142158,6811
148970,142159,6811
148971,142160,6811
148972,142161,6811
148974,142163,6811
148975,142164,6811
148976,142165,6811
148977,142166,6811
148978,142167,6811
148979,142168,6811
148980,142169,6811
148981,142170,6811
148982,142171,6811
148984,142173,6811
148985,142174,6811
148986,142175,6811
148987,142176,6811
148988,142177,6811
148989,142178,6811
148990,142179,6811
148991,142180,6811
148992,142181,6811
148994,142183,6811
148995,142184,6811
148996,142185,6811
148997,142186,6811
148998,142187,6811
148999,142188,6811
149000,142189,6811
149001,142190,6811
149002,142191,6811
149004,142193,6811
149005,142194,6811
149006,142195,6811
149007,142196,6811
149008,142197,6811
149009,142198,6811
149010,142199,6811
149011,142200,6811
149012,142201,6811
149014,142203,6811
149015,142204,6811
149016,142205,6811
149017,142206,6811
149018,142207,6811
149019,142208,6811
149020,142209,6811
149021,142210,6811
149022,142211,6811
149024,142213,6811
149025,142214,6811
149026,142215,6811
149027,142216,6811
149028,142217,6811
149029,142218,6811
149030,142219,6811
149031,142220,6811
149032,142221,6811
149034,142223,6811
149035,142224,6811
149036,142225,6811
149037,142226,6811
149038,142227,6811
149039,142228,6811
149040,142229,6811
149041,142230,6811
149042,142231,6811
149044,142233,6811
149045,142234,6811
149046,142235,6811
149047,142236,6811
149048,142237,6811
149049,142238,6811
149050,142239,6811
149051,142240,6811
149052,142241,6811
149054,142243,6811
149055,142244,6811
149057,142246,6811
149058,142247,6811
149059,142248,6811
149060,142249,6811
149062,142251,6811
149064,142253,6811
149065,142254,6811
149066,142255,6811
149068,142257,6811
149070,142259,6811
149071,142260,6811
149072,142261,6811
149074,142263,6811
149075,142264,6811
149076,142265,6811
149077,142266,6811
149079,142268,6811
149081,142270,6811
149083,142272,6811
149084,142273,6811
149085,142274,6811
149087,142276,6811
149089,142278,6811
149090,142279,6811
149091,142280,6811
149093,142282,6811
149095,142284,6811
149096,142285,6811
149098,142287,6811
149100,142289,6811
149101,142290,6811
149103,142292,6811
149105,142294,6811
149107,142296,6811
149108,142297,6811
149109,142298,6811
149111,142300,6811
149113,142302,6811
149114,142303,6811
149116,142305,6811
149118,142307,6811
149119,142308,6811
149120,142309,6811
149122,142311,6811
149123,142312,6811
149125,142314,6811
149126,142315,6811
149127,142316,6811
149129,142318,6811
149131,142320,6811
149132,142321,6811
149134,142323,6811
149135,142324,6811
149137,142326,6811
149138,142327,6811
149140,142329,6811
149142,142331,6811
149144,142333,6811
149145,142334,6811
149147,142336,6811
149148,142337,6811
149150,142339,6811
149151,142340,6811
149153,142342,6811
149154,142343,6811
149155,142344,6811
149156,142345,6811
149157,142346,6811
149158,142347,6811
149159,142348,6811
149160,142349,6811
149161,142350,6811
149162,142351,6811
149163,142352,6811
149164,142353,6811
149165,142354,6811
149166,142355,6811
149167,142356,6811
149169,142358,6811
149170,142359,6811
149171,142360,6811
149172,142361,6811
149174,142363,6811
149175,142364,6811
149176,142365,6811
149178,142367,6811
149180,142369,6811
149181,142370,6811
149183,142372,6811
149185,142374,6811
149187,142376,6811
149188,142377,6811
149189,142378,6811
149190,142379,6811
149191,142380,6811
149192,142381,6811
149194,142383,6811
149195,142384,6811
149197,142386,6811
149199,142388,6811
149201,142390,6811
149202,142391,6811
149204,142393,6811
149205,142394,6811
149207,142396,6811
149208,142397,6811
149209,142398,6811
149210,142399,6811
149212,142401,6811
149214,142403,6811
149215,142404,6811
149216,142405,6811
149217,142406,6811
149219,142408,6811
149221,142410,6811
149222,142411,6811
149224,142413,6811
149225,142414,6811
149226,142415,6811
149227,142416,6811
149229,142418,6811
149230,142419,6811
149231,142420,6811
149232,142421,6811
149233,142422,6811
149235,142424,6811
149236,142425,6811
149237,142426,6811
149238,142427,6811
149240,142429,6811
149241,142430,6811
149242,142431,6811
149243,142432,6811
149244,142433,6811
149246,142435,6811
149248,142437,6811
149249,142438,6811
149251,142440,6811
149252,142441,6811
149253,142442,6811
149254,142443,6811
149255,142444,6811
149257,142446,6811
149259,142448,6811
149260,142449,6811
149261,142450,6811
149262,142451,6811
149263,142452,6811
149265,142454,6811
149267,142456,6811
149268,142457,6811
149269,142458,6811
149270,142459,6811
149272,142461,6811
149274,142463,6811
149275,142464,6811
149276,142465,6811
149277,142466,6811
149279,142468,6811
149280,142469,6811
149282,142471,6811
149284,142473,6811
149286,142475,6811
149287,142476,6811
149288,142477,6811
149289,142478,6811
149291,142480,6811
149292,142481,6811
149293,142482,6811
149294,142483,6811
149295,142484,6811
149296,142485,6811
149298,142487,6811
149299,142488,6811
149301,142490,6811
149303,142492,6811
149304,142493,6811
149305,142494,6811
149306,142495,6811
149307,142496,6811
149308,142497,6811
149309,142498,6811
149310,142499,6811
149312,142501,6811
149313,142502,6811
149315,142504,6811
149316,142505,6811
149317,142506,6811
149318,142507,6811
149319,142508,6811
149321,142510,6811
149322,142511,6811
149323,142512,6811
149324,142513,6811
149326,142515,6811
149328,142517,6811
149329,142518,6811
149330,142519,6811
149331,142520,6811
149332,142521,6811
149334,142523,6811
149335,142524,6811
149337,142526,6811
149338,142527,6811
149339,142528,6811
149340,142529,6811
149341,142530,6811
149343,142532,6811
149345,142534,6811
149347,142536,6811
149348,142537,6811
149349,142538,6811
149350,142539,6811
149352,142541,6811
149354,142543,6811
149356,142545,6811
149357,142546,6811
149358,142547,6811
149360,142549,6811
149362,142551,6811
149363,142552,6811
149364,142553,6811
149365,142554,6811
149367,142556,6811
149368,142557,6811
149369,142558,6811
149371,142560,6811
149372,142561,6811
149373,142562,6811
149374,142563,6811
149375,142564,6811
149377,142566,6811
149378,142567,6811
149379,142568,6811
149380,142569,6811
149381,142570,6811
149382,142571,6811
149384,142573,6811
149385,142574,6811
149387,142576,6811
149389,142578,6811
149390,142579,6811
149391,142580,6811
149392,142581,6811
149393,142582,6811
149394,142583,6811
149396,142585,6811
149397,142586,6811
149399,142588,6811
149400,142589,6811
149402,142591,6811
149403,142592,6811
149404,142593,6811
149405,142594,6811
149406,142595,6811
149408,142597,6811
149409,142598,6811
149410,142599,6811
149411,142600,6811
149413,142602,6811
149415,142604,6811
149416,142605,6811
149417,142606,6811
149418,142607,6811
149419,142608,6811
149421,142610,6811
149422,142611,6811
149424,142613,6811
149425,142614,6811
149426,142615,6811
149428,142617,6811
149429,142618,6811
149431,142620,6811
149433,142622,6811
149435,142624,6811
149436,142625,6811
149438,142627,6811
149439,142628,6811
149441,142630,6811
149443,142632,6811
149445,142634,6811
149446,142635,6811
149447,142636,6811
149449,142638,6811
149451,142640,6811
149452,142641,6811
149453,142642,6811
149454,142643,6811
149456,142645,6811
149457,142646,6811
149459,142647,6812
149461,142649,6812
149462,142650,6812
149463,142651,6812
149464,142652,6812
149465,142653,6812
149467,142655,6812
149468,142656,6812
149469,142657,6812
149470,142658,6812
149471,142659,6812
149472,142660,6812
149474,142662,6812
149475,142663,6812
149477,142665,6812
149479,142667,6812
149480,142668,6812
149481,142669,6812
149482,142670,6812
149483,142671,6812
149484,142672,6812
149485,142673,6812
149486,142674,6812
149487,142675,6812
149488,142676,6812
149490,142678,6812
149491,142679,6812
149492,142680,6812
149493,142681,6812
149494,142682,6812
149496,142684,6812
149497,142685,6812
149498,142686,6812
149499,142687,6812
149501,142689,6812
149502,142690,6812
149503,142691,6812
149504,142692,6812
149505,142693,6812
149507,142695,6812
149509,142697,6812
149510,142698,6812
149512,142700,6812
149513,142701,6812
149514,142702,6812
149516,142704,6812
149517,142705,6812
149519,142707,6812
149521,142709,6812
149522,142710,6812
149523,142711,6812
149525,142713,6812
149526,142714,6812
149528,142716,6812
149530,142718,6812
149531,142719,6812
149532,142720,6812
149533,142721,6812
149535,142723,6812
149537,142725,6812
149538,142726,6812
149539,142727,6812
149540,142728,6812
149542,142730,6812
149543,142731,6812
149544,142732,6812
149546,142734,6812
149548,142736,6812
149549,142737,6812
149550,142738,6812
149551,142739,6812
149553,142741,6812
149554,142742,6812
149555,142743,6812
149556,142744,6812
149557,142745,6812
149558,142746,6812
149560,142748,6812
149561,142749,6812
149563,142751,6812
149565,142753,6812
149566,142754,6812
149567,142755,6812
149568,142756,6812
149569,142757,6812
149570,142758,6812
149572,142760,6812
149573,142761,6812
149574,142762,6812
149575,142763,6812
149576,142764,6812
149577,142765,6812
149578,142766,6812
149579,142767,6812
149580,142768,6812
149581,142769,6812
149582,142770,6812
149584,142772,6812
149585,142773,6812
149586,142774,6812
149587,142775,6812
149589,142777,6812
149590,142778,6812
149591,142779,6812
149592,142780,6812
149593,142781,6812
149595,142783,6812
149596,142784,6812
149597,142785,6812
149598,142786,6812
149599,142787,6812
149601,142789,6812
149602,142790,6812
149603,142791,6812
149604,142792,6812
149605,142793,6812
149606,142794,6812
149607,142795,6812
149609,142797,6812
149610,142798,6812
149611,142799,6812
149612,142800,6812
149613,142801,6812
149614,142802,6812
149615,142803,6812
149616,142804,6812
149618,142806,6812
149619,142807,6812
149620,142808,6812
149621,142809,6812
149622,142810,6812
149624,142812,6812
149625,142813,6812
149627,142815,6812
149628,142816,6812
149630,142818,6812
149632,142820,6812
149634,142822,6812
149635,142823,6812
149637,142825,6812
149638,142826,6812
149640,142828,6812
149642,142830,6812
149643,142831,6812
149644,142832,6812
149646,142834,6812
149647,142835,6812
149649,142837,6812
149650,142838,6812
149651,142839,6812
149652,142840,6812
149653,142841,6812
149655,142843,6812
149656,142844,6812
149658,142846,6812
149659,142847,6812
149661,142849,6812
149662,142850,6812
149664,142852,6812
149665,142853,6812
149666,142854,6812
149668,142856,6812
149669,142857,6812
149670,142858,6812
149671,142859,6812
149672,142860,6812
149673,142861,6812
149674,142862,6812
149676,142863,6813
149678,142865,6813
149679,142866,6813
149680,142867,6813
149681,142868,6813
149683,142870,6813
149684,142871,6813
149685,142871,6814
149686,142872,6814
149687,142873,6814
149689,142875,6814
149690,142876,6814
149691,142877,6814
149692,142878,6814
149694,142880,6814
149695,142881,6814
149696,142882,6814
149697,142883,6814
149699,142885,6814
149700,142886,6814
149702,142888,6814
149703,142889,6814
149704,142890,6814
149705,142891,6814
149707,142893,6814
149708,142894,6814
149709,142895,6814
149710,142896,6814
149712,142898,6814
149713,142899,6814
149714,142899,6815
149715,142900,6815
149716,142901,6815
149718,142903,6815
149719,142904,6815
149721,142906,6815
149723,142908,6815
149724,142909,6815
149725,142910,6815
149727,142912,6815
149728,142913,6815
149729,142914,6815
149730,142915,6815
149732,142917,6815
149733,142918,6815
149734,142919,6815
149735,142920,6815
149737,142922,6815
149738,142923,6815
149739,142924,6815
149740,142925,6815
149742,142927,6815
149743,142928,6815
149744,142929,6815
149745,142930,6815
149746,142931,6815
149747,142932,6815
149749,142934,6815
149750,142935,6815
149751,142936,6815
149752,142937,6815
149754,142939,6815
149756,142941,6815
149757,142942,6815
149758,142943,6815
149759,142944,6815
149761,142946,6815
149763,142948,6815
149764,142949,6815
149765,142950,6815
149767,142952,6815
149768,142953,6815
149770,142955,6815
149772,142957,6815
149773,142958,6815
149774,142959,6815
149776,142961,6815
149777,142962,6815
149779,142964,6815
149780,142965,6815
149781,142966,6815
149783,142968,6815
149784,142969,6815
149786,142971,6815
149787,142972,6815
149789,142974,6815
149790,142975,6815
149792,142977,6815
149793,142978,6815
149795,142980,6815
149796,142981,6815
149797,142982,6815
149798,142983,6815
149799,142984,6815
149801,142986,6815
149802,142987,6815
149803,142988,6815
149805,142990,6815
149806,142991,6815
149808,142993,6815
149810,142995,6815
149812,142997,6815
149813,142998,6815
149815,143000,6815
149816,143001,6815
149818,143003,6815
149819,143004,6815
149820,143005,6815
149822,143007,6815
149823,143008,6815
149824,143009,6815
149825,143010,6815
149826,143011,6815
149828,143013,6815
149829,143014,6815
149830,143015,6815
149831,143016,6815
149832,143017,6815
149833,143018,6815
149834,143019,6815
149835,143020,6815
149836,143021,6815
149838,143023,6815
149839,143024,6815
149840,143025,6815
149841,143026,6815
149842,143027,6815
149843,143028,6815
149844,143029,6815
149845,143030,6815
149846,143031,6815
149848,143033,6815
149849,143034,6815
149850,143035,6815
149851,143036,6815
149852,143037,6815
149853,143038,6815
149854,143039,6815
149855,143040,6815
149856,143041,6815
149858,143043,6815
149859,143044,6815
149860,143045,6815
149861,143046,6815
149862,143047,6815
149863,143048,6815
149864,143049,6815
149865,143050,6815
149866,143051,6815
149868,143053,6815
149869,143054,6815
149870,143055,6815
149871,143056,6815
149872,143057,6815
149873,143058,6815
149874,143059,6815
149875,143060,6815
149876,143061,6815
149878,143063,6815
149879,143064,6815
149881,143065,6816
149882,143066,6816
149883,143067,6816
149884,143068,6816
149885,143069,6816
149886,143070,6816
149887,143071,6816
149889,143073,6816
149890,143074,6816
149891,143075,6816
149892,143076,6816
149893,143077,6816
149894,143078,6816
149895,143079,6816
149896,143080,6816
149897,143081,6816
149899,143083,6816
149900,143084,6816
149901,143085,6816
149902,143086,6816
149903,143087,6816
149904,143088,6816
149905,143089,6816
149906,143090,6816
149907,143091,6816
149909,143093,6816
149910,143094,6816
149911,143095,6816
149912,143096,6816
149913,143097,6816
149914,143098,6816
149915,143099,6816
149916,143100,6816
149917,143101,6816
149919,143103,6816
149920,143104,6816
149921,143105,6816
149922,143106,6816
149923,143107,6816
149924,143108,6816
149925,143109,6816
149926,143110,6816
149927,143111,6816
149929,143113,6816
149930,143114,6816
149931,143115,6816
149932,143116,6816
149933,143117,6816
149934,143118,6816
149935,143119,6816
149936,143120,6816
149937,143121,6816
149939,143123,6816
149940,143124,6816
149941,143125,6816
149942,143126,6816
149943,143127,6816
149944,143128,6816
149945,143129,6816
149946,143130,6816
149947,143131,6816
149949,143133,6816
149950,143134,6816
149951,143135,6816
149952,143136,6816
149953,143137,6816
149954,143138,6816
149955,143139,6816
149956,143140,6816
149957,143141,6816
149959,143143,6816
149960,143144,6816
149961,143145,6816
149962,143146,6816
149963,143147,6816
149964,143148,6816
149965,143149,6816
149966,143150,6816
149967,143151,6816
149969,143153,6816
149970,143154,6816
149971,143155,6816
149972,143156,6816
149973,143157,6816
149974,143158,6816
149975,143159,6816
149976,143160,6816
149977,143161,6816
149979,143163,6816
149980,143164,6816
149981,143165,6816
149982,143166,6816
149983,143167,6816
149984,143168,6816
149985,143169,6816
149986,143170,6816
149987,143171,6816
149989,143173,6816
149990,143174,6816
149991,143175,6816
149992,143176,6816
149993,143177,6816
149994,143178,6816
149995,143179,6816
149996,143180,6816
149997,143181,6816
149999,143183,6816
150000,143184,6816
150001,143185,6816
150002,143186,6816
150003,143187,6816
150004,143188,6816
150005,143189,6816
150006,143190,6816
150007,143191,6816
150009,143193,6816
150010,143194,6816
150011,143195,6816
150012,143196,6816
150013,143197,6816
150014,143198,6816
150016,143200,6816
150018,143202,6816
150019,143203,6816
150020,143204,6816
150022,143206,6816
150024,143208,6816
150025,143209,6816
150026,143210,6816
150028,143212,6816
150029,143213,6816
150030,143214,6816
150031,143215,6816
150033,143217,6816
150035,143219,6816
150037,143221,6816
150038,143222,6816
150039,143223,6816
150041,143225,6816
150043,143227,6816
150044,143228,6816
150045,143229,6816
150047,143231,6816
150049,143233,6816
150050,143234,6816
150052,143236,6816
150054,143238,6816
150055,143239,6816
150057,143241,6816
150059,143243,6816
150061,143245,6816
150062,143246,6816
150063,143247,6816
150065,143249,6816
150067,143251,6816
150068,143252,6816
150070,143254,6816
150072,143256,6816
150073,143257,6816
150074,143258,6816
150076,143260,6816
150077,143261,6816
150079,143263,6816
150080,143264,6816
150081,143265,6816
150083,143267,6816
150085,143269,6816
150086,143270,6816
150088,143272,6816
150089,143273,6816
150091,143275,6816
150092,143276,6816
150094,143278,6816
150096,143280,6816
150098,143282,6816
150099,143283,6816
150101,143285,6816
150102,143286,6816
150104,143288,6816
150105,143289,6816
150107,143291,6816
150108,143292,6816
150109,143293,6816
150110,143294,6816
150111,143295,6816
150112,143296,6816
150113,143297,6816
150114,143298,6816
150115,143299,6816
150116,143300,6816
150117,143301,6816
150118,143302,6816
150119,143303,6816
150120,143304,6816
150121,143305,6816
150123,143307,6816
150124,143308,6816
150125,143309,6816
150126,143310,6816
150128,143312,6816
150129,143313,6816
150130,143314,6816
150132,143316,6816
150134,143318,6816
150135,143319,6816
150137,143321,6816
150139,143323,6816
150141,143325,6816
150142,143326,6816
150143,143327,6816
150144,143328,6816
150145,143329,6816
150146,143330,6816
150148,143332,6816
150149,143333,6816
150151,143335,6816
150153,143337,6816
150155,143339,6816
150156,143340,6816
150158,143342,6816
150159,143343,6816
150161,143345,6816
150162,143346,6816
150163,143347,6816
150164,143348,6816
150166,143350,6816
150168,143352,6816
150169,143353,6816
150170,143354,6816
150171,143355,6816
150173,143357,6816
150175,143359,6816
150176,143360,6816
150178,143362,6816
150179,143363,6816
150180,143364,6816
150181,143365,6816
150183,143367,6816
150184,143368,6816
150185,143369,6816
150186,143370,6816
150187,143371,6816
150189,143373,6816
150190,143374,6816
150191,143375,6816
150192,143376,6816
150194,143378,6816
150195,143379,6816
150196,143380,6816
150197,143381,6816
150198,143382,6816
150200,143384,6816
150202,143386,6816
150203,143387,6816
150205,143389,6816
150206,143390,6816
150207,143391,6816
150208,143392,6816
150209,143393,6816
150211,143395,6816
150213,143397,6816
150214,143398,6816
150215,143399,6816
150216,143400,6816
150217,143401,6816
150219,143403,6816
150221,143405,6816
150222,143406,6816
150223,143407,6816
150224,143408,6816
150226,143410,6816
150228,143412,6816
150229,143413,6816
150230,143414,6816
150231,143415,6816
150233,143417,6816
150234,143418,6816
150236,143420,6816
150238,143422,6816
150240,143424,6816
150241,143425,6816
150242,143426,6816
150243,143427,6816
150245,143429,6816
150246,143430,6816
150247,143431,6816
150248,143432,6816
150249,143433,6816
150250,143434,6816
150252,143436,6816
150253,143437,6816
150255,143439,6816
150257,143441,6816
150258,143442,6816
150259,143443,6816
150260,143444,6816
150261,143445,6816
150262,143446,6816
150263,143447,6816
150264,143448,6816
150266,143450,6816
150267,143451,6816
150269,143453,6816
150270,143454,6816
150271,143455,6816
150272,143456,6816
150273,143457,6816
150275,143459,6816
150276,143460,6816
150277,143461,6816
150278,143462,6816
150280,143464,6816
150282,143466,6816
150283,143467,6816
150284,143468,6816
150285,143469,6816
150286,143470,6816
150288,143472,6816
150289,143473,6816
150291,143475,6816
150292,143476,6816
150293,143477,6816
150294,143478,6816
150295,143479,6816
150297,143481,6816
150299,143483,6816
150301,143485,6816
150302,143486,6816
150303,143487,6816
150304,143488,6816
150306,143490,6816
150308,143492,6816
150310,143494,6816
150311,143495,6816
150312,143496,6816
150314,143498,6816
150316,143500,6816
150317,143501,6816
150318,143502,6816
150319,143503,6816
150321,143505,6816
150322,143506,6816
150323,143507,6816
150325,143509,6816
150326,143510,6816
150327,143511,6816
150328,143512,6816
150329,143513,6816
150331,143515,6816
150332,143516,6816
150333,143517,6816
150334,143518,6816
150335,143519,6816
150336,143520,6816
150338,143522,6816
150339,143523,6816
150341,143525,6816
150343,143527,6816
150344,143528,6816
150345,143529,6816
150346,143530,6816
150347,143531,6816
150348,143532,6816
150350,143534,6816
150351,143535,6816
150353,143537,6816
150354,143538,6816
150356,143540,6816
150357,143541,6816
150358,143542,6816
150359,143543,6816
150360,143544,6816
150362,143546,6816
150363,143547,6816
150364,143548,6816
150365,143549,6816
150367,143551,6816
150369,143553,6816
150370,143554,6816
150371,143555,6816
150372,143556,6816
150373,143557,6816
150375,143559,6816
150376,143560,6816
150378,143562,6816
150379,143563,6816
150380,143564,6816
150382,143566,6816
150383,143567,6816
150385,143569,6816
150387,143571,6816
150389,143573,6816
150390,143574,6816
150392,143576,6816
150393,143577,6816
150395,143579,6816
150397,143581,6816
150399,143583,6816
150400,143584,6816
150401,143585,6816
150403,143587,6816
150405,143589,6816
150406,143590,6816
150407,143591,6816
150408,143592,6816
150410,143594,6816
150411,143595,6816
150412,143595,6817
150414,143597,6817
150415,143598,6817
150416,143599,6817
150417,143600,6817
150418,143601,6817
150420,143603,6817
150421,143604,6817
150422,143605,6817
150423,143606,6817
150424,143607,6817
150425,143608,6817
150427,143610,6817
150428,143611,6817
150430,143613,6817
150432,143615,6817
150433,143616,6817
150434,143617,6817
150435,143618,6817
150436,143619,6817
150437,143620,6817
150438,143621,6817
150439,143622,6817
150440,143623,6817
150441,143624,6817
150443,143626,6817
150444,143627,6817
150445,143628,6817
150446,143629,6817
150447,143630,6817
150449,143632,6817
150450,143633,6817
150451,143634,6817
150452,143635,6817
150454,143637,6817
150455,143638,6817
150456,143639,6817
150457,143640,6817
150458,143641,6817
150460,143643,6817
150462,143645,6817
150463,143646,6817
150465,143648,6817
150466,143649,6817
150467,143650,6817
150469,143652,6817
150470,143653,6817
150472,143655,6817
150474,143657,6817
150475,143658,6817
150476,143659,6817
150478,143661,6817
150479,143662,6817
150481,143664,6817
150483,143666,6817
150484,143667,6817
150485,143668,6817
150486,143669,6817
150488,143671,6817
150490,143673,6817
150491,143674,6817
150492,143675,6817
150493,143676,6817
150495,143678,6817
150496,143679,6817
150498,143680,6818
150500,143682,6818
150502,143684,6818
150503,143685,6818
150504,143686,6818
150505,143687,6818
150507,143689,6818
150508,143690,6818
150509,143691,6818
150510,143692,6818
150511,143693,6818
150512,143694,6818
150514,143696,6818
150515,143697,6818
150517,143699,6818
150519,143701,6818
150520,143702,6818
150521,143703,6818
150522,143704,6818
150523,143705,6818
150524,143706,6818
150526,143708,6818
150527,143709,6818
150528,143710,6818
150529,143711,6818
150530,143712,6818
150531,143713,6818
150532,143714,6818
150533,143715,6818
150534,143716,6818
150535,143717,6818
150536,143718,6818
150538,143720,6818
150539,143721,6818
150540,143722,6818
150541,143723,6818
150543,143725,6818
150544,143726,6818
150545,143727,6818
150546,143728,6818
150547,143729,6818
150549,143731,6818
150550,143732,6818
150551,143733,6818
150552,143734,6818
150553,143735,6818
150555,143737,6818
150556,143738,6818
150557,143739,6818
150558,143740,6818
150559,143741,6818
150560,143742,6818
150561,143743,6818
150563,143745,6818
150564,143746,6818
150565,143747,6818
150566,143748,6818
150567,143749,6818
150568,143750,6818
150569,143751,6818
150570,143752,6818
150572,143754,6818
150573,143755,6818
150574,143756,6818
150575,143757,6818
150576,143758,6818
150578,143760,6818
150579,143761,6818
150581,143763,6818
150582,143764,6818
150584,143766,6818
150586,143768,6818
150588,143770,6818
150589,143771,6818
150591,143773,6818
150592,143774,6818
150594,143776,6818
150596,143778,6818
150597,143779,6818
150598,143780,6818
150600,143782,6818
150601,143783,6818
150603,143785,6818
150604,143786,6818
150605,143787,6818
150606,143788,6818
150607,143789,6818
150609,143791,6818
150610,143792,6818
150612,143794,6818
150613,143795,6818
150615,143797,6818
150616,143798,6818
150618,143799,6819
150619,143800,6819
150620,143801,6819
150622,143803,6819
150623,143804,6819
150624,143805,6819
150625,143806,6819
150626,143807,6819
150628,143808,6820
150629,143809,6820
150630,143810,6820
150632,143812,6820
150633,143813,6820
150634,143814,6820
150635,143815,6820
150637,143817,6820
150638,143818,6820
150640,143819,6821
150641,143820,6821
150642,143821,6821
150644,143823,6821
150645,143824,6821
150646,143825,6821
150647,143826,6821
150649,143828,6821
150650,143829,6821
150651,143830,6821
150652,143831,6821
150653,143832,6821
150654,143833,6821
150656,143835,6821
150657,143836,6821
150658,143837,6821
150659,143838,6821
150661,143840,6821
150662,143841,6821
150663,143842,6821
150664,143843,6821
150666,143845,6821
150667,143846,6821
150668,143846,6822
150669,143847,6822
150670,143848,6822
150672,143850,6822
150673,143851,6822
150675,143853,6822
150677,143855,6822
150678,143856,6822
150679,143857,6822
150681,143859,6822
150682,143860,6822
150683,143861,6822
150684,143862,6822
150686,143864,6822
150687,143865,6822
150688,143866,6822
150689,143867,6822
150691,143869,6822
150692,143870,6822
150693,143871,6822
150694,143872,6822
150696,143874,6822
150697,143875,6822
150698,143876,6822
150699,143877,6822
150700,143878,6822
150701,143879,6822
150703,143881,6822
150704,143882,6822
150705,143883,6822
150706,143884,6822
150708,143886,6822
150710,143888,6822
150711,143889,6822
150712,143890,6822
150713,143891,6822
150715,143893,6822
150717,143895,6822
150718,143896,6822
150719,143897,6822
150721,143899,6822
150722,143900,6822
150724,143902,6822
150726,143904,6822
150727,143905,6822
150728,143906,6822
150730,143908,6822
150731,143909,6822
150733,143911,6822
150734,143912,6822
150735,143913,6822
150737,143915,6822
150738,143916,6822
150740,143918,6822
150741,143919,6822
150743,143921,6822
150744,143922,6822
150746,143924,6822
150747,143925,6822
150749,143927,6822
150750,143928,6822
150751,143929,6822
150752,143930,6822
150753,143931,6822
150755,143933,6822
150756,143933,6823
150757,143934,6823
150759,143936,6823
150760,143937,6823
150762,143939,6823
150764,143941,6823
150766,143943,6823
150767,143944,6823
150769,143946,6823
150770,143947,6823
150772,143949,6823
150773,143950,6823
150774,143951,6823
150776,143953,6823
150777,143954,6823
150778,143955,6823
150779,143956,6823
150780,143957,6823
150782,143959,6823
150783,143960,6823
150784,143961,6823
150785,143962,6823
150786,143963,6823
150787,143964,6823
150788,143965,6823
150789,143966,6823
150790,143967,6823
150792,143969,6823
150793,143970,6823
150794,143971,6823
150795,143972,6823
150796,143973,6823
150797,143974,6823
150798,143975,6823
150799,143976,6823
150800,143977,6823
150802,143979,6823
150803,143980,6823
150804,143981,6823
150805,143982,6823
150806,143983,6823
150807,143984,6823
150808,143985,6823
150809,143986,6823
150810,143987,6823
150812,143989,6823
150813,143990,6823
150814,143991,6823
150815,143992,6823
150816,143993,6823
150817,143994,6823
150818,143995,6823
150819,143996,6823
150820,143997,6823
150822,143999,6823
150823,144000,6823
150824,144001,6823
150825,144002,6823
150826,144003,6823
150827,144004,6823
150828,144005,6823
150829,144006,6823
150830,144007,6823
150832,144009,6823
150833,144010,6823
150835,144011,6824
150836,144012,6824
150837,144013,6824
150838,144014,6824
150839,144015,6824
150840,144016,6824
150841,144017,6824
150843,144019,6824
150844,144020,6824
150845,144021,6824
150846,144022,6824
150847,144023,6824
150848,144024,6824
150849,144025,6824
150850,144026,6824
150851,144027,6824
150853,144029,6824
150854,144030,6824
150855,144031,6824
150856,144032,6824
150857,144033,6824
150858,144034,6824
150859,144035,6824
150860,144036,6824
150861,144037,6824
150863,144039,6824
150864,144040,6824
150865,144041,6824
150866,144042,6824
150867,144043,6824
150868,144044,6824
150869,144045,6824
150870,144046,6824
150871,144047,6824
150873,144049,6824
150874,144050,6824
150875,144051,6824
150876,144052,6824
150877,144053,6824
150878,144054,6824
150879,144055,6824
150880,144056,6824
150881,144057,6824
150883,144059,6824
150884,144060,6824
150885,144061,6824
150886,144062,6824
150887,144063,6824
150888,144064,6824
150889,144065,6824
150890,144066,6824
150891,144067,6824
150893,144069,6824
150894,144070,6824
150895,144071,6824
150896,144072,6824
150897,144073,6824
150898,144074,6824
150899,144075,6824
150900,144076,6824
150901,144077,6824
150903,144079,6824
150904,144080,6824
150905,144081,6824
150906,144082,6824
150907,144083,6824
150908,144084,6824
150909,144085,6824
150910,144086,6824
150911,144087,6824
150913,144089,6824
150914,144090,6824
150915,144091,6824
150916,144092,6824
150917,144093,6824
150918,144094,6824
150920,144096,6824
150922,144098,6824
150923,144099,6824
150924,144100,6824
150926,144102,6824
150928,144104,6824
150929,144105,6824
150930,144106,6824
150932,144108,6824
150933,144109,6824
150934,144110,6824
150935,144111,6824
150937,144113,6824
150939,144115,6824
150941,144117,6824
150942,144118,6824
150943,144119,6824
150945,144121,6824
150947,144123,6824
150948,144124,6824
150949,144125,6824
150951,144127,6824
150953,144129,6824
150954,144130,6824
150956,144132,6824
150958,144134,6824
150959,144135,6824
150961,144137,6824
150963,144139,6824
150965,144141,6824
150966,144142,6824
150967,144143,6824
150969,144145,6824
150971,144147,6824
150972,144148,6824
150974,144150,6824
150976,144152,6824
150977,144153,6824
150978,144154,6824
150980,144156,6824
150981,144157,6824
150983,144159,6824
150984,144160,6824
150985,144161,6824
150987,144163,6824
150989,144165,6824
150990,144166,6824
150992,144168,6824
150993,144169,6824
150995,144171,6824
150996,144172,6824
150998,144174,6824
151000,144176,6824
151002,144178,6824
151003,144179,6824
151005,144181,6824
151006,144182,6824
151008,144184,6824
151009,144185,6824
151011,144187,6824
151012,144188,6824
151013,144189,6824
151014,144190,6824
151015,144191,6824
151016,144192,6824
151017,144193,6824
151018,144194,6824
151019,144195,6824
151020,144196,6824
151021,144197,6824
151022,144198,6824
151023,144199,6824
151024,144200,6824
151025,144201,6824
151027,144203,6824
151028,144204,6824
151029,144205,6824
151030,144206,6824
151032,144208,6824
151033,144209,6824
151034,144210,6824
151036,144212,6824
151038,144214,6824
151039,144215,6824
151041,144217,6824
151043,144219,6824
151045,144221,6824
151046,144222,6824
151047,144223,6824
151048,144224,6824
151049,144225,6824
151050,144226,6824
151052,144228,6824
151053,144229,6824
151055,144231,6824
151057,144233,6824
151059,144235,6824
151060,144236,6824
151062,144238,6824
151063,144239,6824
151065,144241,6824
151066,144242,6824
151067,144243,6824
151068,144244,6824
151070,144246,6824
151072,144248,6824
151073,144249,6824
151074,144250,6824
151075,144251,6824
151077,144253,6824
151079,144255,6824
151080,144256,6824
151082,144258,6824
151083,144259,6824
151084,144260,6824
151085,144261,6824
151087,144263,6824
151088,144264,6824
151089,144265,6824
151090,144266,6824
151091,144267,6824
151093,144269,6824
151094,144270,6824
151095,144271,6824
151096,144272,6824
151098,144274,6824
151099,144275,6824
151100,144276,6824
151101,144277,6824
151102,144278,6824
151104,144280,6824
151106,144282,6824
151107,144283,6824
151109,144285,6824
151110,144286,6824
151111,144287,6824
151112,144288,6824
151113,144289,6824
151115,144291,6824
151117,144293,6824
151118,144294,6824
151119,144295,6824
151120,144296,6824
151121,144297,6824
151123,144299,6824
151125,144301,6824
151126,144302,6824
151127,144303,6824
151128,144304,6824
151130,144306,6824
151132,144308,6824
151133,144309,6824
151134,144310,6824
151135,144311,6824
151137,144313,6824
151138,144314,6824
151140,144316,6824
151142,144318,6824
151144,144320,6824
151145,144321,6824
151146,144322,6824
151147,144323,6824
151149,144325,6824
151150,144326,6824
151151,144327,6824
151152,144328,6824
151153,144329,6824
151154,144330,6824
151156,144332,6824
151157,144333,6824
151159,144335,6824
151161,144337,6824
151162,144338,6824
151163,144339,6824
151164,144340,6824
151165,144341,6824
151166,144342,6824
151167,144343,6824
151168,144344,6824
151170,144346,6824
151171,144347,6824
151173,144349,6824
151174,144350,6824
151175,144351,6824
151176,144352,6824
151177,144353,6824
151179,144355,6824
151180,144356,6824
151181,144357,6824
151182,144358,6824
151184,144360,6824
151186,144362,6824
151187,144363,6824
151188,144364,6824
151189,144365,6824
151190,144366,6824
151192,144368,6824
151193,144369,6824
151195,144371,6824
151196,144372,6824
151197,144373,6824
151198,144374,6824
151199,144375,6824
151201,144377,6824
151203,144379,6824
151205,144381,6824
151206,144382,6824
151207,144383,6824
151208,144384,6824
151210,144386,6824
151212,144388,6824
151214,144390,6824
151215,144391,6824
151216,144392,6824
151218,144394,6824
151220,144396,6824
151221,144397,6824
151222,144398,6824
151223,144399,6824
151225,144401,6824
151226,144402,6824
151227,144403,6824
151229,144405,6824
151230,144406,6824
151231,144407,6824
151232,144408,6824
151233,144409,6824
151235,144411,6824
151236,144412,6824
151237,144413,6824
151238,144414,6824
151239,144415,6824
151240,144416,6824
151242,144418,6824
151243,144419,6824
151245,144421,6824
151247,144423,6824
151248,144424,6824
151249,144425,6824
151250,144426,6824
151251,144427,6824
151252,144428,6824
151254,144430,6824
151255,144431,6824
151257,144433,6824
151258,144434,6824
151260,144436,6824
151261,144437,6824
151262,144438,6824
151263,144439,6824
151264,144440,6824
151266,144442,6824
151267,144443,6824
151268,144444,6824
151269,144445,6824
151271,144447,6824
151273,144449,6824
151274,144450,6824
151275,144451,6824
151276,144452,6824
151277,144453,6824
151279,144455,6824
151280,144456,6824
151282,144458,6824
151283,144459,6824
151284,144460,6824
151286,144462,6824
151287,144463,6824
151289,144465,6824
151291,144467,6824
151293,144469,6824
151294,144470,6824
151296,144472,6824
151297,144473,6824
151299,144475,6824
151301,144477,6824
151303,144479,6824
151304,144480,6824
151305,144481,6824
151307,144483,6824
151309,144485,6824
151310,144486,6824
151311,144487,6824
151312,144488,6824
151314,144490,6824
151315,144491,6824
151317,144492,6825
151319,144494,6825
151320,144495,6825
151321,144496,6825
151322,144497,6825
151323,144498,6825
151325,144500,6825
151326,144501,6825
151327,144502,6825
151328,144503,6825
151329,144504,6825
151330,144505,6825
151332,144507,6825
151333,144508,6825
151335,144510,6825
151337,144512,6825
151338,144513,6825
151339,144514,6825
151340,144515,6825
151341,144516,6825
151342,144517,6825
151343,144518,6825
151344,144519,6825
151345,144520,6825
151346,144521,6825
151348,144523,6825
151349,144524,6825
151350,144525,6825
151351,144526,6825
151352,144527,6825
151354,144529,6825
151355,144530,6825
151356,144531,6825
151357,144532,6825
151359,144534,6825
151360,144535,6825
151361,144536,6825
151362,144537,6825
151363,144538,6825
151365,144540,6825
151367,144542,6825
151368,144543,6825
151370,144545,6825
151371,144546,6825
151372,144547,6825
151374,144549,6825
151375,144550,6825
151377,144552,6825
151379,144554,6825
151380,144555,6825
151381,144556,6825
151383,144558,6825
151384,144559,6825
151386,144561,6825
151388,144563,6825
151389,144564,6825
151390,144565,6825
151391,144566,6825
151393,144568,6825
151395,144570,6825
151396,144571,6825
151397,144572,6825
151398,144573,6825
151400,144575,6825
151401,144576,6825
151402,144577,6825
151404,144579,6825
151406,144581,6825
151407,144582,6825
151408,144583,6825
151409,144584,6825
151411,144586,6825
151412,144587,6825
151413,144588,6825
151414,144589,6825
151415,144590,6825
151416,144591,6825
151418,144593,6825
151419,144594,6825
151421,144596,6825
151423,144598,6825
151424,144599,6825
151425,144600,6825
151426,144601,6825
151427,144602,6825
151428,144603,6825
151430,144605,6825
151431,144606,6825
151432,144607,6825
151433,144608,6825
151434,144609,6825
151435,144610,6825
151436,144611,6825
151437,144612,6825
151438,144613,6825
151439,144614,6825
151440,144615,6825
151442,144617,6825
151443,144618,6825
151444,144619,6825
151445,144620,6825
151447,144622,6825
151448,144623,6825
151449,144624,6825
151450,144625,6825
151451,144626,6825
151453,144628,6825
151454,144629,6825
151455,144630,6825
151456,144631,6825
151457,144632,6825
151459,144634,6825
151460,144635,6825
151461,144636,6825
151462,144637,6825
151463,144638,6825
151464,144639,6825
151465,144640,6825
151467,144642,6825
151468,144643,6825
151469,144644,6825
151470,144645,6825
151471,144646,6825
151472,144647,6825
151473,144648,6825
151474,144649,6825
151476,144651,6825
151477,144652,6825
151478,144653,6825
151479,144654,6825
151480,144655,6825
151482,144657,6825
151483,144658,6825
151485,144660,6825
151486,144661,6825
151488,144663,6825
151490,144665,6825
151492,144667,6825
151493,144668,6825
151495,144670,6825
151496,144671,6825
151498,144673,6825
151500,144675,6825
151501,144676,6825
151502,144677,6825
151504,144679,6825
151505,144680,6825
151507,144682,6825
151508,144683,6825
151509,144684,6825
151510,144685,6825
151511,144686,6825
151513,144688,6825
151514,144689,6825
151516,144691,6825
151517,144692,6825
151519,144694,6825
151520,144695,6825
151522,144697,6825
151523,144698,6825
151524,144699,6825
151526,144701,6825
151527,144702,6825
151528,144703,6825
151529,144704,6825
151530,144705,6825
151531,144706,6825
151532,144707,6825
151534,144709,6825
151536,144711,6825
151537,144712,6825
151538,144713,6825
151539,144714,6825
151541,144716,6825
151542,144717,6825
151543,144718,6825
151544,144719,6825
151545,144720,6825
151547,144721,6826
151548,144722,6826
151549,144723,6826
151550,144724,6826
151551,144725,6826
151552,144726,6826
151554,144728,6826
151556,144730,6826
151557,144731,6826
151558,144732,6826
151559,144733,6826
151561,144735,6826
151563,144737,6826
151564,144738,6826
151565,144739,6826
151566,144740,6826
151567,144741,6826
151568,144742,6826
151570,144744,6826
151572,144746,6826
151573,144747,6826
151574,144748,6826
151575,144749,6826
151576,144750,6826
151578,144752,6826
151579,144753,6826
151580,144754,6826
151581,144755,6826
151582,144756,6826
151583,144757,6826
151584,144757,6827
151585,144758,6827
151586,144759,6827
151588,144761,6827
151589,144762,6827
151590,144763,6827
151592,144765,6827
151594,144767,6827
151595,144768,6827
151597,144770,6827
151598,144770,6828
151599,144771,6828
151600,144772,6828
151601,144773,6828
151603,144775,6828
151605,144777,6828
151606,144778,6828
151607,144779,6828
151608,144780,6828
151609,144781,6828
151610,144782,6828
151611,144783,6828
151612,144784,6828
151613,144785,6828
151615,144787,6828
151617,144789,6828
151618,144790,6828
151620,144792,6828
151621,144793,6828
151622,144794,6828
151623,144795,6828
151624,144796,6828
151626,144798,6828
151627,144799,6828
151628,144800,6828
151630,144802,6828
151632,144804,6828
151633,144805,6828
151634,144805,6829
151635,144806,6829
151637,144808,6829
151638,144809,6829
151640,144810,6830
151642,144812,6830
151643,144813,6830
151644,144814,6830
151646,144815,6831
151648,144817,6831
151649,144818,6831
151650,144819,6831
151651,144820,6831
151652,144821,6831
151653,144822,6831
151654,144823,6831
151656,144825,6831
151657,144826,6831
151658,144827,6831
151660,144829,6831
151661,144830,6831
151662,144831,6831
151664,144833,6831
151665,144834,6831
151666,144835,6831
151667,144836,6831
151668,144837,6831
151670,144839,6831
151672,144841,6831
151673,144842,6831
151675,144844,6831
151676,144845,6831
151677,144846,6831
151678,144847,6831
151679,144848,6831
151681,144850,6831
151682,144851,6831
151684,144853,6831
151685,144854,6831
151687,144856,6831
151689,144858,6831
151691,144860,6831
151692,144861,6831
151694,144863,6831
151695,144864,6831
151697,144866,6831
151698,144867,6831
151700,144869,6831
151702,144871,6831
151704,144871,6833
151705,144872,6833
151707,144874,6833
151708,144875,6833
151709,144876,6833
151710,144877,6833
151711,144878,6833
151712,144879,6833
151713,144880,6833
151714,144881,6833
151716,144883,6833
151717,144884,6833
151718,144885,6833
151720,144886,6834
151721,144887,6834
151722,144888,6834
151724,144890,6834
151725,144891,6834
151726,144892,6834
151727,144893,6834
151729,144895,6834
151730,144896,6834
151731,144897,6834
151733,144897,6836
151734,144898,6836
151735,144899,6836
151737,144901,6836
151738,144902,6836
151739,144903,6836
151740,144904,6836
151742,144906,6836
151743,144907,6836
151745,144909,6836
151746,144910,6836
151747,144911,6836
151748,144912,6836
151750,144914,6836
151751,144915,6836
151753,144917,6836
151754,144918,6836
151756,144920,6836
151757,144921,6836
151759,144923,6836
151761,144925,6836
151762,144926,6836
151764,144928,6836
151765,144929,6836
151767,144931,6836
151768,144932,6836
151769,144933,6836
151770,144934,6836
151771,144935,6836
151772,144936,6836
151774,144938,6836
151775,144939,6836
151777,144940,6837
151778,144941,6837
151779,144942,6837
151781,144944,6837
151782,144945,6837
151783,144946,6837
151784,144947,6837
151785,144948,6837
151787,144950,6837
151788,144951,6837
151789,144952,6837
151790,144953,6837
151792,144955,6837
151793,144956,6837
151795,144956,6839
151796,144957,6839
151797,144958,6839
151798,144959,6839
151800,144961,6839
151801,144962,6839
151802,144963,6839
151803,144964,6839
151805,144965,6840
151807,144967,6840
151809,144969,6840
151810,144970,6840
151812,144972,6840
151813,144973,6840
151814,144974,6840
151815,144975,6840
151817,144977,6840
151818,144978,6840
151819,144979,6840
151820,144980,6840
151821,144981,6840
151822,144982,6840
151823,144983,6840
151825,144985,6840
151826,144986,6840
151827,144987,6840
151828,144987,6841
151829,144988,6841
151830,144988,6842
151831,144989,6842
151833,144989,6844
151835,144991,6844
151836,144992,6844
151837,144993,6844
151838,144994,6844
151840,144996,6844
151842,144997,6845
151843,144998,6845
151844,144999,6845
151846,145001,6845
151847,145002,6845
151848,145003,6845
151849,145004,6845
151850,145005,6845
151852,145007,6845
151853,145008,6845
151855,145010,6845
151856,145011,6845
151857,145012,6845
151858,145013,6845
151859,145013,6846
151860,145014,6846
151862,145016,6846
151863,145017,6846
151864,145018,6846
151866,145020,6846
151867,145021,6846
151868,145022,6846
151869,145023,6846
151870,145024,6846
151871,145025,6846
151872,145026,6846
151874,145028,6846
151875,145029,6846
151877,145031,6846
151878,145032,6846
151880,145034,6846
151881,145035,6846
151883,145037,6846
151884,145038,6846
151886,145040,6846
151887,145041,6846
151889,145043,6846
151890,145044,6846
151891,145045,6846
151892,145046,6846
151893,145047,6846
151895,145049,6846
151896,145050,6846
151897,145050,6847
151898,145051,6847
151900,145052,6848
151902,145054,6848
151904,145054,6850
151905,145055,6850
151906,145055,6851
151907,145056,6851
151908,145057,6851
151910,145059,6851
151911,145060,6851
151912,145061,6851
151913,145062,6851
151915,145064,6851
151916,145065,6851
151918,145066,6852
151919,145067,6852
151921,145069,6852
151922,145070,6852
151923,145071,6852
151925,145072,6853
151926,145073,6853
151927,145073,6854
151929,145075,6854
151930,145075,6855
151931,145076,6855
151932,145077,6855
151933,145078,6855
151935,145080,6855
151936,145081,6855
151937,145082,6855
151939,145084,6855
151941,145086,6855
151943,145088,6855
151944,145089,6855
151945,145090,6855
151946,145091,6855
151948,145093,6855
151949,145094,6855
151950,145095,6855
151952,145097,6855
151953,145098,6855
151954,145099,6855
151955,145100,6855
151956,145101,6855
151958,145103,6855
151960,145105,6855
151961,145106,6855
151963,145108,6855
151964,145109,6855
151966,145111,6855
151968,145113,6855
151969,145114,6855
151971,145116,6855
151973,145118,6855
151974,145119,6855
151975,145120,6855
151977,145122,6855
151979,145124,6855
151980,145125,6855
151981,145126,6855
151982,145127,6855
151983,145128,6855
151985,145129,6856
151986,145130,6856
151988,145132,6856
151989,145133,6856
151990,145134,6856
151991,145135,6856
151992,145136,6856
151993,145137,6856
151994,145138,6856
151996,145140,6856
151998,145142,6856
151999,145143,6856
152000,145144,6856
152002,145146,6856
152003,145147,6856
152005,145149,6856
152006,145150,6856
152007,145151,6856
152008,145152,6856
152009,145153,6856
152011,145155,6856
152012,145156,6856
152013,145157,6856
152015,145157,6858
152016,145157,6859
152017,145158,6859
152018,145159,6859
152019,145160,6859
152020,145161,6859
152022,145163,6859
152023,145163,6860
152024,145164,6860
152025,145165,6860
152027,145167,6860
152028,145168,6860
152029,145169,6860
152030,145169,6861
152031,145170,6861
152032,145171,6861
152034,145173,6861
152035,145174,6861
152037,145176,6861
152039,145178,6861
152040,145179,6861
152041,145180,6861
152042,145181,6861
152044,145183,6861
152045,145184,6861
152047,145184,6863
152048,145185,6863
152049,145186,6863
152051,145188,6863
152052,145189,6863
152053,145190,6863
152054,145191,6863
152055,145192,6863
152057,145194,6863
152058,145195,6863
152059,145196,6863
152060,145197,6863
152062,145199,6863
152064,145200,6864
152065,145201,6864
152066,145201,6865
152067,145202,6865
152068,145203,6865
152070,145205,6865
152071,145206,6865
152072,145207,6865
152073,145208,6865
152074,145209,6865
152076,145211,6865
152077,145212,6865
152078,145213,6865
152080,145215,6865
152081,145216,6865
152082,145216,6866
152083,145217,6866
152084,145218,6866
152086,145220,6866
152087,145221,6866
152088,145221,6867
152089,145222,6867
152091,145224,6867
152092,145225,6867
152093,145226,6867
152095,145228,6867
152096,145229,6867
152097,145230,6867
152098,145231,6867
152100,145233,6867
152101,145234,6867
152102,145235,6867
152103,145236,6867
152105,145238,6867
152106,145239,6867
152107,145240,6867
152108,145241,6867
152110,145243,6867
152111,145244,6867
152112,145245,6867
152113,145246,6867
152115,145248,6867
152116,145249,6867
152117,145250,6867
152119,145252,6867
152120,145253,6867
152121,145254,6867
152122,145255,6867
152123,145256,6867
152125,145258,6867
152126,145258,6868
152127,145259,6868
152128,145260,6868
152129,145261,6868
152130,145262,6868
152131,145263,6868
152133,145265,6868
152134,145266,6868
152135,145267,6868
152136,145268,6868
152137,145269,6868
152139,145271,6868
152141,145273,6868
152142,145274,6868
152144,145276,6868
152145,145277,6868
152147,145279,6868
152149,145281,6868
152150,145282,6868
152151,145283,6868
152152,145284,6868
152153,145285,6868
152155,145287,6868
152156,145288,6868
152158,145290,6868
152159,145291,6868
152160,145292,6868
152162,145294,6868
152163,145295,6868
152165,145297,6868
152166,145298,6868
152168,145300,6868
152169,145301,6868
152171,145303,6868
152172,145304,6868
152174,145306,6868
152175,145307,6868
152176,145308,6868
152177,145309,6868
152178,145310,6868
152180,145312,6868
152181,145312,6869
152182,145313,6869
152184,145315,6869
152185,145316,6869
152187,145318,6869
152189,145320,6869
152191,145322,6869
152192,145323,6869
152194,145325,6869
152195,145326,6869
152197,145328,6869
152198,145329,6869
152199,145330,6869
152201,145332,6869
152202,145333,6869
152203,145334,6869
152204,145335,6869
152205,145336,6869
152207,145338,6869
152208,145339,6869
152209,145340,6869
152210,145341,6869
152211,145342,6869
152212,145343,6869
152213,145344,6869
152214,145345,6869
152215,145346,6869
152217,145348,6869
152218,145349,6869
152220,145350,6870
152221,145351,6870
152222,145352,6870
152223,145353,6870
152224,145354,6870
152225,145355,6870
152226,145356,6870
152228,145358,6870
152229,145359,6870
152230,145360,6870
152231,145361,6870
152232,145362,6870
152233,145363,6870
152234,145364,6870
152235,145365,6870
152236,145366,6870
152238,145368,6870
152239,145369,6870
152240,145370,6870
152241,145371,6870
152242,145372,6870
152243,145373,6870
152244,145374,6870
152245,145375,6870
152246,145376,6870
152248,145378,6870
152249,145379,6870
152250,145380,6870
152251,145381,6870
152252,145382,6870
152253,145383,6870
152254,145384,6870
152255,145385,6870
152256,145386,6870
152258,145388,6870
152259,145389,6870
152260,145390,6870
152261,145391,6870
152262,145392,6870
152263,145393,6870
152264,145394,6870
152265,145395,6870
152266,145396,6870
152268,145398,6870
152269,145399,6870
152270,145400,6870
152271,145401,6870
152272,145402,6870
152273,145403,6870
152274,145404,6870
152275,145405,6870
152276,145406,6870
152278,145408,6870
152279,145409,6870
152280,145410,6870
152281,145411,6870
152282,145412,6870
152283,145413,6870
152284,145414,6870
152285,145415,6870
152286,145416,6870
152288,145418,6870
152289,145419,6870
152290,145420,6870
152291,145421,6870
152292,145422,6870
152293,145423,6870
152294,145424,6870
152295,145425,6870
152296,145426,6870
152298,145428,6870
152299,145429,6870
152300,145430,6870
152301,145431,6870
152302,145432,6870
152303,145433,6870
152304,145434,6870
152305,145435,6870
152306,145436,6870
152308,145438,6870
152309,145439,6870
152310,145440,6870
152311,145441,6870
152312,145442,6870
152313,145443,6870
152314,145444,6870
152315,145445,6870
152316,145446,6870
152318,145448,6870
152319,145449,6870
152320,145450,6870
152321,145451,6870
152322,145452,6870
152323,145453,6870
152324,145454,6870
152325,145455,6870
152326,145456,6870
152328,145458,6870
152329,145459,6870
152330,145460,6870
152331,145461,6870
152332,145462,6870
152333,145463,6870
152334,145464,6870
152335,145465,6870
152336,145466,6870
152338,145468,6870
152339,145469,6870
152340,145470,6870
152341,145471,6870
152342,145472,6870
152343,145473,6870
152345,145475,6870
152347,145477,6870
152348,145478,6870
152349,145479,6870
152351,145481,6870
152353,145483,6870
152354,145484,6870
152355,145485,6870
152357,145487,6870
152358,145488,6870
152359,145489,6870
152360,145490,6870
152362,145492,6870
152364,145494,6870
152366,145496,6870
152367,145497,6870
152368,145498,6870
152369,145498,6871
152371,145500,6871
152372,145501,6871
152373,145502,6871
152375,145504,6871
152377,145506,6871
152378,145507,6871
152380,145509,6871
152382,145511,6871
152383,145512,6871
152385,145514,6871
152387,145516,6871
152389,145518,6871
152390,145519,6871
152391,145520,6871
152393,145522,6871
152395,145524,6871
152396,145525,6871
152398,145527,6871
152400,145529,6871
152401,145530,6871
152402,145531,6871
152404,145533,6871
152405,145534,6871
152407,145536,6871
152408,145537,6871
152409,145538,6871
152411,145540,6871
152413,145542,6871
152414,145543,6871
152416,145545,6871
152417,145546,6871
152419,145548,6871
152420,145549,6871
152422,145551,6871
152424,145553,6871
152426,145555,6871
152427,145556,6871
152429,145558,6871
152430,145559,6871
152432,145561,6871
152433,145562,6871
152435,145564,6871
152436,145565,6871
152437,145566,6871
152438,145567,6871
152439,145568,6871
152440,145569,6871
152441,145570,6871
152442,145571,6871
152443,145572,6871
152444,145573,6871
152445,145574,6871
152446,145575,6871
152447,145576,6871
152448,145577,6871
152449,145578,6871
152451,145580,6871
152452,145581,6871
152453,145582,6871
152454,145583,6871
152456,145585,6871
152457,145586,6871
152458,145587,6871
152460,145589,6871
152462,145591,6871
152463,145592,6871
152465,145594,6871
152467,145596,6871
152469,145598,6871
152470,145599,6871
152471,145600,6871
152472,145601,6871
152473,145602,6871
152474,145603,6871
152476,145605,6871
152477,145606,6871
152479,145608,6871
152481,145610,6871
152483,145612,6871
152484,145613,6871
152486,145615,6871
152487,145616,6871
152489,145618,6871
152490,145619,6871
152491,145620,6871
152492,145621,6871
152494,145623,6871
152496,145625,6871
152497,145626,6871
152498,145627,6871
152499,145628,6871
152501,145630,6871
152503,145632,6871
152504,145633,6871
152506,145635,6871
152507,145636,6871
152508,145637,6871
152509,145638,6871
152511,145640,6871
152512,145641,6871
152513,145642,6871
152514,145643,6871
152515,145644,6871
152517,145646,6871
152518,145647,6871
152519,145648,6871
152520,145649,6871
152522,145651,6871
152523,145652,6871
152524,145653,6871
152525,145654,6871
152526,145655,6871
152528,145656,6872
152530,145658,6872
152531,145659,6872
152533,145661,6872
152534,145662,6872
152535,145663,6872
152536,145664,6872
152537,145665,6872
152539,145667,6872
152541,145669,6872
152542,145670,6872
152543,145671,6872
152544,145672,6872
152545,145673,6872
152547,145675,6872
152549,145677,6872
152550,145678,6872
152551,145679,6872
152552,145680,6872
152554,145682,6872
152556,145684,6872
152557,145685,6872
152558,145686,6872
152559,145687,6872
152561,145689,6872
152562,145690,6872
152564,145692,6872
152566,145694,6872
152568,145696,6872
152569,145697,6872
152570,145698,6872
152571,145699,6872
152573,145701,6872
152574,145702,6872
152575,145703,6872
152576,145704,6872
152577,145705,6872
152578,145706,6872
152580,145708,6872
152581,145709,6872
152583,145711,6872
152585,145713,6872
152586,145714,6872
152587,145715,6872
152588,145716,6872
152589,145717,6872
152590,145718,6872
152591,145719,6872
152592,145720,6872
152594,145722,6872
152595,145723,6872
152597,145725,6872
152598,145726,6872
152599,145727,6872
152600,145728,6872
152601,145729,6872
152603,145731,6872
152604,145732,6872
152605,145733,6872
152606,145734,6872
152608,145736,6872
152610,145738,6872
152611,145739,6872
152612,145740,6872
152613,145741,6872
152614,145742,6872
152616,145744,6872
152617,145745,6872
152619,145747,6872
152620,145748,6872
152621,145749,6872
152622,145750,6872
152623,145751,6872
152625,145753,6872
152627,145755,6872
152629,145757,6872
152630,145758,6872
152631,145759,6872
152632,145760,6872
152634,145762,6872
152636,145764,6872
152638,145766,6872
152639,145767,6872
152640,145768,6872
152642,145770,6872
152644,145772,6872
152645,145773,6872
152646,145774,6872
152647,145775,6872
152649,145777,6872
152650,145778,6872
152651,145779,6872
152653,145781,6872
152654,145782,6872
152655,145783,6872
152656,145784,6872
152657,145785,6872
152659,145787,6872
152660,145788,6872
152661,145789,6872
152662,145790,6872
152663,145791,6872
152664,145792,6872
152666,145794,6872
152667,145795,6872
152669,145797,6872
152671,145799,6872
152672,145800,6872
152673,145801,6872
152674,145802,6872
152675,145803,6872
152676,145804,6872
152678,145806,6872
152679,145807,6872
152681,145809,6872
152682,145810,6872
152684,145812,6872
152685,145813,6872
152686,145814,6872
152687,145815,6872
152688,145816,6872
152690,145818,6872
152691,145819,6872
152692,145820,6872
152693,145821,6872
152695,145823,6872
152697,145825,6872
152698,145826,6872
152699,145827,6872
152700,145828,6872
152701,145829,6872
152703,145831,6872
152704,145832,6872
152706,145834,6872
152707,145835,6872
152708,145836,6872
152710,145838,6872
152711,145839,6872
152713,145841,6872
152715,145843,6872
152717,145845,6872
152718,145846,6872
152720,145848,6872
152721,145849,6872
152723,145851,6872
152725,145853,6872
152727,145855,6872
152728,145856,6872
152729,145857,6872
152731,145859,6872
152733,145861,6872
152734,145862,6872
152735,145863,6872
152736,145864,6872
152738,145866,6872
152739,145867,6872
152741,145868,6873
152743,145870,6873
152744,145871,6873
152745,145872,6873
152746,145873,6873
152747,145874,6873
152749,145876,6873
152750,145877,6873
152751,145878,6873
152752,145879,6873
152753,145880,6873
152754,145881,6873
152756,145883,6873
152757,145884,6873
152759,145886,6873
152761,145888,6873
152762,145889,6873
152763,145890,6873
152764,145891,6873
152765,145892,6873
152766,145893,6873
152767,145894,6873
152768,145895,6873
152769,145896,6873
152770,145897,6873
152772,145899,6873
152773,145900,6873
152774,145901,6873
152775,145902,6873
152776,145903,6873
152778,145905,6873
152779,145906,6873
152780,145907,6873
152781,145908,6873
152783,145910,6873
152784,145911,6873
152785,145912,6873
152786,145913,6873
152787,145914,6873
152789,145916,6873
152791,145918,6873
152792,145919,6873
152794,145921,6873
152795,145922,6873
152796,145923,6873
152798,145925,6873
152799,145926,6873
152801,145928,6873
152803,145930,6873
152804,145931,6873
152805,145932,6873
152807,145934,6873
152808,145935,6873
152810,145937,6873
152812,145939,6873
152813,145940,6873
152814,145941,6873
152815,145942,6873
152817,145944,6873
152819,145946,6873
152820,145947,6873
152821,145948,6873
152822,145949,6873
152824,145951,6873
152825,145952,6873
152826,145953,6873
152828,145955,6873
152830,145957,6873
152831,145958,6873
152832,145959,6873
152833,145960,6873
152835,145962,6873
152836,145963,6873
152837,145964,6873
152838,145965,6873
152839,145966,6873
152840,145967,6873
152842,145969,6873
152843,145970,6873
152845,145972,6873
152847,145974,6873
152848,145975,6873
152849,145976,6873
152850,145977,6873
152851,145978,6873
152852,145979,6873
152854,145981,6873
152855,145982,6873
152856,145983,6873
152857,145984,6873
152858,145985,6873
152859,145986,6873
152860,145987,6873
152861,145988,6873
152862,145989,6873
152863,145990,6873
152864,145991,6873
152866,145993,6873
152867,145994,6873
152868,145995,6873
152869,145996,6873
152871,145998,6873
152872,145999,6873
152873,146000,6873
152874,146001,6873
152875,146002,6873
152877,146004,6873
152879,146005,6874
152880,146006,6874
152881,146007,6874
152882,146008,6874
152884,146010,6874
152885,146011,6874
152886,146012,6874
152887,146013,6874
152888,146014,6874
152889,146015,6874
152890,146016,6874
152892,146018,6874
152893,146019,6874
152894,146020,6874
152895,146021,6874
152896,146022,6874
152897,146023,6874
152898,146024,6874
152899,146025,6874
152901,146027,6874
152902,146028,6874
152903,146029,6874
152904,146030,6874
152905,146031,6874
152907,146033,6874
152908,146034,6874
152910,146036,6874
152911,146037,6874
152913,146039,6874
152915,146041,6874
152917,146043,6874
152918,146044,6874
152920,146046,6874
152921,146047,6874
152923,146049,6874
152925,146051,6874
152926,146052,6874
152927,146053,6874
152928,146053,6875
152929,146054,6875
152931,146056,6875
152932,146057,6875
152933,146058,6875
152934,146059,6875
152936,146061,6875
152938,146062,6876
152939,146063,6876
152941,146065,6876
152942,146066,6876
152944,146068,6876
152945,146069,6876
152946,146070,6876
152947,146071,6876
152948,146072,6876
152949,146073,6876
152951,146075,6876
152952,146076,6876
152953,146077,6876
152954,146078,6876
152955,146079,6876
152956,146080,6876
152957,146081,6876
152958,146082,6876
152960,146083,6877
152962,146085,6877
152963,146086,6877
152964,146087,6877
152965,146088,6877
152967,146090,6877
152968,146091,6877
152969,146092,6877
152970,146093,6877
152971,146094,6877
152973,146096,6877
152974,146097,6877
152975,146098,6877
152976,146099,6877
152977,146100,6877
152979,146102,6877
152981,146104,6877
152982,146105,6877
152983,146106,6877
152984,146107,6877
152986,146109,6877
152988,146111,6877
152989,146112,6877
152990,146113,6877
152991,146114,6877
152993,146115,6878
152994,146116,6878
152996,146118,6878
152998,146120,6878
152999,146121,6878
153000,146122,6878
153001,146123,6878
153002,146124,6878
153004,146126,6878
153005,146127,6878
153006,146128,6878
153007,146129,6878
153008,146130,6878
153009,146131,6878
153010,146131,6879
153011,146132,6879
153012,146133,6879
153014,146135,6879
153015,146136,6879
153016,146137,6879
153018,146139,6879
153020,146141,6879
153021,146142,6879
153023,146144,6879
153025,146144,6881
153026,146145,6881
153027,146146,6881
153028,146147,6881
153030,146148,6882
153032,146150,6882
153033,146151,6882
153034,146152,6882
153035,146153,6882
153037,146153,6884
153038,146154,6884
153039,146155,6884
153041,146157,6884
153042,146158,6884
153043,146159,6884
153044,146160,6884
153046,146162,6884
153047,146163,6884
153049,146165,6884
153051,146166,6885
153052,146167,6885
153053,146168,6885
153054,146169,6885
153055,146170,6885
153057,146172,6885
153058,146173,6885
153059,146174,6885
153060,146175,6885
153061,146175,6886
153062,146176,6886
153063,146177,6886
153065,146179,6886
153066,146180,6886
153067,146181,6886
153069,146183,6886
153071,146185,6886
153072,146186,6886
153074,146188,6886
153076,146190,6886
153077,146191,6886
153078,146192,6886
153079,146193,6886
153081,146194,6887
153083,146196,6887
153084,146197,6887
153085,146198,6887
153086,146199,6887
153088,146199,6889
153089,146200,6889
153090,146201,6889
153092,146203,6889
153093,146204,6889
153094,146205,6889
153095,146206,6889
153097,146208,6889
153098,146209,6889
153100,146211,6889
153102,146213,6889
153103,146214,6889
153104,146215,6889
153105,146216,6889
153106,146217,6889
153108,146219,6889
153109,146220,6889
153110,146221,6889
153111,146222,6889
153112,146222,6890
153113,146223,6890
153114,146224,6890
153116,146226,6890
153117,146227,6890
153118,146228,6890
153120,146230,6890
153122,146232,6890
153123,146233,6890
153125,146235,6890
153127,146237,6890
153128,146238,6890
153129,146239,6890
153130,146240,6890
153132,146241,6891
153134,146243,6891
153135,146244,6891
153136,146245,6891
153137,146246,6891
153139,146246,6893
153140,146247,6893
153141,146248,6893
153143,146250,6893
153144,146251,6893
153145,146252,6893
153146,146253,6893
153148,146255,6893
153149,146256,6893
153151,146258,6893
153153,146260,6893
153154,146261,6893
153155,146262,6893
153156,146263,6893
153157,146264,6893
153159,146266,6893
153160,146267,6893
153161,146268,6893
153162,146269,6893
153163,146269,6894
153164,146270,6894
153165,146271,6894
153167,146273,6894
153168,146274,6894
153169,146275,6894
153171,146277,6894
153173,146279,6894
153174,146280,6894
153176,146282,6894
153178,146284,6894
153179,146285,6894
153180,146286,6894
153181,146287,6894
153183,146288,6895
153185,146290,6895
153186,146291,6895
153187,146292,6895
153188,146293,6895
153190,146293,6897
153191,146294,6897
153192,146295,6897
153194,146297,6897
153195,146298,6897
153196,146299,6897
153197,146300,6897
153199,146302,6897
153200,146303,6897
153202,146305,6897
153204,146307,6897
153205,146308,6897
153206,146309,6897
153207,146310,6897
153208,146311,6897
153210,146313,6897
153211,146314,6897
153212,146315,6897
153213,146316,6897
153214,146317,6897
153215,146318,6897
153216,146319,6897
153217,146320,6897
153218,146321,6897
153220,146323,6897
153222,146325,6897
153223,146326,6897
153225,146328,6897
153226,146329,6897
153227,146330,6897
153228,146331,6897
153229,146332,6897
153231,146334,6897
153232,146335,6897
153233,146336,6897
153235,146338,6897
153237,146340,6897
153238,146341,6897
153240,146341,6899
153241,146342,6899
153243,146344,6899
153244,146345,6899
153245,146346,6899
153247,146348,6899
153249,146350,6899
153250,146351,6899
153252,146353,6899
153254,146355,6899
153255,146356,6899
153256,146357,6899
153257,146358,6899
153258,146359,6899
153259,146360,6899
153260,146361,6899
153262,146363,6899
153263,146364,6899
153264,146365,6899
153266,146367,6899
153267,146368,6899
153268,146369,6899
153270,146371,6899
153271,146372,6899
153272,146373,6899
153273,146374,6899
153274,146375,6899
153276,146377,6899
153278,146379,6899
153279,146380,6899
153281,146382,6899
153282,146383,6899
153283,146384,6899
153284,146385,6899
153285,146386,6899
153287,146388,6899
153288,146389,6899
153290,146391,6899
153291,146392,6899
153293,146394,6899
153295,146396,6899
153297,146398,6899
153298,146399,6899
153300,146401,6899
153301,146402,6899
153303,146404,6899
153304,146405,6899
153306,146407,6899
153308,146409,6899
153309,146409,6900
153310,146410,6900
153312,146412,6900
153313,146413,6900
153314,146414,6900
153315,146415,6900
153316,146416,6900
153318,146417,6901
153319,146418,6901
153320,146419,6901
153321,146420,6901
153322,146421,6901
153324,146422,6902
153325,146423,6902
153326,146424,6902
153327,146424,6903
153329,146426,6903
153330,146426,6904
153331,146427,6904
153332,146428,6904
153334,146429,6905
153336,146430,6906
153337,146431,6906
153339,146432,6907
153340,146433,6907
153341,146434,6907
153342,146435,6907
153343,146436,6907
153345,146437,6908
153347,146439,6908
153348,146439,6909
153349,146440,6909
153350,146441,6909
153352,146443,6909
153353,146444,6909
153355,146446,6909
153356,146447,6909
153358,146449,6909
153360,146450,6910
153362,146452,6910
153363,146453,6910
153365,146455,6910
153366,146456,6910
153368,146458,6910
153369,146459,6910
153370,146460,6910
153372,146460,6912
153374,146461,6913
153376,146462,6914
153377,146463,6914
153379,146465,6914
153380,146466,6914
153381,146466,6915
153383,146467,6916
153385,146469,6916
153386,146470,6916
153387,146471,6916
153389,146473,6916
153391,146474,6917
153392,146475,6917
153393,146476,6917
153394,146477,6917
153396,146479,6917
153398,146480,6918
153399,146481,6918
153400,146482,6918
153401,146483,6918
153402,146484,6918
153403,146485,6918
153405,146486,6919
153406,146487,6919
153407,146488,6919
153408,146489,6919
153410,146490,6920
153411,146491,6920
153412,146492,6920
153413,146493,6920
153415,146494,6921
153416,146495,6921
153417,146496,6921
153418,146497,6921
153420,146498,6922
153422,146500,6922
153423,146501,6922
153424,146501,6923
153426,146503,6923
153428,146504,6924
153429,146505,6924
153430,146506,6924
153431,146507,6924
153433,146508,6925
153434,146509,6925
153435,146510,6925
153436,146511,6925
153438,146512,6926
153440,146513,6927
153441,146514,6927
153442,146515,6927
153443,146516,6927
153445,146517,6928
153447,146519,6928
153448,146520,6928
153449,146520,6929
153450,146521,6929
153451,146522,6929
153453,146523,6930
153454,146524,6930
153455,146525,6930
153456,146526,6930
153457,146527,6930
153459,146528,6931
153460,146529,6931
153461,146530,6931
153463,146531,6932
153465,146532,6933
153466,146533,6933
153467,146534,6933
153468,146535,6933
153470,146536,6934
153471,146537,6934
153472,146538,6934
153474,146540,6934
153476,146541,6935
153478,146543,6935
153479,146544,6935
153480,146545,6935
153481,146546,6935
153483,146547,6936
153485,146549,6936
153486,146549,6937
153487,146550,6937
153488,146551,6937
153489,146552,6937
153490,146552,6938
153491,146553,6938
153492,146553,6939
153493,146554,6939
153494,146554,6940
153495,146555,6940
153496,146555,6941
153497,146556,6941
153499,146557,6942
153500,146558,6942
153501,146559,6942
153502,146560,6942
153504,146562,6942
153505,146563,6942
153507,146563,6944
153508,146564,6944
153509,146565,6944
153511,146566,6945
153512,146567,6945
153513,146568,6945
153514,146569,6945
153515,146570,6945
153516,146571,6945
153518,146573,6945
153519,146574,6945
153520,146575,6945
153521,146576,6945
153522,146577,6945
153524,146579,6945
153525,146579,6946
153526,146580,6946
153527,146581,6946
153528,146582,6946
153530,146583,6947
153531,146584,6947
153532,146585,6947
153533,146585,6948
153534,146586,6948
153536,146587,6949
153537,146588,6949
153539,146589,6950
153541,146590,6951
153542,146591,6951
153544,146592,6952
153545,146593,6952
153547,146594,6953
153549,146595,6954
153551,146596,6955
153552,146597,6955
153554,146598,6956
153555,146599,6956
153557,146601,6956
153559,146602,6957
153561,146603,6958
153562,146604,6958
153563,146605,6958
153564,146606,6958
153565,146607,6958
153567,146608,6959
153568,146609,6959
153570,146611,6959
153571,146612,6959
153573,146614,6959
153574,146615,6959
153576,146617,6959
153578,146618,6960
153580,146620,6960
153581,146621,6960
153582,146622,6960
153583,146623,6960
153584,146624,6960
153586,146626,6960
153588,146627,6961
153589,146628,6961
153590,146629,6961
153592,146631,6961
153593,146632,6961
153594,146633,6961
153596,146634,6962
153597,146635,6962
153599,146637,6962
153601,146639,6962
153602,146640,6962
153603,146641,6962
153604,146641,6963
153606,146643,6963
153607,146644,6963
153608,146644,6964
153609,146645,6964
153611,146647,6964
153613,146648,6965
153614,146649,6965
153616,146651,6965
153617,146652,6965
153619,146654,6965
153620,146655,6965
153622,146657,6965
153623,146658,6965
153625,146660,6965
153626,146661,6965
153628,146663,6965
153629,146664,6965
153631,146666,6965
153632,146667,6965
153634,146669,6965
153635,146670,6965
153636,146671,6965
153637,146672,6965
153639,146672,6967
153641,146674,6967
153642,146675,6967
153644,146676,6968
153645,146677,6968
153647,146678,6969
153648,146679,6969
153649,146680,6969
153650,146681,6969
153652,146682,6970
153653,146683,6970
153654,146684,6970
153655,146685,6970
153656,146686,6970
153658,146687,6971
153660,146688,6972
153661,146689,6972
153662,146690,6972
153663,146691,6972
153664,146692,6972
153666,146693,6973
153668,146695,6973
153669,146696,6973
153671,146698,6973
153672,146699,6973
153673,146700,6973
153674,146701,6973
153676,146703,6973
153677,146704,6973
153679,146706,6973
153680,146707,6973
153682,146709,6973
153683,146710,6973
153685,146712,6973
153687,146714,6973
153688,146715,6973
153690,146717,6973
153691,146718,6973
153693,146720,6973
153694,146721,6973
153695,146722,6973
153696,146723,6973
153697,146724,6973
153698,146725,6973
153700,146727,6973
153701,146728,6973
153703,146730,6973
153704,146731,6973
153705,146732,6973
153707,146734,6973
153708,146735,6973
153709,146736,6973
153710,146737,6973
153711,146738,6973
153713,146740,6973
153714,146741,6973
153715,146742,6973
153716,146743,6973
153718,146745,6973
153719,146746,6973
153721,146746,6975
153722,146747,6975
153723,146748,6975
153724,146749,6975
153726,146751,6975
153727,146752,6975
153728,146753,6975
153729,146754,6975
153731,146755,6976
153733,146757,6976
153735,146759,6976
153736,146760,6976
153738,146762,6976
153739,146763,6976
153740,146764,6976
153741,146765,6976
153743,146767,6976
153744,146768,6976
153745,146769,6976
153747,146771,6976
153748,146772,6976
153749,146773,6976
153750,146774,6976
153752,146776,6976
153753,146777,6976
153754,146778,6976
153755,146778,6977
153756,146779,6977
153758,146781,6977
153759,146782,6977
153760,146783,6977
153762,146785,6977
153763,146786,6977
153764,146787,6977
153765,146788,6977
153766,146789,6977
153767,146790,6977
153768,146791,6977
153770,146793,6977
153771,146794,6977
153773,146796,6977
153774,146797,6977
153776,146799,6977
153777,146800,6977
153779,146802,6977
153780,146803,6977
153782,146805,6977
153783,146806,6977
153785,146808,6977
153786,146809,6977
153787,146810,6977
153788,146811,6977
153789,146812,6977
153791,146814,6977
153792,146815,6977
153794,146815,6979
153795,146816,6979
153797,146817,6980
153799,146819,6980
153801,146819,6982
153802,146820,6982
153804,146821,6983
153805,146822,6983
153806,146823,6983
153808,146825,6983
153809,146826,6983
153810,146827,6983
153811,146828,6983
153812,146829,6983
153814,146829,6985
153815,146830,6985
153817,146832,6985
153819,146834,6985
153820,146835,6985
153822,146836,6986
153823,146837,6986
153825,146839,6986
153826,146840,6986
153827,146841,6986
153829,146841,6988
153830,146842,6988
153832,146843,6989
153834,146845,6989
153836,146845,6991
153837,146846,6991
153838,146847,6991
153839,146848,6991
153841,146850,6991
153842,146851,6991
153843,146852,6991
153844,146853,6991
153845,146853,6992
153846,146854,6992
153847,146855,6992
153848,146856,6992
153849,146857,6992
153851,146859,6992
153852,146860,6992
153853,146861,6992
153855,146863,6992
153856,146864,6992
153857,146865,6992
153858,146866,6992
153859,146867,6992
153861,146869,6992
153863,146871,6992
153864,146872,6992
153866,146874,6992
153867,146875,6992
153869,146877,6992
153871,146879,6992
153872,146880,6992
153874,146882,6992
153876,146884,6992
153877,146885,6992
153878,146886,6992
153880,146888,6992
153882,146890,6992
153883,146891,6992
153884,146892,6992
153885,146893,6992
153886,146894,6992
153888,146896,6992
153889,146897,6992
153891,146899,6992
153892,146900,6992
153893,146901,6992
153894,146902,6992
153895,146903,6992
153896,146904,6992
153897,146905,6992
153899,146907,6992
153901,146909,6992
153903,146911,6992
153904,146912,6992
153906,146914,6992
153907,146915,6992
153909,146917,6992
153910,146918,6992
153911,146919,6992
153912,146920,6992
153913,146921,6992
153915,146923,6992
153917,146925,6992
153918,146925,6993
153919,146926,6993
153920,146927,6993
153922,146929,6993
153923,146930,6993
153924,146931,6993
153926,146932,6994
153927,146933,6994
153928,146934,6994
153930,146936,6994
153931,146937,6994
153933,146939,6994
153935,146941,6994
153936,146942,6994
153937,146943,6994
153938,146944,6994
153940,146946,6994
153941,146947,6994
153942,146947,6995
153943,146948,6995
153944,146949,6995
153946,146951,6995
153947,146952,6995
153948,146953,6995
153949,146954,6995
153950,146955,6995
153952,146957,6995
153953,146958,6995
153955,146959,6996
153956,146960,6996
153958,146962,6996
153960,146964,6996
153961,146965,6996
153962,146965,6997
153963,146966,6997
153964,146967,6997
153966,146969,6997
153967,146970,6997
153968,146971,6997
153969,146972,6997
153970,146973,6997
153972,146975,6997
153973,146976,6997
153974,146977,6997
153976,146979,6997
153977,146980,6997
153978,146980,6998
153979,146981,6998
153980,146982,6998
153982,146984,6998
153983,146985,6998
153984,146985,6999
153985,146986,6999
153987,146988,6999
153988,146989,6999
153989,146990,6999
153991,146992,6999
153992,146993,6999
153993,146994,6999
153994,146995,6999
153996,146997,6999
153997,146998,6999
153998,146999,6999
153999,147000,6999
154001,147002,6999
154002,147003,6999
154003,147004,6999
154004,147005,6999
154006,147007,6999
154007,147008,6999
154008,147009,6999
154009,147010,6999
154011,147012,6999
154012,147013,6999
154013,147014,6999
154015,147016,6999
154016,147017,6999
154017,147018,6999
154018,147019,6999
154019,147020,6999
154021,147022,6999
154022,147022,7000
154023,147023,7000
154024,147024,7000
154025,147025,7000
154026,147026,7000
154027,147027,7000
154029,147029,7000
154030,147030,7000
154031,147031,7000
154032,147032,7000
154033,147033,7000
154035,147035,7000
154037,147037,7000
154038,147038,7000
154040,147040,7000
154041,147041,7000
154043,147043,7000
154045,147045,7000
154046,147046,7000
154047,147047,7000
154048,147048,7000
154049,147049,7000
154051,147051,7000
154052,147052,7000
154054,147054,7000
154055,147055,7000
154056,147056,7000
154058,147058,7000
154059,147059,7000
154061,147061,7000
154062,147062,7000
154064,147064,7000
154065,147065,7000
154067,147067,7000
154068,147068,7000
154070,147070,7000
154071,147071,7000
154072,147072,7000
154073,147073,7000
154074,147074,7000
154076,147076,7000
154077,147076,7001
154078,147077,7001
154080,147079,7001
154081,147080,7001
154083,147082,7001
154085,147084,7001
154087,147086,7001
154088,147087,7001
154090,147089,7001
154091,147090,7001
154093,147092,7001
154094,147093,7001
154095,147094,7001
154097,147096,7001
154098,147097,7001
154099,147098,7001
154100,147099,7001
154101,147100,7001
154103,147102,7001
154104,147103,7001
154106,147104,7002
154107,147105,7002
154108,147106,7002
154109,147107,7002
154110,147108,7002
154111,147109,7002
154112,147110,7002
154114,147112,7002
154115,147113,7002
154116,147114,7002
154117,147115,7002
154118,147116,7002
154119,147117,7002
154120,147118,7002
154121,147119,7002
154122,147120,7002
154124,147122,7002
154125,147123,7002
154126,147124,7002
154127,147125,7002
154128,147126,7002
154129,147127,7002
154130,147128,7002
154131,147129,7002
154132,147130,7002
154134,147132,7002
154135,147133,7002
154136,147134,7002
154137,147135,7002
154138,147136,7002
154139,147137,7002
154140,147138,7002
154141,147139,7002
154142,147140,7002
154144,147142,7002
154145,147143,7002
154146,147144,7002
154147,147145,7002
154148,147146,7002
154149,147147,7002
154150,147148,7002
154151,147149,7002
154152,147150,7002
154154,147152,7002
154155,147153,7002
154156,147154,7002
154157,147155,7002
154158,147156,7002
154159,147157,7002
154160,147158,7002
154161,147159,7002
154162,147160,7002
154164,147162,7002
154165,147163,7002
154166,147164,7002
154167,147165,7002
154168,147166,7002
154169,147167,7002
154170,147168,7002
154171,147169,7002
154172,147170,7002
154174,147172,7002
154175,147173,7002
154176,147174,7002
154177,147175,7002
154178,147176,7002
154179,147177,7002
154181,147179,7002
154183,147181,7002
154184,147182,7002
154185,147183,7002
154187,147185,7002
154189,147187,7002
154190,147188,7002
154191,147189,7002
154193,147191,7002
154194,147192,7002
154195,147193,7002
154196,147194,7002
154198,147196,7002
154199,147197,7002
154200,147198,7002
154201,147199,7002
154203,147201,7002
154205,147203,7002
154206,147204,7002
154207,147205,7002
154208,147206,7002
154210,147208,7002
154211,147209,7002
154212,147210,7002
154214,147212,7002
154216,147214,7002
154217,147215,7002
154219,147217,7002
154221,147219,7002
154222,147220,7002
154224,147222,7002
154226,147224,7002
154228,147226,7002
154229,147227,7002
154230,147228,7002
154232,147230,7002
154234,147232,7002
154235,147233,7002
154237,147235,7002
154239,147237,7002
154240,147238,7002
154241,147239,7002
154243,147241,7002
154244,147242,7002
154246,147244,7002
154247,147245,7002
154248,147246,7002
154250,147248,7002
154252,147250,7002
154253,147251,7002
154255,147253,7002
154256,147254,7002
154258,147256,7002
154259,147257,7002
154261,147259,7002
154263,147261,7002
154265,147263,7002
154266,147264,7002
154268,147266,7002
154269,147267,7002
154271,147269,7002
154272,147270,7002
154274,147272,7002
154275,147273,7002
154276,147274,7002
154277,147275,7002
154278,147276,7002
154279,147277,7002
154280,147278,7002
154281,147279,7002
154282,147280,7002
154283,147281,7002
154284,147282,7002
154285,147283,7002
154286,147284,7002
154287,147285,7002
154288,147286,7002
154290,147288,7002
154291,147289,7002
154292,147290,7002
154293,147291,7002
154295,147293,7002
154296,147294,7002
154297,147295,7002
154299,147297,7002
154301,147299,7002
154302,147300,7002
154304,147302,7002
154306,147304,7002
154308,147306,7002
154309,147307,7002
154310,147308,7002
154311,147309,7002
154312,147310,7002
154313,147311,7002
154315,147313,7002
154316,147314,7002
154318,147316,7002
154320,147318,7002
154322,147320,7002
154323,147321,7002
154325,147323,7002
154326,147324,7002
154328,147326,7002
154329,147327,7002
154330,147328,7002
154331,147329,7002
154333,147331,7002
154335,147333,7002
154336,147334,7002
154337,147335,7002
154338,147336,7002
154340,147338,7002
154342,147340,7002
154343,147341,7002
154345,147343,7002
154346,147344,7002
154347,147345,7002
154348,147346,7002
154350,147348,7002
154351,147349,7002
154352,147350,7002
154353,147351,7002
154354,147352,7002
154356,147354,7002
154357,147355,7002
154358,147356,7002
154359,147357,7002
154361,147359,7002
154362,147360,7002
154363,147361,7002
154364,147362,7002
154365,147363,7002
154367,147365,7002
154369,147367,7002
154370,147368,7002
154372,147370,7002
154373,147371,7002
154374,147372,7002
154375,147373,7002
154376,147374,7002
154378,147376,7002
154380,147378,7002
154381,147379,7002
154382,147380,7002
154383,147381,7002
154384,147382,7002
154386,147384,7002
154388,147386,7002
154389,147387,7002
154390,147388,7002
154391,147389,7002
154393,147391,7002
154395,147393,7002
154396,147394,7002
154397,147395,7002
154398,147396,7002
154400,147398,7002
154401,147399,7002
154403,147401,7002
154405,147403,7002
154407,147405,7002
154408,147406,7002
154409,147407,7002
154410,147408,7002
154412,147410,7002
154413,147411,7002
154414,147412,7002
154415,147413,7002
154416,147414,7002
154417,147415,7002
154419,147417,7002
154420,147418,7002
154422,147420,7002
154424,147422,7002
154425,147423,7002
154426,147424,7002
154427,147425,7002
154429,147427,7002
154431,147429,7002
154432,147430,7002
154433,147430,7003
154434,147431,7003
154435,147432,7003
154436,147433,7003
154437,147434,7003
154438,147435,7003
154439,147436,7003
154440,147437,7003
154441,147438,7003
154443,147440,7003
154444,147441,7003
154446,147443,7003
154447,147444,7003
154448,147445,7003
154449,147446,7003
154450,147447,7003
154452,147449,7003
154453,147450,7003
154454,147451,7003
154455,147452,7003
154457,147454,7003
154459,147456,7003
154460,147457,7003
154461,147458,7003
154462,147459,7003
154463,147460,7003
154465,147462,7003
154466,147463,7003
154468,147465,7003
154469,147466,7003
154470,147467,7003
154471,147468,7003
154472,147469,7003
154474,147471,7003
154476,147473,7003
154478,147475,7003
154479,147476,7003
154480,147477,7003
154481,147478,7003
154483,147480,7003
154485,147482,7003
154487,147484,7003
154488,147485,7003
154489,147486,7003
154491,147488,7003
154493,147490,7003
154494,147491,7003
154495,147492,7003
154496,147493,7003
154498,147495,7003
154499,147496,7003
154500,147497,7003
154502,147499,7003
154503,147500,7003
154504,147501,7003
154505,147502,7003
154506,147503,7003
154508,147505,7003
154509,147506,7003
154510,147507,7003
154511,147508,7003
154512,147509,7003
154513,147510,7003
154515,147512,7003
154516,147513,7003
154518,147515,7003
154520,147517,7003
154521,147518,7003
154522,147519,7003
154523,147520,7003
154525,147522,7003
154527,147524,7003
154528,147525,7003
154529,147526,7003
154530,147527,7003
154531,147528,7003
154532,147529,7003
154533,147530,7003
154534,147531,7003
154535,147532,7003
154537,147534,7003
154538,147535,7003
154540,147537,7003
154541,147538,7003
154543,147540,7003
154544,147541,7003
154545,147542,7003
154546,147543,7003
154547,147544,7003
154549,147546,7003
154550,147547,7003
154551,147548,7003
154552,147549,7003
154554,147551,7003
154556,147553,7003
154557,147554,7003
154558,147555,7003
154559,147556,7003
154560,147557,7003
154562,147559,7003
154563,147560,7003
154565,147562,7003
154566,147563,7003
154567,147564,7003
154569,147566,7003
154570,147567,7003
154572,147569,7003
154574,147571,7003
154576,147573,7003
154577,147574,7003
154579,147576,7003
154580,147577,7003
154582,147579,7003
154584,147581,7003
154586,147583,7003
154587,147584,7003
154588,147585,7003
154590,147587,7003
154592,147589,7003
154593,147590,7003
154594,147591,7003
154595,147592,7003
154597,147594,7003
154598,147595,7003
154600,147596,7004
154602,147598,7004
154603,147599,7004
154604,147600,7004
154605,147601,7004
154606,147602,7004
154608,147604,7004
154609,147605,7004
154610,147606,7004
154611,147607,7004
154612,147608,7004
154613,147609,7004
154615,147611,7004
154616,147612,7004
154618,147614,7004
154620,147616,7004
154621,147617,7004
154622,147618,7004
154623,147619,7004
154625,147621,7004
154627,147623,7004
154628,147624,7004
154629,147625,7004
154630,147626,7004
154631,147627,7004
154632,147628,7004
154633,147629,7004
154634,147630,7004
154635,147631,7004
154636,147632,7004
154637,147633,7004
154638,147634,7004
154639,147635,7004
154641,147637,7004
154642,147638,7004
154643,147639,7004
154644,147640,7004
154645,147641,7004
154647,147643,7004
154648,147644,7004
154649,147645,7004
154650,147646,7004
154652,147648,7004
154653,147649,7004
154654,147650,7004
154655,147651,7004
154656,147652,7004
154658,147653,7005
154660,147655,7005
154661,147656,7005
154663,147658,7005
154664,147659,7005
154665,147660,7005
154667,147662,7005
154668,147663,7005
154670,147665,7005
154672,147667,7005
154673,147668,7005
154674,147669,7005
154676,147671,7005
154677,147672,7005
154679,147674,7005
154681,147676,7005
154682,147677,7005
154683,147678,7005
154684,147679,7005
154686,147681,7005
154688,147683,7005
154689,147684,7005
154690,147685,7005
154691,147686,7005
154693,147688,7005
154694,147689,7005
154695,147690,7005
154697,147692,7005
154699,147694,7005
154700,147695,7005
154701,147696,7005
154702,147697,7005
154704,147699,7005
154705,147700,7005
154706,147701,7005
154707,147702,7005
154708,147703,7005
154709,147704,7005
154711,147706,7005
154712,147707,7005
154714,147709,7005
154715,147710,7005
154717,147712,7005
154718,147713,7005
154719,147714,7005
154721,147716,7005
154722,147717,7005
154723,147717,7006
154725,147719,7006
154726,147720,7006
154727,147721,7006
154728,147722,7006
154730,147724,7006
154731,147725,7006
154732,147726,7006
154733,147727,7006
154734,147728,7006
154736,147730,7006
154738,147732,7006
154739,147733,7006
154741,147735,7006
154742,147736,7006
154743,147737,7006
154745,147739,7006
154746,147740,7006
154748,147742,7006
154749,147743,7006
154751,147745,7006
154753,147747,7006
154755,147749,7006
154756,147750,7006
154757,147751,7006
154759,147753,7006
154761,147753,7008
154762,147754,7008
154763,147755,7008
154764,147756,7008
154765,147757,7008
154766,147758,7008
154767,147759,7008
154768,147760,7008
154770,147762,7008
154771,147763,7008
154772,147764,7008
154773,147765,7008
154774,147766,7008
154775,147767,7008
154776,147768,7008
154777,147769,7008
154778,147770,7008
154780,147772,7008
154781,147773,7008
154782,147774,7008
154783,147775,7008
154784,147776,7008
154785,147777,7008
154786,147778,7008
154788,147780,7008
154789,147781,7008
154790,147782,7008
154791,147783,7008
154792,147784,7008
154794,147786,7008
154796,147788,7008
154798,147790,7008
154800,147792,7008
154801,147793,7008
154803,147795,7008
154804,147796,7008
154806,147798,7008
154807,147799,7008
154808,147800,7008
154809,147801,7008
154811,147803,7008
154813,147805,7008
154814,147806,7008
154815,147807,7008
154816,147808,7008
154817,147809,7008
154819,147811,7008
154821,147813,7008
154822,147814,7008
154824,147816,7008
154825,147817,7008
154826,147818,7008
154828,147820,7008
154830,147822,7008
154831,147823,7008
154832,147824,7008
154833,147825,7008
154834,147826,7008
154835,147827,7008
154836,147828,7008
154837,147829,7008
154838,147830,7008
154839,147831,7008
154840,147832,7008
154841,147833,7008
154842,147834,7008
154843,147835,7008
154845,147837,7008
154847,147839,7008
154848,147840,7008
154849,147841,7008
154851,147842,7009
154852,147843,7009
154853,147844,7009
154854,147845,7009
154855,147846,7009
154857,147848,7009
154858,147849,7009
154859,147850,7009
154861,147852,7009
154862,147853,7009
154863,147854,7009
154864,147855,7009
154865,147856,7009
154866,147857,7009
154868,147859,7009
154869,147860,7009
154870,147861,7009
154871,147862,7009
154872,147863,7009
154874,147865,7009
154875,147866,7009
154877,147868,7009
154879,147870,7009
154880,147871,7009
154881,147872,7009
154882,147873,7009
154884,147875,7009
154885,147876,7009
154886,147877,7009
154887,147878,7009
154888,147879,7009
154889,147880,7009
154891,147882,7009
154892,147883,7009
154894,147885,7009
154895,147886,7009
154897,147888,7009
154898,147889,7009
154899,147890,7009
154900,147891,7009
154901,147892,7009
154902,147893,7009
154903,147894,7009
154904,147895,7009
154905,147896,7009
154907,147898,7009
154908,147899,7009
154909,147900,7009
154910,147901,7009
154911,147902,7009
154912,147903,7009
154913,147904,7009
154915,147906,7009
154916,147907,7009
154917,147908,7009
154918,147909,7009
154919,147909,7010
154920,147910,7010
154921,147911,7010
154923,147913,7010
154925,147914,7011
154926,147915,7011
154928,147916,7012
154929,147917,7012
154931,147919,7012
154932,147920,7012
154933,147921,7012
154934,147922,7012
154936,147924,7012
154937,147925,7012
154938,147926,7012
154939,147927,7012
154940,147928,7012
154941,147929,7012
154942,147930,7012
154943,147931,7012
154944,147932,7012
154945,147933,7012
154946,147934,7012
154947,147935,7012
154949,147937,7012
154950,147938,7012
154952,147940,7012
154953,147941,7012
154954,147942,7012
154955,147943,7012
154956,147944,7012
154957,147945,7012
154958,147946,7012
154959,147947,7012
154960,147948,7012
154961,147949,7012
154962,147950,7012
154963,147951,7012
154965,147953,7012
154966,147954,7012
154968,147956,7012
154969,147957,7012
154970,147958,7012
154971,147959,7012
154972,147960,7012
154974,147962,7012
154975,147963,7012
154976,147964,7012
154978,147966,7012
154980,147968,7012
154982,147970,7012
154983,147971,7012
154984,147972,7012
154985,147973,7012
154987,147975,7012
154989,147977,7012
154990,147978,7012
154991,147979,7012
154992,147980,7012
154993,147981,7012
154995,147983,7012
154996,147984,7012
154997,147985,7012
154998,147986,7012
154999,147987,7012
155000,147988,7012
155002,147990,7012
155004,147992,7012
155005,147993,7012
155006,147994,7012
155007,147995,7012
155008,147996,7012
155009,147997,7012
155011,147999,7012
155013,148001,7012
155014,148002,7012
155015,148003,7012
155016,148004,7012
155017,148005,7012
155018,148006,7012
155019,148007,7012
155020,148008,7012
155021,148009,7012
155022,148010,7012
155023,148011,7012
155025,148013,7012
155026,148014,7012
155027,148015,7012
155028,148016,7012
155030,148018,7012
155031,148019,7012
155032,148020,7012
155034,148022,7012
155035,148023,7012
155036,148024,7012
155037,148025,7012
155038,148026,7012
155039,148027,7012
155040,148028,7012
155042,148030,7012
155043,148031,7012
155044,148032,7012
155045,148033,7012
155046,148034,7012
155048,148036,7012
155049,148037,7012
155050,148038,7012
155051,148039,7012
155052,148040,7012
155053,148041,7012
155055,148043,7012
155056,148044,7012
155057,148045,7012
155058,148046,7012
155059,148047,7012
155061,148049,7012
155062,148050,7012
155063,148051,7012
155064,148052,7012
155066,148054,7012
155067,148055,7012
155069,148057,7012
155070,148058,7012
155071,148059,7012
155072,148060,7012
155073,148061,7012
155074,148062,7012
155075,148063,7012
155076,148064,7012
155078,148066,7012
155079,148067,7012
155081,148069,7012
155082,148070,7012
155084,148072,7012
155086,148074,7012
155088,148076,7012
155089,148077,7012
155091,148079,7012
155092,148080,7012
155094,148082,7012
155096,148084,7012
155097,148085,7012
155098,148086,7012
155099,148086,7013
155100,148087,7013
155102,148089,7013
155103,148090,7013
155104,148091,7013
155105,148092,7013
155107,148094,7013
155109,148095,7014
155110,148096,7014
155112,148098,7014
155113,148099,7014
155115,148101,7014
155116,148102,7014
155117,148103,7014
155118,148104,7014
155119,148105,7014
155120,148106,7014
155122,148108,7014
155124,148110,7014
155125,148111,7014
155127,148113,7014
155128,148114,7014
155129,148115,7014
155131,148117,7014
155132,148118,7014
155133,148119,7014
155135,148121,7014
155136,148122,7014
155137,148123,7014
155138,148124,7014
155139,148125,7014
155140,148126,7014
155142,148127,7015
155143,148128,7015
155144,148128,7016
155146,148130,7016
155147,148131,7016
155148,148132,7016
155149,148133,7016
155151,148135,7016
155152,148136,7016
155154,148137,7017
155155,148138,7017
155156,148139,7017
155158,148141,7017
155159,148142,7017
155160,148143,7017
155161,148144,7017
155162,148145,7017
155164,148147,7017
155165,148148,7017
155166,148149,7017
155167,148150,7017
155169,148152,7017
155171,148153,7018
155172,148154,7018
155174,148156,7018
155175,148157,7018
155176,148158,7018
155178,148160,7018
155179,148161,7018
155180,148162,7018
155181,148163,7018
155182,148164,7018
155184,148166,7018
155185,148167,7018
155186,148168,7018
155188,148170,7018
155189,148171,7018
155190,148171,7019
155191,148172,7019
155192,148173,7019
155194,148175,7019
155195,148176,7019
155196,148177,7019
155197,148178,7019
155199,148180,7019
155200,148181,7019
155201,148182,7019
155203,148184,7019
155204,148185,7019
155205,148186,7019
155206,148187,7019
155208,148189,7019
155209,148190,7019
155210,148191,7019
155211,148192,7019
155213,148194,7019
155214,148195,7019
155215,148196,7019
155216,148197,7019
155218,148199,7019
155219,148200,7019
155220,148201,7019
155221,148202,7019
155223,148204,7019
155224,148205,7019
155225,148206,7019
155227,148208,7019
155228,148209,7019
155229,148210,7019
155230,148211,7019
155231,148212,7019
155233,148214,7019
155234,148215,7019
155235,148216,7019
155236,148217,7019
155237,148218,7019
155238,148219,7019
155239,148220,7019
155241,148222,7019
155242,148223,7019
155243,148224,7019
155244,148225,7019
155245,148226,7019
155247,148228,7019
155249,148230,7019
155250,148231,7019
155252,148233,7019
155253,148234,7019
155255,148236,7019
155257,148238,7019
155258,148239,7019
155259,148240,7019
155260,148241,7019
155261,148242,7019
155263,148244,7019
155264,148245,7019
155266,148247,7019
155267,148248,7019
155268,148249,7019
155270,148251,7019
155271,148252,7019
155273,148254,7019
155274,148255,7019
155276,148257,7019
155277,148258,7019
155279,148260,7019
155280,148261,7019
155282,148263,7019
155283,148264,7019
155284,148265,7019
155285,148266,7019
155286,148267,7019
155288,148269,7019
155289,148270,7019
155290,148271,7019
155292,148273,7019
155293,148274,7019
155295,148276,7019
155297,148278,7019
155299,148280,7019
155300,148281,7019
155302,148283,7019
155303,148284,7019
155305,148286,7019
155306,148287,7019
155307,148288,7019
155309,148290,7019
155310,148291,7019
155311,148292,7019
155312,148293,7019
155313,148294,7019
155315,148296,7019
155316,148297,7019
155317,148298,7019
155318,148299,7019
155319,148300,7019
155320,148301,7019
155321,148302,7019
155322,148303,7019
155323,148304,7019
155325,148306,7019
155326,148307,7019
155327,148308,7019
155328,148309,7019
155329,148310,7019
155330,148311,7019
155331,148312,7019
155332,148313,7019
155333,148314,7019
155335,148316,7019
155336,148317,7019
155337,148318,7019
155338,148319,7019
155339,148320,7019
155340,148321,7019
155341,148322,7019
155342,148323,7019
155343,148324,7019
155345,148326,7019
155346,148327,7019
155347,148328,7019
155348,148329,7019
155349,148330,7019
155350,148331,7019
155352,148333,7019
155354,148335,7019
155355,148336,7019
155356,148337,7019
155358,148339,7019
155360,148341,7019
155361,148342,7019
155362,148343,7019
155364,148345,7019
155365,148346,7019
155366,148347,7019
155367,148348,7019
155369,148350,7019
155370,148351,7019
155371,148352,7019
155372,148353,7019
155374,148355,7019
155376,148357,7019
155377,148358,7019
155378,148359,7019
155379,148360,7019
155381,148362,7019
155382,148363,7019
155383,148364,7019
155385,148366,7019
155387,148368,7019
155388,148369,7019
155390,148371,7019
155392,148373,7019
155393,148374,7019
155395,148376,7019
155397,148378,7019
155399,148380,7019
155400,148381,7019
155401,148382,7019
155403,148384,7019
155405,148386,7019
155406,148387,7019
155408,148389,7019
155410,148391,7019
155411,148392,7019
155412,148393,7019
155414,148395,7019
155415,148396,7019
155417,148398,7019
155418,148399,7019
155419,148400,7019
155421,148402,7019
155423,148404,7019
155424,148405,7019
155426,148407,7019
155427,148408,7019
155429,148410,7019
155430,148411,7019
155432,148413,7019
155434,148415,7019
155436,148417,7019
155437,148418,7019
155439,148420,7019
155440,148421,7019
155442,148423,7019
155443,148424,7019
155445,148426,7019
155446,148427,7019
155447,148428,7019
155448,148429,7019
155449,148430,7019
155450,148431,7019
155451,148432,7019
155452,148433,7019
155453,148434,7019
155454,148435,7019
155455,148436,7019
155456,148437,7019
155457,148438,7019
155458,148439,7019
155459,148440,7019
155461,148442,7019
155462,148443,7019
155463,148444,7019
155464,148445,7019
155466,148447,7019
155467,148448,7019
155468,148449,7019
155470,148451,7019
155472,148453,7019
155473,148454,7019
155475,148456,7019
155477,148458,7019
155479,148460,7019
155480,148461,7019
155481,148462,7019
155482,148463,7019
155483,148464,7019
155484,148465,7019
155486,148467,7019
155487,148468,7019
155489,148470,7019
155491,148472,7019
155493,148474,7019
155494,148475,7019
155496,148477,7019
155497,148478,7019
155499,148480,7019
155500,148481,7019
155501,148482,7019
155502,148483,7019
155504,148485,7019
155506,148487,7019
155507,148488,7019
155508,148489,7019
155509,148490,7019
155511,148492,7019
155513,148494,7019
155514,148495,7019
155516,148497,7019
155517,148498,7019
155518,148499,7019
155519,148500,7019
155521,148502,7019
155522,148503,7019
155523,148504,7019
155524,148505,7019
155525,148506,7019
155527,148508,7019
155528,148509,7019
155529,148510,7019
155530,148511,7019
155532,148513,7019
155533,148514,7019
155534,148515,7019
155535,148516,7019
155536,148517,7019
155538,148519,7019
155540,148521,7019
155541,148522,7019
155543,148524,7019
155544,148525,7019
155545,148526,7019
155546,148527,7019
155547,148528,7019
155549,148530,7019
155551,148532,7019
155552,148533,7019
155553,148534,7019
155554,148535,7019
155555,148536,7019
155557,148538,7019
155559,148540,7019
155560,148541,7019
155561,148542,7019
155562,148543,7019
155564,148545,7019
155566,148547,7019
155567,148548,7019
155568,148549,7019
155569,148550,7019
155571,148552,7019
155572,148553,7019
155574,148555,7019
155576,148557,7019
155578,148559,7019
155579,148560,7019
155580,148561,7019
155581,148562,7019
155583,148564,7019
155584,148565,7019
155585,148566,7019
155586,148567,7019
155587,148568,7019
155588,148569,7019
155590,148571,7019
155591,148572,7019
155593,148574,7019
155595,148576,7019
155596,148577,7019
155597,148578,7019
155598,148579,7019
155600,148581,7019
155602,148583,7019
155603,148584,7019
155604,148585,7019
155605,148586,7019
155606,148587,7019
155607,148588,7019
155608,148589,7019
155609,148590,7019
155610,148591,7019
155611,148592,7019
155612,148593,7019
155614,148595,7019
155615,148596,7019
155617,148598,7019
155618,148599,7019
155619,148600,7019
155620,148601,7019
155621,148602,7019
155623,148604,7019
155624,148605,7019
155625,148606,7019
155626,148607,7019
155628,148609,7019
155630,148611,7019
155631,148612,7019
155632,148613,7019
155633,148614,7019
155634,148615,7019
155636,148617,7019
155637,148618,7019
155639,148620,7019
155640,148621,7019
155641,148622,7019
155642,148623,7019
155643,148624,7019
155645,148626,7019
155647,148628,7019
155649,148630,7019
155650,148631,7019
155651,148632,7019
155652,148633,7019
155654,148635,7019
155656,148637,7019
155658,148639,7019
155659,148640,7019
155660,148641,7019
155662,148643,7019
155664,148645,7019
155665,148646,7019
155666,148647,7019
155667,148648,7019
155669,148650,7019
155670,148651,7019
155671,148652,7019
155673,148654,7019
155674,148655,7019
155675,148656,7019
155676,148657,7019
155677,148658,7019
155679,148660,7019
155680,148661,7019
155681,148662,7019
155682,148663,7019
155683,148664,7019
155684,148665,7019
155686,148667,7019
155687,148668,7019
155689,148670,7019
155691,148672,7019
155692,148673,7019
155693,148674,7019
155694,148675,7019
155696,148677,7019
155698,148679,7019
155699,148680,7019
155700,148681,7019
155701,148682,7019
155702,148683,7019
155703,148684,7019
155704,148685,7019
155705,148686,7019
155706,148687,7019
155708,148689,7019
155709,148690,7019
155711,148692,7019
155712,148693,7019
155714,148695,7019
155715,148696,7019
155716,148697,7019
155717,148698,7019
155718,148699,7019
155720,148701,7019
155721,148702,7019
155722,148703,7019
155723,148704,7019
155725,148706,7019
155727,148708,7019
155728,148709,7019
155729,148710,7019
155730,148711,7019
155731,148712,7019
155733,148714,7019
155734,148715,7019
155736,148717,7019
155737,148718,7019
155738,148719,7019
155740,148721,7019
155741,148722,7019
155743,148724,7019
155745,148726,7019
155747,148728,7019
155748,148729,7019
155750,148731,7019
155751,148732,7019
155753,148734,7019
155755,148736,7019
155757,148738,7019
155758,148739,7019
155759,148740,7019
155761,148742,7019
155763,148744,7019
155764,148745,7019
155765,148746,7019
155766,148747,7019
155768,148749,7019
155769,148750,7019
155771,148752,7019
155773,148754,7019
155774,148755,7019
155775,148756,7019
155776,148757,7019
155777,148758,7019
155779,148760,7019
155780,148761,7019
155781,148762,7019
155782,148763,7019
155783,148764,7019
155784,148765,7019
155786,148767,7019
155787,148768,7019
155789,148770,7019
155790,148771,7019
155792,148773,7019
155793,148774,7019
155794,148775,7019
155795,148776,7019
155796,148777,7019
155797,148778,7019
155799,148780,7019
155800,148781,7019
155801,148782,7019
155803,148784,7019
155805,148786,7019
155806,148787,7019
155807,148788,7019
155808,148789,7019
155809,148790,7019
155811,148792,7019
155813,148794,7019
155814,148795,7019
155816,148797,7019
155817,148798,7019
155818,148799,7019
155820,148801,7019
155821,148802,7019
155823,148804,7019
155824,148805,7019
155826,148807,7019
155828,148809,7019
155830,148811,7019
155831,148812,7019
155832,148813,7019
155834,148815,7019
155835,148816,7019
155836,148817,7019
155837,148818,7019
155838,148819,7019
155839,148820,7019
155840,148821,7019
155841,148822,7019
155842,148823,7019
155844,148825,7019
155846,148827,7019
155847,148828,7019
155848,148829,7019
155849,148830,7019
155850,148831,7019
155851,148832,7019
155853,148834,7019
155855,148836,7019
155856,148837,7019
155857,148838,7019
155858,148839,7019
155860,148841,7019
155862,148843,7019
155864,148845,7019
155866,148847,7019
155867,148848,7019
155869,148850,7019
155870,148851,7019
155872,148853,7019
155873,148854,7019
155874,148855,7019
155875,148856,7019
155877,148858,7019
155879,148860,7019
155880,148861,7019
155881,148862,7019
155882,148863,7019
155883,148864,7019
155885,148866,7019
155887,148868,7019
155888,148869,7019
155890,148871,7019
155891,148872,7019
155892,148873,7019
155894,148875,7019
155896,148877,7019
155897,148878,7019
155898,148879,7019
155899,148880,7019
155900,148881,7019
155901,148882,7019
155902,148883,7019
155903,148884,7019
155904,148885,7019
155905,148886,7019
155906,148887,7019
155907,148888,7019
155908,148889,7019
155909,148890,7019
155911,148892,7019
155913,148894,7019
155914,148895,7019
155915,148896,7019
155917,148898,7019
155918,148899,7019
155919,148900,7019
155920,148901,7019
155921,148902,7019
155923,148904,7019
155924,148905,7019
155925,148906,7019
155927,148908,7019
155928,148909,7019
155929,148910,7019
155930,148911,7019
155931,148912,7019
155932,148913,7019
155934,148915,7019
155935,148916,7019
155936,148917,7019
155937,148918,7019
155938,148919,7019
155940,148921,7019
155941,148922,7019
155942,148923,7019
155943,148924,7019
155945,148926,7019
155946,148927,7019
155948,148929,7019
155949,148930,7019
155950,148931,7019
155951,148932,7019
155952,148933,7019
155953,148934,7019
155954,148935,7019
155956,148937,7019
155957,148938,7019
155958,148939,7019
155959,148940,7019
155960,148941,7019
155961,148942,7019
155963,148944,7019
155964,148945,7019
155965,148946,7019
155966,148947,7019
155967,148948,7019
155968,148949,7019
155969,148950,7019
155970,148951,7019
155972,148953,7019
155973,148954,7019
155974,148955,7019
155975,148956,7019
155976,148957,7019
155977,148957,7020
155978,148958,7020
155980,148959,7021
155981,148960,7021
155983,148961,7022
155985,148962,7023
155986,148963,7023
155987,148964,7023
155988,148965,7023
155990,148966,7024
155991,148967,7024
155992,148968,7024
155993,148969,7024
155995,148970,7025
155996,148971,7025
155997,148972,7025
155999,148974,7025
156000,148975,7025
156001,148976,7025
156002,148977,7025
156003,148978,7025
156004,148979,7025
156005,148980,7025
156006,148981,7025
156007,148982,7025
156008,148983,7025
156009,148984,7025
156010,148985,7025
156011,148986,7025
156013,148988,7025
156014,148989,7025
156015,148990,7025
156016,148991,7025
156017,148992,7025
156019,148994,7025
156020,148995,7025
156021,148996,7025
156022,148997,7025
156023,148998,7025
156024,148999,7025
156026,149001,7025
156027,149002,7025
156028,149003,7025
156029,149004,7025
156031,149006,7025
156032,149007,7025
156033,149008,7025
156034,149009,7025
156035,149010,7025
156036,149011,7025
156037,149012,7025
156038,149013,7025
156039,149014,7025
156041,149016,7025
156042,149017,7025
156043,149018,7025
156044,149019,7025
156045,149020,7025
156046,149021,7025
156047,149022,7025
156049,149024,7025
156050,149025,7025
156051,149026,7025
156052,149027,7025
156054,149029,7025
156055,149030,7025
156056,149031,7025
156058,149033,7025
156059,149034,7025
156060,149035,7025
156062,149037,7025
156063,149038,7025
156065,149040,7025
156066,149041,7025
156067,149042,7025
156068,149043,7025
156070,149045,7025
156071,149046,7025
156072,149047,7025
156073,149048,7025
156074,149049,7025
156075,149050,7025
156076,149051,7025
156077,149052,7025
156078,149053,7025
156079,149054,7025
156080,149055,7025
156081,149056,7025
156083,149058,7025
156084,149059,7025
156086,149061,7025
156087,149062,7025
156088,149063,7025
156089,149064,7025
156090,149065,7025
156091,149066,7025
156092,149067,7025
156093,149068,7025
156094,149069,7025
156095,149070,7025
156096,149071,7025
156097,149072,7025
156099,149074,7025
156100,149075,7025
156102,149077,7025
156103,149078,7025
156104,149079,7025
156105,149080,7025
156106,149081,7025
156108,149083,7025
156109,149084,7025
156110,149085,7025
156112,149087,7025
156114,149089,7025
156116,149091,7025
156117,149092,7025
156118,149093,7025
156119,149094,7025
156121,149096,7025
156123,149098,7025
156124,149099,7025
156125,149100,7025
156126,149101,7025
156127,149102,7025
156129,149104,7025
156130,149105,7025
156131,149106,7025
156132,149107,7025
156133,149108,7025
156134,149109,7025
156136,149111,7025
156138,149113,7025
156139,149114,7025
156140,149115,7025
156141,149116,7025
156142,149117,7025
156143,149118,7025
156145,149120,7025
156147,149122,7025
156148,149123,7025
156149,149124,7025
156150,149125,7025
156151,149126,7025
156152,149127,7025
156153,149128,7025
156154,149129,7025
156155,149130,7025
156156,149131,7025
156157,149132,7025
156159,149134,7025
156160,149135,7025
156161,149136,7025
156162,149137,7025
156164,149139,7025
156165,149140,7025
156166,149141,7025
156168,149143,7025
156169,149144,7025
156170,149145,7025
156171,149146,7025
156172,149147,7025
156173,149148,7025
156174,149149,7025
156176,149151,7025
156177,149152,7025
156178,149153,7025
156179,149154,7025
156180,149155,7025
156182,149157,7025
156183,149158,7025
156184,149159,7025
156185,149160,7025
156186,149161,7025
156187,149162,7025
156189,149164,7025
156190,149165,7025
156191,149166,7025
156192,149167,7025
156194,149169,7025
156196,149171,7025
156197,149172,7025
156198,149173,7025
156199,149174,7025
156201,149176,7025
156202,149177,7025
156204,149179,7025
156205,149180,7025
156206,149181,7025
156207,149182,7025
156208,149183,7025
156209,149184,7025
156210,149185,7025
156211,149186,7025
156213,149188,7025
156214,149189,7025
156216,149191,7025
156217,149192,7025
156219,149194,7025
156221,149196,7025
156223,149198,7025
156224,149199,7025
156226,149201,7025
156227,149202,7025
156229,149204,7025
156231,149206,7025
156232,149207,7025
156233,149208,7025
156234,149209,7025
156235,149210,7025
156237,149212,7025
156238,149213,7025
156239,149214,7025
156240,149215,7025
156242,149217,7025
156244,149219,7025
156245,149220,7025
156247,149222,7025
156248,149223,7025
156250,149225,7025
156251,149226,7025
156252,149227,7025
156253,149228,7025
156254,149229,7025
156255,149230,7025
156257,149232,7025
156259,149234,7025
156260,149235,7025
156261,149236,7025
156262,149237,7025
156263,149238,7025
156265,149240,7025
156266,149241,7025
156267,149242,7025
156269,149244,7025
156270,149245,7025
156271,149246,7025
156272,149247,7025
156273,149248,7025
156274,149249,7025
156275,149250,7025
156276,149251,7025
156278,149252,7026
156280,149254,7026
156281,149255,7026
156282,149256,7026
156283,149257,7026
156285,149259,7026
156286,149260,7026
156287,149260,7027
156288,149261,7027
156289,149262,7027
156291,149264,7027
156292,149265,7027
156293,149266,7027
156294,149267,7027
156295,149268,7027
156297,149270,7027
156298,149271,7027
156300,149273,7027
156301,149274,7027
156303,149276,7027
156305,149278,7027
156306,149279,7027
156307,149280,7027
156308,149281,7027
156309,149282,7027
156311,149284,7027
156312,149285,7027
156313,149286,7027
156314,149287,7027
156315,149288,7027
156317,149290,7027
156318,149291,7027
156319,149292,7027
156321,149294,7027
156322,149295,7027
156323,149295,7028
156324,149296,7028
156325,149297,7028
156327,149299,7028
156328,149300,7028
156329,149301,7028
156330,149302,7028
156332,149304,7028
156333,149305,7028
156334,149305,7029
156335,149306,7029
156336,149307,7029
156337,149308,7029
156338,149309,7029
156340,149311,7029
156341,149312,7029
156342,149313,7029
156343,149314,7029
156345,149316,7029
156346,149317,7029
156347,149318,7029
156349,149320,7029
156350,149321,7029
156351,149322,7029
156352,149323,7029
156353,149324,7029
156355,149326,7029
156356,149327,7029
156357,149328,7029
156358,149329,7029
156359,149330,7029
156360,149331,7029
156361,149332,7029
156363,149334,7029
156364,149335,7029
156365,149336,7029
156366,149337,7029
156367,149338,7029
156369,149340,7029
156371,149342,7029
156372,149343,7029
156374,149345,7029
156375,149346,7029
156377,149348,7029
156379,149350,7029
156380,149351,7029
156381,149352,7029
156382,149353,7029
156383,149354,7029
156385,149356,7029
156386,149357,7029
156388,149359,7029
156389,149360,7029
156390,149361,7029
156392,149363,7029
156393,149364,7029
156395,149366,7029
156396,149367,7029
156398,149369,7029
156399,149370,7029
156401,149372,7029
156402,149373,7029
156404,149375,7029
156405,149376,7029
156406,149377,7029
156407,149378,7029
156408,149379,7029
156410,149381,7029
156411,149381,7030
156412,149382,7030
156414,149384,7030
156415,149385,7030
156417,149387,7030
156419,149389,7030
156421,149391,7030
156422,149392,7030
156424,149394,7030
156425,149395,7030
156427,149397,7030
156428,149398,7030
156429,149399,7030
156431,149401,7030
156432,149402,7030
156433,149403,7030
156434,149404,7030
156435,149405,7030
156437,149407,7030
156438,149408,7030
156439,149409,7030
156440,149410,7030
156441,149411,7030
156442,149412,7030
156443,149413,7030
156444,149414,7030
156445,149415,7030
156447,149417,7030
156448,149418,7030
156449,149419,7030
156450,149420,7030
156451,149421,7030
156452,149422,7030
156453,149423,7030
156454,149424,7030
156455,149425,7030
156457,149427,7030
156458,149428,7030
156460,149429,7031
156461,149430,7031
156462,149431,7031
156463,149432,7031
156464,149433,7031
156465,149434,7031
156466,149435,7031
156468,149437,7031
156469,149438,7031
156470,149439,7031
156471,149440,7031
156472,149441,7031
156473,149442,7031
156474,149443,7031
156475,149444,7031
156476,149445,7031
156478,149447,7031
156479,149448,7031
156480,149449,7031
156481,149450,7031
156482,149451,7031
156483,149452,7031
156484,149453,7031
156485,149454,7031
156486,149455,7031
156488,149457,7031
156489,149458,7031
156490,149459,7031
156491,149460,7031
156492,149461,7031
156493,149462,7031
156494,149463,7031
156495,149464,7031
156496,149465,7031
156498,149467,7031
156499,149468,7031
156500,149469,7031
156501,149470,7031
156502,149471,7031
156503,149472,7031
156504,149473,7031
156505,149474,7031
156506,149475,7031
156508,149477,7031
156509,149478,7031
156510,149479,7031
156511,149480,7031
156512,149481,7031
156513,149482,7031
156514,149483,7031
156515,149484,7031
156516,149485,7031
156518,149487,7031
156519,149488,7031
156520,149489,7031
156521,149490,7031
156522,149491,7031
156523,149492,7031
156524,149493,7031
156525,149494,7031
156526,149495,7031
156528,149497,7031
156529,149498,7031
156530,149499,7031
156531,149500,7031
156532,149501,7031
156533,149502,7031
156534,149503,7031
156535,149504,7031
156536,149505,7031
156538,149507,7031
156539,149508,7031
156540,149509,7031
156541,149510,7031
156542,149511,7031
156543,149512,7031
156544,149513,7031
156545,149514,7031
156546,149515,7031
156548,149517,7031
156549,149518,7031
156550,149519,7031
156551,149520,7031
156552,149521,7031
156553,149522,7031
156554,149523,7031
156555,149524,7031
156556,149525,7031
156558,149527,7031
156559,149528,7031
156560,149529,7031
156561,149530,7031
156562,149531,7031
156563,149532,7031
156564,149533,7031
156565,149534,7031
156566,149535,7031
156568,149537,7031
156569,149538,7031
156570,149539,7031
156571,149540,7031
156572,149541,7031
156573,149542,7031
156574,149543,7031
156575,149544,7031
156576,149545,7031
156578,149547,7031
156579,149548,7031
156580,149549,7031
156581,149550,7031
156582,149551,7031
156583,149552,7031
156585,149554,7031
156587,149556,7031
156588,149557,7031
156589,149558,7031
156591,149560,7031
156593,149562,7031
156594,149563,7031
156595,149564,7031
156597,149566,7031
156598,149567,7031
156599,149568,7031
156600,149569,7031
156602,149571,7031
156603,149572,7031
156604,149573,7031
156605,149574,7031
156607,149576,7031
156609,149578,7031
156610,149579,7031
156611,149580,7031
156612,149581,7031
156614,149583,7031
156615,149584,7031
156616,149585,7031
156618,149587,7031
156620,149589,7031
156621,149590,7031
156623,149592,7031
156625,149594,7031
156626,149595,7031
156628,149597,7031
156630,149599,7031
156632,149601,7031
156633,149602,7031
156634,149603,7031
156636,149605,7031
156638,149607,7031
156639,149608,7031
156641,149610,7031
156643,149612,7031
156644,149613,7031
156645,149614,7031
156647,149616,7031
156648,149617,7031
156650,149619,7031
156651,149620,7031
156652,149621,7031
156654,149623,7031
156656,149625,7031
156657,149626,7031
156659,149628,7031
156660,149629,7031
156662,149631,7031
156663,149632,7031
156665,149634,7031
156667,149636,7031
156669,149638,7031
156670,149639,7031
156672,149641,7031
156673,149642,7031
156675,149644,7031
156676,149645,7031
156678,149647,7031
156679,149648,7031
156680,149649,7031
156681,149650,7031
156682,149651,7031
156683,149652,7031
156684,149653,7031
156685,149654,7031
156686,149655,7031
156687,149656,7031
156688,149657,7031
156689,149658,7031
156690,149659,7031
156691,149660,7031
156692,149661,7031
156694,149663,7031
156695,149664,7031
156696,149665,7031
156697,149666,7031
156699,149668,7031
156700,149669,7031
156701,149670,7031
156703,149672,7031
156705,149674,7031
156706,149675,7031
156708,149677,7031
156710,149679,7031
156712,149681,7031
156713,149682,7031
156714,149683,7031
156715,149684,7031
156716,149685,7031
156717,149686,7031
156719,149688,7031
156720,149689,7031
156722,149691,7031
156724,149693,7031
156726,149695,7031
156727,149696,7031
156729,149698,7031
156730,149699,7031
156732,149701,7031
156733,149702,7031
156734,149703,7031
156735,149704,7031
156737,149706,7031
156739,149708,7031
156740,149709,7031
156741,149710,7031
156742,149711,7031
156744,149713,7031
156746,149715,7031
156747,149716,7031
156749,149718,7031
156750,149719,7031
156751,149720,7031
156752,149721,7031
156754,149723,7031
156755,149724,7031
156756,149725,7031
156757,149726,7031
156758,149727,7031
156760,149729,7031
156761,149730,7031
156762,149731,7031
156763,149732,7031
156765,149734,7031
156766,149735,7031
156767,149736,7031
156768,149737,7031
156769,149738,7031
156771,149740,7031
156773,149742,7031
156774,149743,7031
156776,149745,7031
156777,149746,7031
156778,149747,7031
156779,149748,7031
156780,149749,7031
156782,149751,7031
156784,149753,7031
156785,149754,7031
156786,149755,7031
156787,149756,7031
156788,149757,7031
156790,149759,7031
156792,149761,7031
156793,149762,7031
156794,149763,7031
156795,149764,7031
156797,149766,7031
156799,149768,7031
156800,149769,7031
156801,149770,7031
156802,149771,7031
156804,149773,7031
156805,149774,7031
156807,149776,7031
156809,149778,7031
156811,149780,7031
156812,149781,7031
156813,149782,7031
156814,149783,7031
156816,149785,7031
156817,149786,7031
156818,149787,7031
156819,149788,7031
156820,149789,7031
156821,149790,7031
156823,149792,7031
156824,149793,7031
156826,149795,7031
156828,149797,7031
156829,149798,7031
156830,149799,7031
156831,149800,7031
156833,149802,7031
156835,149804,7031
156836,149805,7031
156837,149806,7031
156838,149807,7031
156839,149808,7031
156840,149809,7031
156841,149810,7031
156842,149811,7031
156843,149812,7031
156844,149813,7031
156845,149814,7031
156847,149816,7031
156848,149817,7031
156850,149819,7031
156851,149820,7031
156852,149821,7031
156853,149822,7031
156854,149823,7031
156856,149825,7031
156857,149826,7031
156858,149827,7031
156859,149828,7031
156861,149830,7031
156863,149832,7031
156864,149833,7031
156865,149834,7031
156866,149835,7031
156867,149836,7031
156869,149838,7031
156870,149839,7031
156872,149841,7031
156873,149842,7031
156874,149843,7031
156875,149844,7031
156876,149845,7031
156878,149847,7031
156880,149849,7031
156882,149851,7031
156883,149852,7031
156884,149853,7031
156885,149854,7031
156887,149856,7031
156889,149858,7031
156891,149860,7031
156892,149861,7031
156893,149862,7031
156895,149864,7031
156897,149866,7031
156898,149867,7031
156899,149868,7031
156900,149869,7031
156902,149871,7031
156903,149872,7031
156904,149873,7031
156906,149875,7031
156907,149876,7031
156908,149877,7031
156909,149878,7031
156910,149879,7031
156912,149881,7031
156913,149882,7031
156914,149883,7031
156915,149884,7031
156916,149885,7031
156917,149886,7031
156919,149888,7031
156920,149889,7031
156922,149891,7031
156924,149893,7031
156925,149894,7031
156926,149895,7031
156927,149896,7031
156929,149898,7031
156931,149900,7031
156932,149901,7031
156933,149902,7031
156934,149903,7031
156935,149904,7031
156936,149905,7031
156937,149906,7031
156938,149907,7031
156939,149908,7031
156941,149910,7031
156942,149911,7031
156944,149913,7031
156945,149914,7031
156947,149916,7031
156948,149917,7031
156949,149918,7031
156950,149919,7031
156951,149920,7031
156953,149922,7031
156954,149923,7031
156955,149924,7031
156956,149925,7031
156958,149927,7031
156960,149929,7031
156961,149930,7031
156962,149931,7031
156963,149932,7031
156964,149933,7031
156966,149935,7031
156967,149936,7031
156969,149938,7031
156970,149939,7031
156971,149940,7031
156973,149942,7031
156974,149943,7031
156976,149945,7031
156978,149947,7031
156980,149949,7031
156981,149950,7031
156983,149952,7031
156984,149953,7031
156986,149955,7031
156988,149957,7031
156990,149959,7031
156991,149960,7031
156992,149961,7031
156994,149963,7031
156996,149965,7031
156997,149966,7031
156998,149967,7031
156999,149968,7031
157001,149970,7031
157002,149971,7031
157004,149972,7032
157006,149974,7032
157007,149975,7032
157008,149976,7032
157009,149977,7032
157010,149978,7032
157012,149980,7032
157013,149981,7032
157014,149982,7032
157015,149983,7032
157016,149984,7032
157017,149985,7032
157019,149987,7032
157020,149988,7032
157022,149990,7032
157023,149991,7032
157025,149993,7032
157026,149994,7032
157027,149995,7032
157028,149996,7032
157029,149997,7032
157030,149998,7032
157032,150000,7032
157033,150001,7032
157034,150002,7032
157036,150004,7032
157038,150006,7032
157039,150007,7032
157040,150008,7032
157041,150009,7032
157042,150010,7032
157044,150012,7032
157046,150014,7032
157047,150015,7032
157049,150017,7032
157050,150018,7032
157051,150019,7032
157053,150021,7032
157054,150022,7032
157056,150024,7032
157057,150025,7032
157059,150027,7032
157061,150029,7032
157063,150031,7032
157064,150032,7032
157065,150033,7032
157067,150035,7032
157069,150036,7033
157070,150037,7033
157071,150038,7033
157072,150039,7033
157073,150040,7033
157074,150041,7033
157076,150043,7033
157078,150045,7033
157079,150046,7033
157080,150047,7033
157081,150048,7033
157083,150050,7033
157085,150052,7033
157087,150054,7033
157089,150056,7033
157090,150057,7033
157092,150059,7033
157093,150060,7033
157095,150062,7033
157096,150063,7033
157097,150064,7033
157098,150065,7033
157100,150067,7033
157102,150069,7033
157103,150070,7033
157104,150071,7033
157105,150072,7033
157106,150073,7033
157108,150075,7033
157110,150077,7033
157111,150078,7033
157113,150080,7033
157114,150081,7033
157115,150082,7033
157117,150084,7033
157119,150086,7033
157120,150087,7033
157121,150088,7033
157122,150089,7033
157123,150090,7033
157124,150091,7033
157125,150092,7033
157126,150093,7033
157127,150094,7033
157128,150095,7033
157129,150096,7033
157130,150097,7033
157131,150098,7033
157132,150098,7034
157134,150100,7034
157136,150102,7034
157137,150103,7034
157138,150104,7034
157140,150105,7035
157141,150106,7035
157142,150107,7035
157143,150108,7035
157144,150109,7035
157146,150111,7035
157147,150112,7035
157148,150113,7035
157150,150115,7035
157151,150116,7035
157152,150117,7035
157153,150118,7035
157154,150119,7035
157155,150120,7035
157157,150122,7035
157158,150123,7035
157159,150124,7035
157160,150125,7035
157161,150126,7035
157163,150128,7035
157164,150129,7035
157165,150130,7035
157166,150131,7035
157168,150133,7035
157169,150134,7035
157171,150136,7035
157172,150137,7035
157173,150138,7035
157174,150139,7035
157175,150140,7035
157176,150141,7035
157177,150142,7035
157179,150144,7035
157180,150145,7035
157181,150146,7035
157182,150147,7035
157184,150147,7037
157185,150148,7037
157187,150150,7037
157189,150152,7037
157190,150153,7037
157191,150154,7037
157192,150155,7037
157193,150156,7037
157195,150158,7037
157196,150159,7037
157197,150160,7037
157198,150161,7037
157200,150163,7037
157201,150164,7037
157202,150165,7037
157203,150166,7037
157204,150167,7037
157205,150168,7037
157206,150169,7037
157207,150170,7037
157208,150171,7037
157209,150172,7037
157210,150173,7037
157211,150174,7037
157212,150175,7037
157214,150177,7037
157215,150178,7037
157216,150179,7037
157217,150180,7037
157218,150181,7037
157220,150183,7037
157221,150184,7037
157222,150185,7037
157223,150186,7037
157224,150187,7037
157225,150188,7037
157227,150190,7037
157228,150191,7037
157229,150192,7037
157230,150193,7037
157232,150195,7037
157233,150196,7037
157234,150197,7037
157235,150198,7037
157236,150199,7037
157237,150200,7037
157238,150201,7037
157239,150202,7037
157240,150203,7037
157242,150205,7037
157243,150206,7037
157244,150207,7037
157245,150208,7037
157246,150209,7037
157247,150210,7037
157248,150211,7037
157250,150213,7037
157251,150214,7037
157252,150215,7037
157253,150216,7037
157255,150218,7037
157256,150219,7037
157257,150220,7037
157259,150222,7037
157260,150223,7037
157261,150224,7037
157263,150226,7037
157264,150227,7037
157266,150229,7037
157267,150230,7037
157268,150231,7037
157269,150232,7037
157271,150234,7037
157272,150235,7037
157273,150236,7037
157274,150237,7037
157275,150238,7037
157276,150239,7037
157277,150240,7037
157278,150241,7037
157279,150242,7037
157280,150243,7037
157281,150244,7037
157282,150245,7037
157284,150247,7037
157285,150248,7037
157287,150250,7037
157288,150251,7037
157289,150252,7037
157290,150253,7037
157291,150254,7037
157292,150255,7037
157293,150256,7037
157294,150257,7037
157295,150258,7037
157296,150259,7037
157297,150260,7037
157298,150261,7037
157300,150263,7037
157301,150264,7037
157303,150266,7037
157304,150267,7037
157305,150268,7037
157306,150269,7037
157307,150270,7037
157309,150272,7037
157310,150273,7037
157311,150274,7037
157313,150276,7037
157315,150278,7037
157317,150280,7037
157318,150281,7037
157319,150282,7037
157320,150283,7037
157322,150285,7037
157324,150287,7037
157325,150288,7037
157326,150289,7037
157327,150290,7037
157328,150291,7037
157330,150293,7037
157331,150294,7037
157332,150295,7037
157333,150296,7037
157334,150297,7037
157335,150298,7037
157337,150300,7037
157339,150302,7037
157340,150303,7037
157341,150304,7037
157342,150305,7037
157343,150306,7037
157344,150307,7037
157346,150309,7037
157348,150311,7037
157349,150312,7037
157350,150313,7037
157351,150314,7037
157352,150315,7037
157353,150316,7037
157354,150317,7037
157355,150318,7037
157356,150319,7037
157357,150320,7037
157358,150321,7037
157360,150323,7037
157361,150324,7037
157362,150325,7037
157363,150326,7037
157365,150328,7037
157366,150329,7037
157367,150330,7037
157369,150332,7037
157370,150333,7037
157371,150334,7037
157372,150335,7037
157373,150336,7037
157374,150337,7037
157375,150338,7037
157377,150340,7037
157378,150341,7037
157379,150342,7037
157380,150343,7037
157381,150344,7037
157383,150346,7037
157384,150347,7037
157385,150348,7037
157386,150349,7037
157387,150350,7037
157388,150351,7037
157390,150353,7037
157391,150354,7037
157392,150355,7037
157393,150356,7037
157395,150358,7037
157397,150360,7037
157398,150361,7037
157399,150362,7037
157400,150363,7037
157402,150365,7037
157403,150366,7037
157405,150368,7037
157406,150369,7037
157407,150370,7037
157408,150371,7037
157409,150372,7037
157410,150373,7037
157411,150374,7037
157412,150375,7037
157414,150377,7037
157415,150378,7037
157417,150380,7037
157418,150381,7037
157420,150383,7037
157422,150385,7037
157424,150387,7037
157425,150388,7037
157427,150390,7037
157428,150391,7037
157430,150393,7037
157432,150395,7037
157433,150396,7037
157434,150397,7037
157435,150398,7037
157436,150399,7037
157438,150401,7037
157439,150402,7037
157440,150403,7037
157441,150404,7037
157443,150406,7037
157445,150408,7037
157446,150409,7037
157448,150411,7037
157449,150412,7037
157451,150414,7037
157452,150415,7037
157453,150416,7037
157454,150417,7037
157455,150418,7037
157456,150419,7037
157458,150421,7037
157460,150423,7037
157461,150424,7037
157462,150425,7037
157463,150426,7037
157464,150427,7037
157466,150429,7037
157467,150430,7037
157468,150431,7037
157470,150433,7037
157471,150434,7037
157473,150435,7038
157474,150436,7038
157475,150437,7038
157476,150438,7038
157478,150439,7039
157479,150440,7039
157481,150440,7041
157483,150442,7041
157484,150443,7041
157485,150444,7041
157486,150445,7041
157488,150447,7041
157489,150448,7041
157491,150449,7042
157492,150450,7042
157493,150451,7042
157495,150453,7042
157496,150454,7042
157497,150455,7042
157498,150456,7042
157499,150457,7042
157501,150459,7042
157502,150460,7042
157503,150461,7042
157504,150462,7042
157506,150464,7042
157508,150466,7042
157509,150467,7042
157510,150468,7042
157511,150469,7042
157512,150470,7042
157514,150472,7042
157515,150473,7042
157516,150474,7042
157517,150475,7042
157518,150476,7042
157520,150478,7042
157521,150479,7042
157522,150480,7042
157524,150482,7042
157525,150483,7042
157526,150483,7043
157527,150484,7043
157528,150485,7043
157530,150487,7043
157531,150488,7043
157532,150489,7043
157533,150490,7043
157535,150492,7043
157536,150493,7043
157537,150494,7043
157538,150495,7043
157539,150496,7043
157540,150497,7043
157541,150498,7043
157543,150500,7043
157544,150501,7043
157545,150502,7043
157546,150503,7043
157548,150505,7043
157549,150506,7043
157550,150507,7043
157552,150509,7043
157553,150510,7043
157554,150511,7043
157555,150512,7043
157556,150513,7043
157558,150515,7043
157559,150516,7043
157560,150517,7043
157561,150518,7043
157562,150519,7043
157563,150520,7043
157564,150521,7043
157566,150523,7043
157567,150524,7043
157568,150525,7043
157569,150526,7043
157570,150527,7043
157572,150529,7043
157574,150531,7043
157575,150532,7043
157577,150534,7043
157578,150535,7043
157580,150537,7043
157582,150539,7043
157583,150540,7043
157584,150541,7043
157585,150542,7043
157586,150543,7043
157588,150545,7043
157589,150546,7043
157591,150548,7043
157592,150549,7043
157593,150550,7043
157595,150552,7043
157596,150553,7043
157598,150555,7043
157599,150556,7043
157601,150558,7043
157602,150559,7043
157604,150561,7043
157605,150562,7043
157607,150564,7043
157608,150565,7043
157609,150566,7043
157610,150567,7043
157611,150568,7043
157613,150570,7043
157614,150571,7043
157615,150572,7043
157617,150574,7043
157618,150575,7043
157620,150577,7043
157622,150579,7043
157624,150581,7043
157625,150582,7043
157627,150584,7043
157628,150585,7043
157630,150587,7043
157631,150588,7043
157632,150589,7043
157634,150591,7043
157635,150592,7043
157636,150593,7043
157637,150594,7043
157638,150595,7043
157640,150597,7043
157641,150598,7043
157642,150599,7043
157643,150600,7043
157644,150601,7043
157645,150602,7043
157646,150603,7043
157647,150604,7043
157648,150605,7043
157650,150607,7043
157651,150608,7043
157652,150609,7043
157653,150610,7043
157654,150611,7043
157655,150612,7043
157656,150613,7043
157657,150614,7043
157658,150615,7043
157660,150617,7043
157661,150618,7043
157663,150619,7044
157664,150620,7044
157665,150621,7044
157666,150622,7044
157667,150623,7044
157668,150624,7044
157669,150625,7044
157671,150627,7044
157672,150628,7044
157673,150629,7044
157674,150630,7044
157675,150631,7044
157676,150632,7044
157677,150633,7044
157678,150634,7044
157679,150635,7044
157681,150637,7044
157682,150638,7044
157683,150639,7044
157684,150640,7044
157685,150641,7044
157686,150642,7044
157687,150643,7044
157688,150644,7044
157689,150645,7044
157691,150647,7044
157692,150648,7044
157693,150649,7044
157694,150650,7044
157695,150651,7044
157696,150652,7044
157698,150654,7044
157700,150656,7044
157701,150657,7044
157702,150658,7044
157704,150660,7044
157706,150662,7044
157707,150663,7044
157708,150664,7044
157710,150666,7044
157711,150667,7044
157712,150668,7044
157713,150669,7044
157715,150671,7044
157716,150672,7044
157717,150673,7044
157718,150674,7044
157720,150676,7044
157722,150678,7044
157723,150679,7044
157724,150680,7044
157725,150681,7044
157727,150683,7044
157728,150684,7044
157729,150685,7044
157731,150687,7044
157733,150689,7044
157734,150690,7044
157736,150692,7044
157738,150694,7044
157739,150695,7044
157741,150697,7044
157743,150699,7044
157745,150701,7044
157746,150702,7044
157747,150703,7044
157749,150705,7044
157751,150707,7044
157752,150708,7044
157754,150710,7044
157756,150712,7044
157757,150713,7044
157758,150714,7044
157760,150716,7044
157761,150717,7044
157763,150719,7044
157764,150720,7044
157765,150721,7044
157767,150723,7044
157769,150725,7044
157770,150726,7044
157772,150728,7044
157773,150729,7044
157775,150731,7044
157776,150732,7044
157778,150734,7044
157780,150736,7044
157782,150738,7044
157783,150739,7044
157785,150741,7044
157786,150742,7044
157788,150744,7044
157789,150745,7044
157791,150747,7044
157792,150748,7044
157793,150749,7044
157794,150750,7044
157795,150751,7044
157796,150752,7044
157797,150753,7044
157798,150754,7044
157799,150755,7044
157800,150756,7044
157801,150757,7044
157802,150758,7044
157803,150759,7044
157804,150760,7044
157805,150761,7044
157807,150763,7044
157808,150764,7044
157809,150765,7044
157810,150766,7044
157812,150768,7044
157813,150769,7044
157814,150770,7044
157816,150772,7044
157818,150774,7044
157819,150775,7044
157821,150777,7044
157823,150779,7044
157825,150781,7044
157826,150782,7044
157827,150783,7044
157828,150784,7044
157829,150785,7044
157830,150786,7044
157832,150788,7044
157833,150789,7044
157835,150791,7044
157837,150793,7044
157839,150795,7044
157840,150796,7044
157842,150798,7044
157843,150799,7044
157845,150801,7044
157846,150802,7044
157847,150803,7044
157848,150804,7044
157850,150806,7044
157852,150808,7044
157853,150809,7044
157854,150810,7044
157855,150811,7044
157857,150813,7044
157859,150815,7044
157860,150816,7044
157862,150818,7044
157863,150819,7044
157864,150820,7044
157865,150821,7044
157867,150823,7044
157868,150824,7044
157869,150825,7044
157870,150826,7044
157871,150827,7044
157873,150829,7044
157874,150830,7044
157875,150831,7044
157876,150832,7044
157878,150834,7044
157879,150835,7044
157880,150836,7044
157881,150837,7044
157882,150838,7044
157884,150840,7044
157886,150842,7044
157887,150843,7044
157889,150845,7044
157890,150846,7044
157891,150847,7044
157892,150848,7044
157893,150849,7044
157895,150851,7044
157897,150853,7044
157898,150854,7044
157899,150855,7044
157900,150856,7044
157901,150857,7044
157903,150859,7044
157905,150861,7044
157906,150862,7044
157907,150863,7044
157908,150864,7044
157910,150866,7044
157912,150868,7044
157913,150869,7044
157914,150870,7044
157915,150871,7044
157917,150873,7044
157918,150874,7044
157920,150876,7044
157922,150878,7044
157924,150880,7044
157925,150881,7044
157926,150882,7044
157927,150883,7044
157929,150885,7044
157930,150886,7044
157931,150887,7044
157932,150888,7044
157933,150889,7044
157934,150890,7044
157936,150892,7044
157937,150893,7044
157939,150895,7044
157941,150897,7044
157942,150898,7044
157943,150899,7044
157944,150900,7044
157946,150902,7044
157948,150904,7044
157949,150905,7044
157950,150906,7044
157951,150907,7044
157952,150908,7044
157953,150909,7044
157954,150910,7044
157955,150911,7044
157956,150912,7044
157957,150913,7044
157958,150914,7044
157960,150916,7044
157961,150917,7044
157963,150919,7044
157964,150920,7044
157965,150921,7044
157966,150922,7044
157967,150923,7044
157969,150925,7044
157970,150926,7044
157971,150927,7044
157972,150928,7044
157974,150930,7044
157976,150932,7044
157977,150933,7044
157978,150934,7044
157979,150935,7044
157980,150936,7044
157982,150938,7044
157983,150939,7044
157985,150941,7044
157986,150942,7044
157987,150943,7044
157988,150944,7044
157989,150945,7044
157991,150947,7044
157993,150949,7044
157995,150951,7044
157996,150952,7044
157997,150953,7044
157998,150954,7044
158000,150956,7044
158002,150958,7044
158004,150960,7044
158005,150961,7044
158006,150962,7044
158008,150964,7044
158010,150966,7044
158011,150967,7044
158012,150968,7044
158013,150969,7044
158015,150971,7044
158016,150972,7044
158017,150973,7044
158019,150975,7044
158020,150976,7044
158021,150977,7044
158022,150978,7044
158023,150979,7044
158025,150981,7044
158026,150982,7044
158027,150983,7044
158028,150984,7044
158029,150985,7044
158030,150986,7044
158032,150988,7044
158033,150989,7044
158035,150991,7044
158037,150993,7044
158038,150994,7044
158039,150995,7044
158040,150996,7044
158042,150998,7044
158044,151000,7044
158045,151001,7044
158046,151002,7044
158047,151003,7044
158048,151004,7044
158049,151005,7044
158050,151006,7044
158051,151007,7044
158052,151008,7044
158054,151010,7044
158055,151011,7044
158057,151013,7044
158058,151014,7044
158060,151016,7044
158061,151017,7044
158062,151018,7044
158063,151019,7044
158064,151020,7044
158066,151022,7044
158067,151023,7044
158068,151024,7044
158069,151025,7044
158071,151027,7044
158073,151029,7044
158074,151030,7044
158075,151031,7044
158076,151032,7044
158077,151033,7044
158079,151035,7044
158080,151036,7044
158082,151038,7044
158083,151039,7044
158084,151040,7044
158086,151042,7044
158087,151043,7044
158089,151045,7044
158091,151047,7044
158093,151049,7044
158094,151050,7044
158096,151052,7044
158097,151053,7044
158099,151055,7044
158101,151057,7044
158103,151059,7044
158104,151060,7044
158105,151061,7044
158107,151063,7044
158109,151065,7044
158110,151066,7044
158111,151067,7044
158112,151068,7044
158114,151070,7044
158115,151071,7044
158117,151073,7044
158119,151075,7044
158120,151076,7044
158121,151077,7044
158122,151078,7044
158123,151079,7044
158125,151081,7044
158126,151082,7044
158127,151083,7044
158128,151084,7044
158129,151085,7044
158130,151086,7044
158132,151088,7044
158133,151089,7044
158135,151091,7044
158136,151092,7044
158138,151094,7044
158139,151095,7044
158140,151096,7044
158141,151097,7044
158142,151098,7044
158143,151099,7044
158145,151101,7044
158146,151102,7044
158147,151103,7044
158149,151105,7044
158151,151107,7044
158152,151108,7044
158153,151109,7044
158154,151110,7044
158155,151111,7044
158157,151113,7044
158159,151115,7044
158160,151116,7044
158162,151118,7044
158163,151119,7044
158164,151120,7044
158166,151122,7044
158167,151123,7044
158169,151125,7044
158170,151126,7044
158172,151128,7044
158174,151130,7044
158176,151132,7044
158177,151133,7044
158178,151134,7044
158180,151136,7044
158182,151137,7045
158183,151138,7045
158184,151139,7045
158185,151140,7045
158186,151141,7045
158187,151142,7045
158188,151143,7045
158189,151144,7045
158191,151146,7045
158192,151147,7045
158193,151148,7045
158194,151149,7045
158195,151150,7045
158196,151151,7045
158197,151152,7045
158199,151154,7045
158201,151156,7045
158202,151157,7045
158203,151158,7045
158204,151159,7045
158206,151161,7045
158208,151163,7045
158210,151165,7045
158212,151167,7045
158213,151168,7045
158215,151170,7045
158216,151171,7045
158218,151173,7045
158219,151174,7045
158220,151175,7045
158221,151176,7045
158223,151178,7045
158225,151180,7045
158226,151181,7045
158227,151182,7045
158228,151183,7045
158229,151184,7045
158231,151186,7045
158233,151188,7045
158234,151189,7045
158236,151191,7045
158237,151192,7045
158238,151193,7045
158240,151195,7045
158242,151197,7045
158243,151198,7045
158244,151199,7045
158245,151200,7045
158246,151201,7045
158247,151202,7045
158248,151203,7045
158249,151204,7045
158250,151205,7045
158251,151206,7045
158252,151207,7045
158253,151208,7045
158254,151209,7045
158255,151210,7045
158257,151212,7045
158259,151214,7045
158260,151215,7045
158261,151216,7045
158262,151217,7045
158263,151218,7045
158264,151219,7045
158265,151220,7045
158267,151222,7045
158269,151224,7045
158270,151225,7045
158271,151226,7045
158273,151228,7045
158274,151229,7045
158275,151230,7045
158276,151231,7045
158277,151232,7045
158278,151233,7045
158280,151235,7045
158281,151236,7045
158282,151237,7045
158283,151238,7045
158284,151239,7045
158286,151241,7045
158287,151242,7045
158288,151243,7045
158289,151244,7045
158291,151246,7045
158292,151247,7045
158294,151249,7045
158295,151250,7045
158296,151251,7045
158297,151252,7045
158298,151253,7045
158299,151254,7045
158300,151255,7045
158302,151257,7045
158303,151258,7045
158304,151259,7045
158305,151260,7045
158307,151262,7045
158308,151263,7045
158309,151264,7045
158310,151265,7045
158311,151266,7045
158312,151267,7045
158313,151268,7045
158315,151270,7045
158316,151271,7045
158317,151272,7045
158318,151273,7045
158320,151275,7045
158321,151276,7045
158322,151276,7046
158323,151277,7046
158324,151278,7046
158325,151278,7047
158326,151279,7047
158328,151281,7047
158329,151282,7047
158331,151283,7048
158333,151284,7049
158334,151285,7049
158335,151286,7049
158336,151287,7049
158338,151288,7050
158339,151289,7050
158340,151290,7050
158341,151291,7050
158343,151292,7051
158344,151293,7051
158346,151294,7052
158347,151295,7052
158348,151296,7052
158350,151297,7053
158351,151298,7053
158353,151299,7054
158354,151300,7054
158356,151301,7055
158357,151302,7055
158358,151303,7055
158359,151304,7055
158361,151305,7056
158363,151306,7057
158365,151308,7057
158366,151309,7057
158367,151310,7057
158369,151311,7058
158370,151312,7058
158371,151313,7058
158372,151314,7058
158374,151315,7059
158375,151316,7059
158376,151317,7059
158378,151318,7060
158379,151319,7060
158380,151320,7060
158381,151321,7060
158383,151323,7060
158384,151324,7060
158385,151325,7060
158386,151326,7060
158388,151328,7060
158389,151329,7060
158390,151330,7060
158391,151331,7060
158392,151332,7060
158393,151333,7060
158394,151334,7060
158395,151335,7060
158396,151336,7060
158397,151337,7060
158398,151338,7060
158399,151339,7060
158401,151341,7060
158402,151342,7060
158403,151343,7060
158404,151344,7060
158405,151345,7060
158407,151347,7060
158408,151348,7060
158409,151349,7060
158410,151350,7060
158411,151351,7060
158412,151352,7060
158414,151354,7060
158415,151355,7060
158416,151356,7060
158417,151357,7060
158419,151359,7060
158420,151360,7060
158421,151361,7060
158422,151362,7060
158423,151363,7060
158424,151364,7060
158425,151365,7060
158426,151366,7060
158427,151367,7060
158429,151369,7060
158430,151370,7060
158431,151371,7060
158432,151372,7060
158433,151373,7060
158434,151374,7060
158435,151375,7060
158437,151377,7060
158438,151378,7060
158439,151379,7060
158440,151380,7060
158442,151382,7060
158443,151383,7060
158444,151384,7060
158446,151386,7060
158447,151387,7060
158448,151388,7060
158450,151390,7060
158451,151391,7060
158453,151393,7060
158454,151394,7060
158455,151395,7060
158456,151396,7060
158458,151398,7060
158459,151399,7060
158460,151400,7060
158461,151401,7060
158462,151402,7060
158463,151403,7060
158464,151404,7060
158465,151405,7060
158466,151406,7060
158467,151407,7060
158468,151408,7060
158469,151409,7060
158471,151411,7060
158472,151412,7060
158474,151414,7060
158475,151415,7060
158476,151416,7060
158477,151417,7060
158478,151418,7060
158479,151419,7060
158480,151420,7060
158481,151421,7060
158482,151422,7060
158483,151423,7060
158484,151424,7060
158485,151425,7060
158487,151427,7060
158488,151428,7060
158490,151430,7060
158491,151431,7060
158492,151432,7060
158493,151433,7060
158494,151434,7060
158496,151436,7060
158497,151437,7060
158498,151438,7060
158500,151440,7060
158502,151442,7060
158504,151444,7060
158505,151445,7060
158506,151446,7060
158507,151447,7060
158509,151449,7060
158511,151451,7060
158512,151452,7060
158513,151453,7060
158514,151454,7060
158515,151455,7060
158517,151457,7060
158518,151458,7060
158519,151459,7060
158520,151460,7060
158521,151461,7060
158522,151462,7060
158524,151464,7060
158526,151466,7060
158527,151467,7060
158528,151468,7060
158529,151469,7060
158530,151470,7060
158531,151471,7060
158533,151473,7060
158535,151475,7060
158536,151476,7060
158537,151477,7060
158538,151478,7060
158539,151479,7060
158540,151480,7060
158541,151481,7060
158542,151482,7060
158543,151483,7060
158544,151484,7060
158545,151485,7060
158547,151487,7060
158548,151488,7060
158549,151489,7060
158550,151490,7060
158552,151492,7060
158553,151493,7060
158554,151494,7060
158556,151496,7060
158557,151497,7060
158558,151498,7060
158559,151499,7060
158560,151500,7060
158561,151501,7060
158562,151502,7060
158564,151504,7060
158565,151505,7060
158566,151506,7060
158567,151507,7060
158568,151508,7060
158570,151510,7060
158571,151511,7060
158572,151512,7060
158573,151513,7060
158574,151514,7060
158575,151515,7060
158577,151517,7060
158578,151518,7060
158579,151519,7060
158580,151520,7060
158582,151522,7060
158584,151524,7060
158585,151525,7060
158586,151526,7060
158587,151527,7060
158589,151529,7060
158590,151530,7060
158592,151532,7060
158593,151533,7060
158594,151534,7060
158595,151535,7060
158596,151536,7060
158597,151537,7060
158598,151538,7060
158599,151539,7060
158601,151541,7060
158602,151542,7060
158604,151544,7060
158605,151545,7060
158607,151547,7060
158609,151549,7060
158611,151551,7060
158612,151552,7060
158614,151554,7060
158615,151555,7060
158617,151557,7060
158619,151559,7060
158620,151560,7060
158621,151561,7060
158622,151562,7060
158623,151563,7060
158625,151565,7060
158626,151566,7060
158627,151567,7060
158628,151568,7060
158630,151570,7060
158632,151572,7060
158633,151573,7060
158635,151575,7060
158636,151576,7060
158638,151578,7060
158639,151579,7060
158640,151580,7060
158641,151581,7060
158642,151582,7060
158643,151583,7060
158645,151585,7060
158646,151586,7060
158647,151587,7060
158648,151588,7060
158649,151589,7060
158650,151590,7060
158652,151592,7060
158653,151593,7060
158654,151594,7060
158656,151596,7060
158657,151597,7060
158659,151598,7061
158660,151599,7061
158661,151600,7061
158662,151601,7061
158663,151602,7061
158664,151603,7061
158665,151604,7061
158667,151606,7061
158668,151607,7061
158669,151608,7061
158670,151609,7061
158672,151611,7061
158673,151612,7061
158674,151612,7062
158675,151613,7062
158676,151614,7062
158678,151616,7062
158679,151617,7062
158680,151618,7062
158681,151619,7062
158682,151620,7062
158684,151622,7062
158685,151623,7062
158687,151625,7062
158688,151626,7062
158690,151628,7062
158692,151630,7062
158693,151631,7062
158695,151633,7062
158696,151634,7062
158697,151635,7062
158699,151637,7062
158700,151638,7062
158701,151639,7062
158702,151640,7062
158703,151641,7062
158705,151643,7062
158706,151644,7062
158707,151645,7062
158709,151647,7062
158710,151648,7062
158711,151648,7063
158712,151649,7063
158713,151650,7063
158715,151652,7063
158716,151653,7063
158717,151654,7063
158718,151655,7063
158720,151657,7063
158721,151658,7063
158722,151659,7063
158723,151660,7063
158724,151661,7063
158725,151662,7063
158726,151663,7063
158728,151665,7063
158729,151666,7063
158730,151667,7063
158731,151668,7063
158733,151670,7063
158734,151671,7063
158735,151672,7063
158737,151674,7063
158738,151675,7063
158739,151676,7063
158740,151677,7063
158741,151678,7063
158743,151680,7063
158744,151681,7063
158745,151682,7063
158746,151683,7063
158747,151684,7063
158748,151685,7063
158749,151686,7063
158751,151688,7063
158752,151689,7063
158753,151690,7063
158754,151691,7063
158755,151692,7063
158757,151694,7063
158759,151696,7063
158760,151697,7063
158762,151699,7063
158763,151700,7063
158765,151702,7063
158767,151704,7063
158768,151705,7063
158769,151706,7063
158770,151707,7063
158771,151708,7063
158773,151710,7063
158774,151711,7063
158776,151713,7063
158777,151714,7063
158778,151715,7063
158780,151717,7063
158781,151718,7063
158783,151720,7063
158784,151721,7063
158786,151723,7063
158787,151724,7063
158789,151726,7063
158790,151727,7063
158792,151729,7063
158793,151730,7063
158794,151731,7063
158795,151732,7063
158796,151733,7063
158798,151735,7063
158799,151735,7064
158800,151736,7064
158802,151738,7064
158803,151739,7064
158805,151741,7064
158807,151743,7064
158809,151745,7064
158810,151746,7064
158812,151748,7064
158813,151749,7064
158815,151751,7064
158816,151752,7064
158817,151753,7064
158819,151755,7064
158820,151756,7064
158821,151757,7064
158822,151758,7064
158823,151759,7064
158825,151761,7064
158826,151762,7064
158827,151763,7064
158828,151764,7064
158829,151765,7064
158830,151766,7064
158831,151767,7064
158832,151768,7064
158833,151769,7064
158835,151771,7064
158836,151772,7064
158837,151773,7064
158838,151774,7064
158839,151775,7064
158840,151776,7064
158841,151777,7064
158842,151778,7064
158843,151779,7064
158845,151781,7064
158846,151782,7064
158847,151783,7064
158848,151784,7064
158849,151785,7064
158850,151786,7064
158851,151787,7064
158852,151788,7064
158853,151789,7064
158855,151791,7064
158856,151792,7064
158857,151793,7064
158858,151794,7064
158859,151795,7064
158860,151796,7064
158861,151797,7064
158862,151798,7064
158863,151799,7064
158865,151801,7064
158866,151802,7064
158867,151803,7064
158868,151804,7064
158869,151805,7064
158870,151806,7064
158871,151807,7064
158872,151808,7064
158873,151809,7064
158875,151811,7064
158876,151812,7064
158877,151813,7064
158878,151814,7064
158879,151815,7064
158880,151816,7064
158882,151818,7064
158884,151820,7064
158885,151821,7064
158886,151822,7064
158888,151824,7064
158890,151826,7064
158891,151827,7064
158892,151828,7064
158894,151830,7064
158895,151831,7064
158896,151832,7064
158897,151833,7064
158899,151835,7064
158900,151836,7064
158901,151837,7064
158902,151838,7064
158904,151840,7064
158906,151842,7064
158907,151843,7064
158908,151844,7064
158909,151845,7064
158911,151847,7064
158912,151848,7064
158913,151849,7064
158915,151851,7064
158917,151853,7064
158918,151854,7064
158920,151856,7064
158922,151858,7064
158923,151859,7064
158925,151861,7064
158927,151863,7064
158929,151865,7064
158930,151866,7064
158931,151867,7064
158933,151869,7064
158935,151871,7064
158936,151872,7064
158938,151874,7064
158940,151876,7064
158941,151877,7064
158942,151878,7064
158944,151880,7064
158945,151881,7064
158947,151883,7064
158948,151884,7064
158949,151885,7064
158951,151887,7064
158953,151889,7064
158954,151890,7064
158956,151892,7064
158957,151893,7064
158959,151895,7064
158960,151896,7064
158962,151898,7064
158964,151900,7064
158966,151902,7064
158967,151903,7064
158969,151905,7064
158970,151906,7064
158972,151908,7064
158973,151909,7064
158975,151911,7064
158976,151912,7064
158977,151913,7064
158978,151914,7064
158979,151915,7064
158980,151916,7064
158981,151917,7064
158982,151918,7064
158983,151919,7064
158984,151920,7064
158985,151921,7064
158986,151922,7064
158987,151923,7064
158988,151924,7064
158989,151925,7064
158991,151927,7064
158992,151928,7064
158993,151929,7064
158994,151930,7064
158996,151932,7064
158997,151933,7064
158998,151934,7064
159000,151936,7064
159002,151938,7064
159003,151939,7064
159005,151941,7064
159007,151943,7064
159009,151945,7064
159010,151946,7064
159011,151947,7064
159012,151948,7064
159013,151949,7064
159014,151950,7064
159016,151952,7064
159017,151953,7064
159019,151955,7064
159021,151957,7064
159023,151959,7064
159024,151960,7064
159026,151962,7064
159027,151963,7064
159029,151965,7064
159030,151966,7064
159031,151967,7064
159032,151968,7064
159034,151970,7064
159036,151972,7064
159037,151973,7064
159038,151974,7064
159039,151975,7064
159041,151977,7064
159043,151979,7064
159044,151980,7064
159046,151982,7064
159047,151983,7064
159048,151984,7064
159049,151985,7064
159051,151987,7064
159052,151988,7064
159053,151989,7064
159054,151990,7064
159055,151991,7064
159057,151993,7064
159058,151994,7064
159059,151995,7064
159060,151996,7064
159062,151998,7064
159063,151999,7064
159064,152000,7064
159065,152001,7064
159066,152002,7064
159068,152004,7064
159070,152006,7064
159071,152007,7064
159073,152009,7064
159074,152010,7064
159075,152011,7064
159076,152012,7064
159077,152013,7064
159079,152015,7064
159081,152017,7064
159082,152018,7064
159083,152019,7064
159084,152020,7064
159085,152021,7064
159087,152023,7064
159089,152025,7064
159090,152026,7064
159091,152027,7064
159092,152028,7064
159094,152030,7064
159096,152032,7064
159097,152033,7064
159098,152034,7064
159099,152035,7064
159101,152037,7064
159102,152038,7064
159104,152040,7064
159106,152042,7064
159108,152044,7064
159109,152045,7064
159110,152046,7064
159111,152047,7064
159113,152049,7064
159114,152050,7064
159115,152051,7064
159116,152052,7064
159117,152053,7064
159118,152054,7064
159120,152056,7064
159121,152057,7064
159123,152059,7064
159125,152061,7064
159126,152062,7064
159127,152063,7064
159128,152064,7064
159130,152066,7064
159132,152068,7064
159133,152069,7064
159134,152070,7064
159135,152071,7064
159136,152072,7064
159137,152073,7064
159138,152074,7064
159139,152075,7064
159140,152076,7064
159141,152077,7064
159142,152078,7064
159144,152080,7064
159145,152081,7064
159147,152083,7064
159148,152084,7064
159149,152085,7064
159150,152086,7064
159151,152087,7064
159153,152089,7064
159154,152090,7064
159155,152091,7064
159156,152092,7064
159158,152094,7064
159160,152096,7064
159161,152097,7064
159162,152098,7064
159163,152099,7064
159164,152100,7064
159166,152102,7064
159167,152103,7064
159169,152105,7064
159170,152106,7064
159171,152107,7064
159172,152108,7064
159173,152109,7064
159175,152111,7064
159177,152113,7064
159179,152115,7064
159180,152116,7064
159181,152117,7064
159182,152118,7064
159184,152120,7064
159186,152122,7064
159188,152124,7064
159189,152125,7064
159190,152126,7064
159192,152128,7064
159194,152130,7064
159195,152131,7064
159196,152132,7064
159197,152133,7064
159199,152135,7064
159200,152136,7064
159201,152137,7064
159203,152139,7064
159204,152140,7064
159205,152141,7064
159206,152142,7064
159207,152143,7064
159209,152145,7064
159210,152146,7064
159211,152147,7064
159212,152148,7064
159213,152149,7064
159214,152150,7064
159216,152152,7064
159217,152153,7064
159219,152155,7064
159221,152157,7064
159222,152158,7064
159223,152159,7064
159224,152160,7064
159226,152162,7064
159228,152164,7064
159229,152165,7064
159230,152166,7064
159231,152167,7064
159232,152168,7064
159233,152169,7064
159234,152170,7064
159235,152171,7064
159236,152172,7064
159238,152174,7064
159239,152175,7064
159241,152177,7064
159242,152178,7064
159244,152180,7064
159245,152181,7064
159246,152182,7064
159247,152183,7064
159248,152184,7064
159250,152186,7064
159251,152187,7064
159252,152188,7064
159253,152189,7064
159255,152191,7064
159257,152193,7064
159258,152194,7064
159259,152195,7064
159260,152196,7064
159261,152197,7064
159263,152199,7064
159264,152200,7064
159266,152202,7064
159267,152203,7064
159268,152204,7064
159270,152206,7064
159271,152207,7064
159273,152209,7064
159275,152211,7064
159277,152213,7064
159278,152214,7064
159280,152216,7064
159281,152217,7064
159283,152219,7064
159285,152221,7064
159287,152223,7064
159288,152224,7064
159289,152225,7064
159291,152227,7064
159293,152229,7064
159294,152230,7064
159295,152231,7064
159296,152232,7064
159298,152234,7064
159299,152235,7064
159300,152236,7064
159302,152238,7064
159303,152239,7064
159304,152240,7064
159305,152241,7064
159306,152242,7064
159308,152244,7064
159309,152245,7064
159310,152246,7064
159311,152247,7064
159312,152248,7064
159313,152249,7064
159315,152251,7064
159316,152252,7064
159318,152254,7064
159319,152255,7064
159321,152257,7064
159322,152258,7064
159323,152259,7064
159324,152260,7064
159325,152261,7064
159327,152261,7066
159329,152263,7066
159330,152264,7066
159331,152265,7066
159333,152267,7066
159335,152269,7066
159336,152270,7066
159337,152271,7066
159338,152272,7066
159339,152273,7066
159341,152275,7066
159343,152277,7066
159344,152278,7066
159346,152280,7066
159347,152281,7066
159348,152282,7066
159350,152284,7066
159351,152285,7066
159353,152287,7066
159354,152288,7066
159356,152290,7066
159358,152292,7066
159360,152294,7066
159361,152295,7066
159362,152296,7066
159364,152298,7066
159365,152298,7067
159366,152299,7067
159367,152300,7067
159368,152301,7067
159369,152302,7067
159370,152303,7067
159371,152304,7067
159372,152305,7067
159374,152307,7067
159375,152308,7067
159376,152309,7067
159377,152310,7067
159378,152311,7067
159379,152312,7067
159380,152313,7067
159382,152315,7067
159384,152317,7067
159385,152318,7067
159386,152319,7067
159387,152320,7067
159389,152322,7067
159391,152324,7067
159393,152326,7067
159395,152328,7067
159396,152329,7067
159398,152331,7067
159399,152332,7067
159401,152334,7067
159402,152335,7067
159403,152336,7067
159404,152337,7067
159406,152339,7067
159408,152341,7067
159409,152342,7067
159410,152343,7067
159411,152344,7067
159412,152345,7067
159414,152347,7067
159416,152349,7067
159417,152350,7067
159419,152352,7067
159420,152353,7067
159421,152354,7067
159423,152356,7067
159425,152358,7067
159426,152359,7067
159427,152360,7067
159428,152361,7067
159429,152362,7067
159430,152363,7067
159431,152364,7067
159432,152365,7067
159433,152366,7067
159434,152367,7067
159435,152368,7067
159436,152369,7067
159437,152370,7067
159438,152370,7068
159440,152372,7068
159442,152374,7068
159443,152375,7068
159444,152376,7068
159446,152377,7069
159447,152378,7069
159448,152379,7069
159449,152380,7069
159450,152381,7069
159452,152383,7069
159453,152384,7069
159454,152385,7069
159456,152387,7069
159457,152388,7069
159458,152389,7069
159459,152390,7069
159460,152391,7069
159461,152392,7069
159463,152394,7069
159464,152395,7069
159465,152396,7069
159466,152397,7069
159467,152398,7069
159469,152400,7069
159470,152401,7069
159471,152402,7069
159472,152403,7069
159474,152405,7069
159475,152406,7069
159477,152408,7069
159478,152409,7069
159479,152410,7069
159480,152411,7069
159481,152412,7069
159482,152413,7069
159483,152414,7069
159485,152416,7069
159486,152417,7069
159487,152418,7069
159488,152419,7069
159490,152419,7071
159491,152420,7071
159492,152421,7071
159494,152423,7071
159495,152424,7071
159496,152425,7071
159498,152427,7071
159499,152428,7071
159501,152430,7071
159502,152431,7071
159503,152432,7071
159504,152433,7071
159506,152435,7071
159507,152436,7071
159508,152437,7071
159509,152438,7071
159510,152439,7071
159511,152440,7071
159513,152442,7071
159514,152443,7071
159515,152444,7071
159516,152445,7071
159517,152446,7071
159518,152447,7071
159519,152448,7071
159521,152450,7071
159522,152451,7071
159523,152452,7071
159524,152453,7071
159525,152454,7071
159527,152456,7071
159528,152457,7071
159529,152458,7071
159530,152458,7072
159531,152459,7072
159532,152460,7072
159534,152462,7072
159535,152463,7072
159536,152464,7072
159537,152465,7072
159539,152467,7072
159540,152468,7072
159541,152469,7072
159542,152470,7072
159543,152471,7072
159544,152472,7072
159545,152473,7072
159546,152474,7072
159547,152475,7072
159549,152477,7072
159550,152478,7072
159551,152479,7072
159552,152480,7072
159553,152481,7072
159554,152482,7072
159555,152483,7072
159557,152485,7072
159558,152486,7072
159559,152487,7072
159560,152488,7072
159562,152490,7072
159563,152491,7072
159564,152492,7072
159566,152494,7072
159567,152495,7072
159568,152496,7072
159570,152498,7072
159571,152499,7072
159573,152501,7072
159574,152502,7072
159575,152503,7072
159576,152504,7072
159578,152506,7072
159579,152507,7072
159580,152508,7072
159581,152509,7072
159582,152510,7072
159583,152511,7072
159584,152512,7072
159585,152513,7072
159586,152514,7072
159587,152515,7072
159588,152516,7072
159589,152517,7072
159591,152519,7072
159592,152520,7072
159594,152522,7072
159595,152523,7072
159596,152524,7072
159597,152525,7072
159598,152526,7072
159599,152527,7072
159600,152528,7072
159601,152529,7072
159602,152530,7072
159603,152531,7072
159604,152532,7072
159605,152533,7072
159607,152535,7072
159608,152536,7072
159610,152538,7072
159611,152539,7072
159612,152540,7072
159613,152541,7072
159614,152542,7072
159616,152544,7072
159617,152545,7072
159618,152546,7072
159620,152548,7072
159622,152550,7072
159624,152552,7072
159625,152553,7072
159626,152554,7072
159627,152555,7072
159629,152557,7072
159631,152559,7072
159632,152560,7072
159633,152561,7072
159634,152562,7072
159635,152563,7072
159637,152565,7072
159638,152566,7072
159639,152567,7072
159641,152569,7072
159642,152570,7072
159643,152571,7072
159645,152573,7072
159647,152575,7072
159648,152576,7072
159649,152577,7072
159650,152578,7072
159651,152579,7072
159652,152580,7072
159654,152582,7072
159656,152584,7072
159657,152585,7072
159658,152586,7072
159659,152587,7072
159660,152588,7072
159661,152589,7072
159662,152590,7072
159663,152591,7072
159664,152592,7072
159665,152593,7072
159666,152594,7072
159668,152596,7072
159669,152597,7072
159670,152598,7072
159671,152599,7072
159673,152601,7072
159674,152602,7072
159675,152603,7072
159677,152605,7072
159678,152606,7072
159679,152607,7072
159680,152608,7072
159681,152609,7072
159682,152610,7072
159683,152611,7072
159685,152613,7072
159686,152614,7072
159687,152615,7072
159688,152616,7072
159689,152617,7072
159691,152619,7072
159692,152620,7072
159693,152621,7072
159694,152622,7072
159695,152623,7072
159696,152624,7072
159698,152626,7072
159699,152627,7072
159700,152628,7072
159701,152629,7072
159703,152631,7072
159705,152633,7072
159706,152634,7072
159707,152635,7072
159708,152636,7072
159710,152638,7072
159711,152639,7072
159713,152641,7072
159714,152642,7072
159715,152643,7072
159716,152644,7072
159717,152645,7072
159718,152646,7072
159719,152647,7072
159720,152648,7072
159722,152650,7072
159723,152651,7072
159725,152653,7072
159726,152654,7072
159728,152656,7072
159730,152658,7072
159732,152660,7072
159733,152661,7072
159735,152663,7072
159736,152664,7072
159738,152666,7072
159740,152668,7072
159741,152669,7072
159742,152670,7072
159743,152671,7072
159744,152672,7072
159746,152674,7072
159747,152675,7072
159748,152676,7072
159749,152677,7072
159751,152679,7072
159753,152681,7072
159754,152682,7072
159756,152684,7072
159757,152685,7072
159759,152687,7072
159760,152688,7072
159761,152689,7072
159762,152690,7072
159763,152691,7072
159764,152692,7072
159766,152694,7072
159768,152696,7072
159769,152697,7072
159770,152698,7072
159771,152699,7072
159772,152700,7072
159774,152702,7072
159775,152703,7072
159776,152704,7072
159778,152706,7072
159779,152707,7072
159781,152709,7072
159782,152710,7072
159783,152711,7072
159784,152712,7072
159786,152713,7073
159787,152714,7073
159789,152715,7074
159791,152717,7074
159792,152718,7074
159793,152719,7074
159794,152720,7074
159796,152722,7074
159797,152723,7074
159799,152724,7075
159800,152725,7075
159801,152726,7075
159803,152728,7075
159804,152729,7075
159805,152730,7075
159806,152731,7075
159807,152732,7075
159809,152734,7075
159810,152735,7075
159811,152736,7075
159812,152737,7075
159814,152739,7075
159816,152741,7075
159817,152742,7075
159818,152743,7075
159819,152744,7075
159820,152745,7075
159822,152747,7075
159823,152748,7075
159824,152749,7075
159825,152750,7075
159826,152751,7075
159828,152753,7075
159829,152754,7075
159830,152755,7075
159832,152757,7075
159833,152758,7075
159834,152758,7076
159835,152759,7076
159836,152760,7076
159838,152762,7076
159839,152763,7076
159840,152764,7076
159841,152765,7076
159843,152767,7076
159844,152768,7076
159845,152769,7076
159846,152770,7076
159847,152771,7076
159848,152772,7076
159849,152773,7076
159851,152775,7076
159852,152776,7076
159853,152777,7076
159854,152778,7076
159856,152780,7076
159857,152781,7076
159858,152782,7076
159860,152784,7076
159861,152785,7076
159862,152786,7076
159863,152787,7076
159864,152788,7076
159866,152790,7076
159867,152791,7076
159868,152792,7076
159869,152793,7076
159870,152794,7076
159871,152795,7076
159872,152796,7076
159874,152798,7076
159875,152799,7076
159876,152800,7076
159877,152801,7076
159878,152802,7076
159880,152804,7076
159882,152806,7076
159883,152807,7076
159885,152809,7076
159886,152810,7076
159888,152812,7076
159890,152814,7076
159891,152815,7076
159892,152816,7076
159893,152817,7076
159894,152818,7076
159896,152820,7076
159897,152821,7076
159899,152823,7076
159900,152824,7076
159901,152825,7076
159903,152827,7076
159904,152828,7076
159906,152830,7076
159907,152831,7076
159909,152833,7076
159910,152834,7076
159912,152836,7076
159913,152837,7076
159915,152839,7076
159916,152840,7076
159917,152841,7076
159918,152842,7076
159919,152843,7076
159921,152845,7076
159922,152846,7076
159923,152847,7076
159925,152849,7076
159926,152850,7076
159928,152852,7076
159930,152854,7076
159932,152856,7076
159933,152857,7076
159935,152859,7076
159936,152860,7076
159938,152862,7076
159939,152863,7076
159940,152864,7076
159942,152866,7076
159943,152867,7076
159944,152868,7076
159945,152869,7076
159946,152870,7076
159948,152872,7076
159949,152873,7076
159950,152874,7076
159951,152875,7076
159952,152876,7076
159953,152877,7076
159954,152878,7076
159955,152879,7076
159956,152880,7076
159958,152882,7076
159959,152883,7076
159960,152884,7076
159961,152885,7076
159962,152886,7076
159963,152887,7076
159964,152888,7076
159965,152889,7076
159966,152890,7076
159968,152892,7076
159969,152893,7076
159970,152894,7076
159971,152895,7076
159972,152896,7076
159973,152897,7076
159974,152898,7076
159975,152899,7076
159976,152900,7076
159978,152902,7076
159979,152903,7076
159980,152904,7076
159981,152905,7076
159982,152906,7076
159983,152907,7076
159984,152908,7076
159985,152909,7076
159986,152910,7076
159988,152912,7076
159989,152913,7076
159990,152914,7076
159991,152915,7076
159992,152916,7076
159993,152917,7076
159994,152918,7076
159995,152919,7076
159996,152920,7076
159998,152922,7076
159999,152923,7076
160000,152924,7076
160001,152925,7076
160002,152926,7076
160003,152927,7076
160004,152928,7076
160005,152929,7076
160006,152930,7076
160008,152932,7076
160009,152933,7076
160011,152934,7077
160012,152935,7077
160013,152936,7077
160014,152937,7077
160016,152939,7077
160018,152941,7077
160019,152942,7077
160020,152943,7077
160022,152945,7077
160024,152947,7077
160025,152948,7077
160026,152949,7077
160028,152951,7077
160029,152952,7077
160030,152953,7077
160031,152954,7077
160033,152956,7077
160034,152957,7077
160035,152958,7077
160036,152959,7077
160038,152961,7077
160040,152963,7077
160041,152964,7077
160042,152965,7077
160043,152966,7077
160045,152968,7077
160046,152969,7077
160047,152970,7077
160049,152972,7077
160051,152974,7077
160052,152975,7077
160054,152977,7077
160056,152979,7077
160057,152980,7077
160059,152982,7077
160061,152984,7077
160063,152986,7077
160064,152987,7077
160065,152988,7077
160067,152990,7077
160069,152992,7077
160070,152993,7077
160072,152995,7077
160074,152997,7077
160075,152998,7077
160076,152999,7077
160078,153001,7077
160079,153002,7077
160081,153004,7077
160082,153005,7077
160083,153006,7077
160085,153008,7077
160087,153010,7077
160088,153011,7077
160090,153013,7077
160091,153014,7077
160093,153016,7077
160094,153017,7077
160096,153019,7077
160098,153021,7077
160100,153023,7077
160101,153024,7077
160103,153026,7077
160104,153027,7077
160106,153029,7077
160107,153030,7077
160109,153032,7077
160110,153033,7077
160111,153034,7077
160112,153035,7077
160113,153036,7077
160114,153037,7077
160115,153038,7077
160116,153039,7077
160117,153040,7077
160118,153041,7077
160119,153042,7077
160120,153043,7077
160121,153044,7077
160122,153045,7077
160123,153046,7077
160125,153048,7077
160126,153049,7077
160127,153050,7077
160128,153051,7077
160130,153053,7077
160131,153054,7077
160132,153055,7077
160134,153057,7077
160136,153059,7077
160137,153060,7077
160139,153062,7077
160141,153064,7077
160143,153066,7077
160144,153067,7077
160145,153068,7077
160146,153069,7077
160147,153070,7077
160148,153071,7077
160150,153073,7077
160151,153074,7077
160153,153076,7077
160155,153078,7077
160157,153080,7077
160158,153081,7077
160160,153083,7077
160161,153084,7077
160163,153086,7077
160164,153087,7077
160165,153088,7077
160166,153089,7077
160168,153091,7077
160170,153093,7077
160171,153094,7077
160172,153095,7077
160173,153096,7077
160175,153098,7077
160177,153100,7077
160178,153101,7077
160180,153103,7077
160181,153104,7077
160182,153105,7077
160183,153106,7077
160185,153108,7077
160186,153109,7077
160187,153110,7077
160188,153111,7077
160189,153112,7077
160191,153114,7077
160192,153115,7077
160193,153116,7077
160194,153117,7077
160196,153119,7077
160197,153120,7077
160198,153121,7077
160199,153122,7077
160200,153123,7077
160202,153125,7077
160204,153127,7077
160205,153128,7077
160207,153130,7077
160208,153131,7077
160209,153132,7077
160210,153133,7077
160211,153134,7077
160213,153136,7077
160215,153138,7077
160216,153139,7077
160217,153140,7077
160218,153141,7077
160219,153142,7077
160221,153144,7077
160223,153146,7077
160224,153147,7077
160225,153148,7077
160226,153149,7077
160228,153151,7077
160230,153153,7077
160231,153154,7077
160232,153155,7077
160233,153156,7077
160235,153158,7077
160236,153159,7077
160238,153161,7077
160240,153163,7077
160242,153165,7077
160243,153166,7077
160244,153167,7077
160245,153168,7077
160247,153170,7077
160248,153171,7077
160249,153172,7077
160250,153173,7077
160251,153174,7077
160252,153175,7077
160254,153177,7077
160255,153178,7077
160257,153180,7077
160259,153182,7077
160260,153183,7077
160261,153184,7077
160262,153185,7077
160264,153187,7077
160266,153189,7077
160267,153190,7077
160268,153191,7077
160269,153192,7077
160270,153193,7077
160271,153194,7077
160272,153195,7077
160273,153196,7077
160274,153197,7077
160275,153198,7077
160276,153199,7077
160278,153201,7077
160279,153202,7077
160281,153204,7077
160282,153205,7077
160283,153206,7077
160284,153207,7077
160285,153208,7077
160287,153210,7077
160288,153211,7077
160289,153212,7077
160290,153213,7077
160292,153215,7077
160294,153217,7077
160295,153218,7077
160296,153219,7077
160297,153220,7077
160298,153221,7077
160300,153223,7077
160301,153224,7077
160303,153226,7077
160304,153227,7077
160305,153228,7077
160306,153229,7077
160307,153230,7077
160309,153232,7077
160311,153234,7077
160313,153236,7077
160314,153237,7077
160315,153238,7077
160316,153239,7077
160318,153241,7077
160320,153243,7077
160322,153245,7077
160323,153246,7077
160324,153247,7077
160326,153249,7077
160328,153251,7077
160329,153252,7077
160330,153253,7077
160331,153254,7077
160333,153256,7077
160334,153257,7077
160335,153258,7077
160337,153260,7077
160338,153261,7077
160339,153262,7077
160340,153263,7077
160341,153264,7077
160343,153266,7077
160344,153267,7077
160345,153268,7077
160346,153269,7077
160347,153270,7077
160348,153271,7077
160350,153273,7077
160351,153274,7077
160353,153276,7077
160354,153277,7077
160356,153279,7077
160357,153280,7077
160358,153281,7077
160359,153282,7077
160360,153283,7077
160361,153284,7077
160363,153286,7077
160364,153287,7077
160365,153288,7077
160367,153290,7077
160369,153292,7077
160370,153293,7077
160371,153294,7077
160372,153295,7077
160373,153296,7077
160375,153298,7077
160377,153300,7077
160378,153301,7077
160380,153303,7077
160381,153304,7077
160382,153305,7077
160384,153307,7077
160385,153308,7077
160387,153310,7077
160388,153311,7077
160390,153313,7077
160392,153315,7077
160394,153317,7077
160395,153318,7077
160396,153319,7077
160398,153321,7077
160399,153322,7077
160400,153323,7077
160401,153324,7077
160402,153325,7077
160403,153326,7077
160404,153327,7077
160405,153328,7077
160406,153329,7077
160408,153331,7077
160409,153332,7077
160410,153333,7077
160411,153334,7077
160412,153335,7077
160413,153336,7077
160414,153337,7077
160415,153338,7077
160416,153339,7077
160417,153340,7077
160418,153341,7077
160419,153342,7077
160421,153344,7077
160422,153345,7077
160423,153346,7077
160425,153348,7077
160427,153350,7077
160429,153352,7077
160430,153353,7077
160431,153354,7077
160432,153355,7077
160434,153357,7077
160435,153358,7077
160436,153359,7077
160437,153360,7077
160439,153362,7077
160441,153364,7077
160442,153365,7077
160443,153366,7077
160444,153367,7077
160446,153369,7077
160448,153371,7077
160449,153372,7077
160450,153373,7077
160451,153374,7077
160452,153375,7077
160453,153376,7077
160454,153377,7077
160455,153378,7077
160456,153379,7077
160458,153381,7077
160459,153382,7077
160461,153384,7077
160462,153385,7077
160464,153387,7077
160465,153388,7077
160466,153389,7077
160467,153390,7077
160468,153391,7077
160470,153393,7077
160471,153394,7077
160472,153395,7077
160473,153396,7077
160475,153398,7077
160477,153400,7077
160478,153401,7077
160479,153402,7077
160480,153403,7077
160481,153404,7077
160483,153406,7077
160484,153407,7077
160486,153409,7077
160487,153410,7077
160488,153411,7077
160490,153413,7077
160491,153414,7077
160493,153416,7077
160495,153418,7077
160497,153420,7077
160498,153421,7077
160500,153423,7077
160501,153424,7077
160503,153426,7077
160505,153428,7077
160507,153430,7077
160508,153431,7077
160509,153432,7077
160511,153434,7077
160513,153436,7077
160514,153437,7077
160515,153438,7077
160516,153439,7077
160518,153441,7077
160519,153442,7077
160520,153442,7078
160522,153444,7078
160523,153445,7078
160524,153446,7078
160525,153447,7078
160526,153448,7078
160528,153450,7078
160529,153451,7078
160530,153452,7078
160531,153453,7078
160532,153454,7078
160533,153455,7078
160535,153457,7078
160536,153458,7078
160538,153460,7078
160539,153461,7078
160541,153463,7078
160542,153464,7078
160543,153465,7078
160544,153466,7078
160545,153467,7078
160546,153467,7079
160548,153469,7079
160549,153470,7079
160550,153471,7079
160552,153473,7079
160554,153475,7079
160555,153476,7079
160556,153477,7079
160557,153478,7079
160558,153479,7079
160560,153481,7079
160562,153483,7079
160563,153484,7079
160565,153486,7079
160566,153487,7079
160567,153488,7079
160569,153490,7079
160570,153491,7079
160572,153493,7079
160573,153494,7079
160575,153496,7079
160577,153498,7079
160579,153500,7079
160580,153501,7079
160581,153502,7079
160583,153504,7079
160585,153504,7081
160586,153505,7081
160587,153506,7081
160588,153507,7081
160589,153508,7081
160590,153509,7081
160592,153511,7081
160594,153513,7081
160595,153514,7081
160596,153515,7081
160597,153516,7081
160599,153518,7081
160601,153520,7081
160603,153522,7081
160605,153524,7081
160606,153525,7081
160608,153527,7081
160609,153528,7081
160611,153530,7081
160612,153531,7081
160613,153532,7081
160614,153533,7081
160616,153535,7081
160618,153537,7081
160619,153538,7081
160620,153539,7081
160621,153540,7081
160622,153541,7081
160624,153543,7081
160626,153545,7081
160627,153546,7081
160629,153548,7081
160630,153549,7081
160631,153550,7081
160633,153552,7081
160635,153554,7081
160636,153555,7081
160637,153556,7081
160638,153557,7081
160639,153558,7081
160640,153559,7081
160641,153560,7081
160642,153561,7081
160643,153562,7081
160644,153563,7081
160645,153564,7081
160646,153565,7081
160647,153566,7081
160648,153566,7082
160650,153568,7082
160652,153570,7082
160653,153571,7082
160654,153572,7082
160656,153573,7083
160657,153574,7083
160658,153575,7083
160659,153576,7083
160660,153577,7083
160662,153579,7083
160663,153580,7083
160664,153581,7083
160666,153583,7083
160667,153584,7083
160668,153585,7083
160669,153586,7083
160670,153587,7083
160671,153588,7083
160673,153590,7083
160674,153591,7083
160675,153592,7083
160676,153593,7083
160677,153594,7083
160679,153596,7083
160680,153597,7083
160681,153598,7083
160682,153599,7083
160684,153601,7083
160685,153602,7083
160687,153604,7083
160688,153605,7083
160689,153606,7083
160690,153607,7083
160691,153608,7083
160692,153609,7083
160693,153610,7083
160695,153612,7083
160696,153613,7083
160697,153614,7083
160698,153615,7083
160700,153615,7085
160701,153616,7085
160703,153617,7086
160705,153619,7086
160706,153620,7086
160707,153621,7086
160708,153622,7086
160709,153623,7086
160711,153625,7086
160712,153626,7086
160713,153627,7086
160714,153628,7086
160716,153630,7086
160717,153631,7086
160718,153632,7086
160719,153633,7086
160721,153635,7086
160722,153636,7086
160723,153637,7086
160724,153638,7086
160725,153639,7086
160726,153640,7086
160727,153641,7086
160728,153642,7086
160729,153643,7086
160731,153645,7086
160732,153646,7086
160733,153647,7086
160734,153648,7086
160735,153649,7086
160737,153651,7086
160738,153652,7086
160739,153653,7086
160740,153653,7087
160741,153654,7087
160742,153655,7087
160744,153657,7087
160745,153658,7087
160746,153659,7087
160747,153660,7087
160749,153662,7087
160750,153663,7087
160751,153664,7087
160752,153665,7087
160753,153666,7087
160754,153667,7087
160755,153668,7087
160756,153669,7087
160757,153670,7087
160759,153672,7087
160760,153673,7087
160761,153674,7087
160762,153675,7087
160763,153676,7087
160764,153677,7087
160765,153678,7087
160767,153680,7087
160768,153681,7087
160769,153682,7087
160770,153683,7087
160772,153685,7087
160773,153686,7087
160774,153687,7087
160776,153689,7087
160777,153690,7087
160778,153691,7087
160780,153693,7087
160781,153694,7087
160783,153696,7087
160784,153697,7087
160785,153698,7087
160786,153699,7087
160788,153701,7087
160789,153702,7087
160790,153703,7087
160791,153704,7087
160792,153705,7087
160793,153706,7087
160794,153707,7087
160795,153708,7087
160796,153709,7087
160797,153710,7087
160798,153711,7087
160799,153712,7087
160801,153714,7087
160802,153715,7087
160804,153717,7087
160805,153718,7087
160806,153719,7087
160807,153720,7087
160808,153721,7087
160809,153722,7087
160810,153723,7087
160811,153724,7087
160812,153725,7087
160813,153726,7087
160814,153727,7087
160815,153728,7087
160817,153730,7087
160818,153731,7087
160820,153733,7087
160821,153734,7087
160822,153735,7087
160823,153736,7087
160824,153737,7087
160826,153739,7087
160827,153740,7087
160828,153741,7087
160830,153743,7087
160832,153745,7087
160834,153747,7087
160835,153748,7087
160836,153749,7087
160837,153750,7087
160839,153752,7087
160841,153754,7087
160842,153755,7087
160843,153756,7087
160844,153757,7087
160845,153758,7087
160847,153760,7087
160848,153761,7087
160849,153762,7087
160850,153763,7087
160851,153764,7087
160852,153765,7087
160854,153767,7087
160856,153769,7087
160857,153770,7087
160858,153771,7087
160859,153772,7087
160860,153773,7087
160861,153774,7087
160863,153776,7087
160865,153778,7087
160866,153779,7087
160867,153780,7087
160868,153781,7087
160869,153782,7087
160870,153783,7087
160871,153784,7087
160872,153785,7087
160873,153786,7087
160874,153787,7087
160875,153788,7087
160877,153790,7087
160878,153791,7087
160879,153792,7087
160880,153793,7087
160882,153795,7087
160883,153796,7087
160884,153797,7087
160886,153799,7087
160887,153800,7087
160888,153801,7087
160889,153802,7087
160890,153803,7087
160891,153804,7087
160892,153805,7087
160894,153807,7087
160895,153808,7087
160896,153809,7087
160897,153810,7087
160898,153811,7087
160900,153813,7087
160901,153814,7087
160902,153815,7087
160903,153816,7087
160904,153817,7087
160905,153818,7087
160907,153820,7087
160908,153821,7087
160909,153822,7087
160910,153823,7087
160912,153825,7087
160914,153827,7087
160915,153828,7087
160916,153829,7087
160917,153830,7087
160919,153832,7087
160920,153833,7087
160922,153835,7087
160923,153836,7087
160924,153837,7087
160925,153838,7087
160926,153839,7087
160927,153840,7087
160928,153841,7087
160929,153842,7087
160931,153844,7087
160932,153845,7087
160934,153847,7087
160935,153848,7087
160937,153850,7087
160939,153852,7087
160941,153854,7087
160942,153855,7087
160944,153857,7087
160945,153858,7087
160947,153860,7087
160949,153862,7087
160950,153863,7087
160951,153864,7087
160952,153865,7087
160953,153866,7087
160955,153868,7087
160956,153869,7087
160957,153870,7087
160958,153871,7087
160960,153873,7087
160962,153875,7087
160963,153876,7087
160965,153878,7087
160966,153879,7087
160968,153881,7087
160969,153882,7087
160970,153883,7087
160971,153884,7087
160972,153885,7087
160973,153886,7087
160975,153888,7087
160977,153890,7087
160978,153891,7087
160979,153892,7087
160980,153893,7087
160981,153894,7087
160983,153896,7087
160984,153897,7087
160985,153898,7087
160987,153900,7087
160988,153901,7087
160990,153903,7087
160991,153904,7087
160992,153905,7087
160993,153906,7087
160994,153907,7087
160995,153908,7087
160996,153909,7087
160998,153911,7087
160999,153912,7087
161000,153913,7087
161001,153914,7087
161003,153916,7087
161004,153917,7087
161005,153918,7087
161006,153919,7087
161007,153920,7087
161009,153922,7087
161010,153923,7087
161011,153924,7087
161012,153925,7087
161013,153926,7087
161015,153928,7087
161017,153930,7087
161018,153931,7087
161019,153932,7087
161020,153933,7087
161022,153935,7087
161024,153937,7087
161025,153938,7087
161026,153939,7087
161027,153940,7087
161029,153942,7087
161030,153943,7087
161032,153945,7087
161034,153947,7087
161035,153948,7087
161036,153949,7087
161037,153950,7087
161038,153951,7087
161039,153952,7087
161041,153954,7087
161043,153956,7087
161045,153957,7088
161046,153958,7088
161048,153960,7088
161049,153961,7088
161051,153963,7088
161052,153964,7088
161053,153965,7088
161054,153966,7088
161055,153967,7088
161057,153969,7088
161059,153971,7088
161060,153972,7088
161061,153973,7088
161062,153974,7088
161064,153976,7088
161065,153977,7088
161066,153978,7088
161068,153979,7089
161069,153980,7089
161070,153981,7089
161072,153983,7089
161073,153984,7089
161074,153985,7089
161075,153986,7089
161076,153987,7089
161078,153989,7089
161080,153991,7089
161081,153992,7089
161083,153994,7089
161084,153995,7089
161085,153996,7089
161086,153997,7089
161087,153998,7089
161089,154000,7089
161090,154001,7089
161091,154002,7089
161093,154004,7089
161095,154006,7089
161096,154007,7089
161098,154007,7091
161099,154008,7091
161101,154010,7091
161102,154011,7091
161103,154012,7091
161105,154014,7091
161107,154016,7091
161108,154017,7091
161110,154019,7091
161112,154021,7091
161113,154022,7091
161114,154023,7091
161115,154024,7091
161116,154025,7091
161117,154026,7091
161118,154027,7091
161120,154029,7091
161121,154030,7091
161122,154031,7091
161124,154033,7091
161125,154034,7091
161126,154035,7091
161128,154037,7091
161129,154038,7091
161130,154039,7091
161131,154040,7091
161132,154041,7091
161134,154043,7091
161136,154045,7091
161137,154046,7091
161139,154048,7091
161140,154049,7091
161141,154050,7091
161142,154051,7091
161143,154052,7091
161145,154054,7091
161146,154055,7091
161148,154057,7091
161149,154058,7091
161151,154060,7091
161153,154062,7091
161155,154064,7091
161156,154065,7091
161158,154067,7091
161159,154068,7091
161161,154070,7091
161162,154071,7091
161164,154073,7091
161165,154074,7091
161166,154075,7091
161167,154076,7091
161168,154077,7091
161170,154078,7092
161171,154079,7092
161172,154080,7092
161174,154081,7093
161175,154082,7093
161176,154083,7093
161178,154085,7093
161179,154085,7094
161181,154087,7094
161182,154088,7094
161183,154089,7094
161184,154090,7094
161186,154091,7095
161187,154092,7095
161188,154093,7095
161189,154094,7095
161191,154096,7095
161192,154096,7096
161193,154097,7096
161194,154097,7097
161195,154098,7097
161197,154099,7098
161199,154099,7100
161200,154100,7100
161201,154100,7101
161202,154101,7101
161203,154101,7102
161205,154103,7102
161207,154104,7103
161208,154105,7103
161209,154106,7103
161210,154107,7103
161212,154109,7103
161213,154109,7104
161215,154111,7104
161216,154112,7104
161218,154113,7105
161220,154115,7105
161221,154115,7106
161222,154115,7107
161223,154116,7107
161224,154117,7107
161226,154118,7108
161227,154119,7108
161229,154120,7109
161230,154120,7110
161231,154121,7110
161233,154123,7110
161234,154123,7111
161235,154124,7111
161236,154125,7111
161237,154126,7111
161239,154127,7112
161241,154129,7112
161243,154130,7113
161244,154131,7113
161245,154132,7113
161246,154133,7113
161248,154135,7113
161249,154136,7113
161250,154137,7113
161252,154138,7114
161253,154139,7114
161255,154141,7114
161256,154142,7114
161258,154144,7114
161259,154145,7114
161261,154147,7114
161262,154148,7114
161264,154150,7114
161265,154151,7114
161267,154153,7114
161269,154154,7115
161271,154156,7115
161273,154156,7117
161274,154157,7117
161275,154158,7117
161276,154159,7117
161277,154160,7117
161278,154161,7117
161279,154162,7117
161280,154163,7117
161281,154164,7117
161282,154165,7117
161283,154166,7117
161284,154167,7117
161285,154168,7117
161287,154169,7118
161288,154170,7118
161289,154171,7118
161290,154172,7118
161291,154172,7119
161292,154173,7119
161294,154174,7120
161295,154175,7120
161296,154176,7120
161297,154177,7120
161298,154177,7121
161300,154178,7122
161301,154179,7122
161302,154180,7122
161304,154181,7123
161306,154182,7124
161307,154183,7124
161308,154184,7124
161309,154185,7124
161311,154186,7125
161312,154187,7125
161314,154189,7125
161315,154190,7125
161317,154192,7125
161318,154193,7125
161320,154195,7125
161322,154196,7126
161324,154198,7126
161325,154199,7126
161327,154201,7126
161328,154202,7126
161330,154204,7126
161331,154204,7127
161333,154205,7128
161334,154205,7129
161335,154206,7129
161337,154208,7129
161338,154209,7129
161339,154210,7129
161340,154211,7129
161342,154213,7129
161343,154214,7129
161344,154215,7129
161346,154216,7130
161347,154217,7130
161348,154217,7131
161349,154218,7131
161351,154219,7132
161352,154220,7132
161353,154221,7132
161355,154223,7132
161356,154223,7133
161358,154225,7133
161359,154226,7133
161361,154228,7133
161362,154229,7133
161363,154230,7133
161365,154232,7133
161366,154233,7133
161368,154235,7133
161369,154236,7133
161370,154237,7133
161372,154239,7133
161374,154240,7134
161376,154242,7134
161377,154243,7134
161378,154244,7134
161379,154245,7134
161381,154246,7135
161383,154246,7137
161384,154247,7137
161385,154248,7137
161386,154249,7137
161387,154249,7138
161389,154250,7139
161390,154251,7139
161392,154251,7141
161393,154252,7141
161394,154253,7141
161395,154253,7142
161397,154255,7142
161398,154255,7143
161400,154257,7143
161401,154258,7143
161403,154260,7143
161404,154261,7143
161406,154263,7143
161407,154264,7143
161409,154266,7143
161410,154267,7143
161412,154269,7143
161413,154270,7143
161414,154271,7143
161416,154272,7144
161418,154274,7144
161419,154275,7144
161420,154276,7144
161421,154277,7144
161423,154278,7145
161424,154279,7145
161425,154280,7145
161426,154281,7145
161428,154282,7146
161429,154282,7147
161430,154283,7147
161431,154284,7147
161432,154285,7147
161433,154286,7147
161434,154287,7147
161436,154288,7148
161437,154289,7148
161438,154290,7148
161439,154291,7148
161440,154292,7148
161441,154292,7149
161443,154293,7150
161444,154294,7150
161445,154295,7150
161446,154296,7150
161447,154297,7150
161448,154298,7150
161449,154299,7150
161450,154299,7151
161451,154300,7151
161453,154301,7152
161454,154302,7152
161456,154303,7153
161457,154304,7153
161458,154305,7153
161459,154306,7153
161461,154307,7154
161463,154308,7155
161464,154309,7155
161465,154310,7155
161466,154311,7155
161468,154312,7156
161470,154313,7157
161471,154314,7157
161472,154315,7157
161473,154315,7158
161474,154316,7158
161475,154316,7159
161476,154317,7159
161477,154318,7159
161479,154319,7160
161480,154320,7160
161481,154321,7160
161483,154322,7161
161484,154323,7161
161485,154324,7161
161486,154325,7161
161487,154326,7161
161488,154327,7161
161489,154328,7161
161490,154328,7162
161491,154329,7162
161492,154330,7162
161493,154331,7162
161495,154332,7163
161496,154332,7164
161497,154333,7164
161498,154334,7164
161499,154335,7164
161501,154336,7165
161502,154337,7165
161503,154338,7165
161504,154339,7165
161506,154340,7166
161507,154341,7166
161508,154342,7166
161509,154343,7166
161510,154343,7167
161511,154344,7167
161512,154345,7167
161513,154346,7167
161514,154347,7167
161516,154348,7168
161517,154349,7168
161518,154350,7168
161520,154352,7168
161521,154353,7168
161523,154355,7168
161524,154356,7168
161526,154358,7168
161527,154359,7168
161529,154361,7168
161530,154362,7168
161532,154364,7168
161533,154365,7168
161535,154367,7168
161536,154368,7168
161538,154369,7169
161539,154370,7169
161540,154371,7169
161541,154372,7169
161542,154373,7169
161543,154373,7170
161544,154374,7170
161545,154375,7170
161546,154376,7170
161547,154376,7171
161548,154377,7171
161549,154378,7171
161550,154379,7171
161552,154380,7172
161553,154381,7172
161555,154383,7172
161556,154384,7172
161557,154385,7172
161558,154386,7172
161560,154387,7173
161561,154388,7173
161562,154389,7173
161563,154390,7173
161565,154392,7173
161566,154393,7173
161568,154395,7173
161569,154396,7173
161571,154398,7173
161572,154399,7173
161574,154401,7173
161575,154402,7173
161577,154404,7173
161578,154405,7173
161580,154407,7173
161581,154408,7173
161582,154409,7173
161584,154411,7173
161585,154412,7173
161586,154413,7173
161587,154414,7173
161588,154415,7173
161590,154417,7173
161591,154417,7174
161592,154418,7174
161593,154419,7174
161595,154421,7174
161597,154421,7176
161598,154422,7176
161599,154423,7176
161600,154424,7176
161601,154425,7176
161602,154426,7176
161604,154428,7176
161605,154428,7177
161606,154429,7177
161607,154430,7177
161608,154431,7177
161609,154432,7177
161611,154434,7177
161612,154435,7177
161614,154437,7177
161615,154438,7177
161617,154440,7177
161618,154441,7177
161620,154443,7177
161621,154444,7177
161623,154446,7177
161624,154447,7177
161626,154449,7177
161627,154450,7177
161628,154451,7177
161629,154452,7177
161630,154453,7177
161631,154454,7177
161632,154455,7177
161634,154457,7177
161635,154458,7177
161636,154459,7177
161637,154460,7177
161638,154461,7177
161639,154462,7177
161641,154464,7177
161642,154465,7177
161643,154466,7177
161644,154467,7177
161646,154469,7177
161647,154470,7177
161649,154472,7177
161650,154473,7177
161652,154475,7177
161653,154476,7177
161655,154478,7177
161656,154479,7177
161658,154481,7177
161659,154482,7177
161661,154484,7177
161662,154485,7177
161663,154486,7177
161665,154488,7177
161667,154490,7177
161668,154491,7177
161669,154492,7177
161670,154493,7177
161672,154495,7177
161673,154496,7177
161674,154497,7177
161675,154498,7177
161677,154500,7177
161678,154500,7178
161679,154501,7178
161680,154502,7178
161681,154503,7178
161682,154504,7178
161683,154505,7178
161685,154507,7178
161686,154508,7178
161687,154509,7178
161688,154510,7178
161689,154511,7178
161691,154511,7180
161693,154513,7180
161694,154514,7180
161695,154515,7180
161696,154516,7180
161697,154517,7180
161698,154518,7180
161699,154519,7180
161700,154519,7181
161701,154520,7181
161702,154521,7181
161703,154522,7181
161704,154523,7181
161705,154524,7181
161706,154525,7181
161707,154526,7181
161708,154527,7181
161709,154528,7181
161710,154529,7181
161712,154530,7182
161713,154531,7182
161715,154533,7182
161716,154534,7182
161718,154535,7183
161719,154535,7184
161720,154536,7184
161722,154537,7185
161723,154538,7185
161724,154539,7185
161725,154540,7185
161726,154541,7185
161727,154542,7185
161728,154543,7185
161729,154544,7185
161731,154545,7186
161732,154545,7187
161734,154547,7187
161736,154548,7188
161737,154549,7188
161738,154549,7189
161740,154550,7190
161742,154551,7191
161743,154552,7191
161744,154553,7191
161746,154554,7192
161747,154555,7192
161748,154556,7192
161749,154557,7192
161751,154557,7194
161753,154558,7195
161754,154559,7195
161755,154560,7195
161756,154561,7195
161757,154562,7195
161759,154563,7196
161760,154564,7196
161761,154565,7196
161762,154566,7196
161764,154567,7197
161765,154568,7197
161766,154569,7197
161767,154570,7197
161768,154571,7197
161769,154572,7197
161770,154573,7197
161772,154575,7197
161773,154576,7197
161774,154577,7197
161775,154578,7197
161777,154580,7197
161778,154581,7197
161779,154582,7197
161781,154584,7197
161782,154585,7197
161783,154586,7197
161784,154587,7197
161786,154589,7197
161787,154590,7197
161788,154591,7197
161789,154592,7197
161791,154594,7197
161792,154595,7197
161793,154596,7197
161794,154597,7197
161795,154598,7197
161796,154599,7197
161797,154600,7197
161799,154602,7197
161800,154603,7197
161801,154604,7197
161802,154605,7197
161804,154607,7197
161805,154608,7197
161806,154609,7197
161807,154610,7197
161808,154611,7197
161809,154612,7197
161811,154613,7198
161812,154614,7198
161813,154615,7198
161815,154616,7199
161816,154617,7199
161818,154618,7200
161819,154619,7200
161820,154620,7200
161821,154621,7200
161822,154622,7200
161823,154623,7200
161824,154624,7200
161825,154625,7200
161827,154627,7200
161829,154629,7200
161830,154630,7200
161831,154631,7200
161832,154632,7200
161833,154633,7200
161834,154634,7200
161836,154635,7201
161837,154635,7202
161838,154636,7202
161839,154637,7202
161840,154638,7202
161842,154639,7203
161843,154639,7204
161844,154640,7204
161846,154641,7205
161848,154642,7206
161849,154643,7206
161850,154644,7206
161851,154645,7206
161852,154646,7206
161853,154647,7206
161855,154649,7206
161857,154651,7206
161858,154652,7206
161859,154653,7206
161860,154654,7206
161861,154655,7206
161862,154656,7206
161863,154657,7206
161864,154658,7206
161866,154659,7207
161867,154660,7207
161868,154661,7207
161870,154662,7208
161871,154663,7208
161872,154664,7208
161873,154665,7208
161874,154665,7209
161875,154666,7209
161876,154667,7209
161877,154668,7209
161878,154669,7209
161879,154670,7209
161880,154671,7209
161881,154672,7209
161883,154674,7209
161885,154675,7210
161886,154676,7210
161887,154677,7210
161888,154678,7210
161889,154679,7210
161891,154680,7211
161892,154681,7211
161893,154681,7212
161894,154682,7212
161895,154683,7212
161897,154684,7213
161898,154685,7213
161899,154686,7213
161900,154687,7213
161902,154688,7214
161903,154689,7214
161905,154689,7216
161906,154690,7216
161908,154691,7217
161909,154692,7217
161910,154693,7217
161911,154694,7217
161913,154695,7218
161914,154696,7218
161915,154697,7218
161916,154698,7218
161917,154699,7218
161919,154700,7219
161920,154701,7219
161921,154702,7219
161922,154703,7219
161923,154704,7219
161924,154705,7219
161925,154706,7219
161926,154707,7219
161928,154708,7220
161930,154710,7220
161931,154711,7220
161932,154712,7220
161933,154713,7220
161934,154714,7220
161936,154716,7220
161938,154717,7221
161940,154719,7221
161941,154720,7221
161943,154722,7221
161944,154723,7221
161945,154724,7221
161946,154725,7221
161947,154726,7221
161948,154727,7221
161949,154728,7221
161950,154729,7221
161951,154730,7221
161952,154731,7221
161953,154731,7222
161955,154733,7222
161956,154734,7222
161958,154736,7222
161960,154737,7223
161962,154739,7223
161963,154740,7223
161964,154741,7223
161965,154742,7223
161966,154742,7224
161967,154743,7224
161969,154744,7225
161971,154745,7226
161973,154746,7227
161974,154747,7227
161975,154748,7227
161977,154749,7228
161978,154750,7228
161979,154751,7228
161981,154753,7228
161983,154754,7229
161984,154755,7229
161986,154757,7229
161987,154758,7229
161988,154759,7229
161989,154760,7229
161990,154761,7229
161992,154762,7230
161993,154763,7230
161995,154764,7231
161996,154765,7231
161997,154766,7231
161998,154767,7231
161999,154768,7231
162000,154769,7231
162001,154770,7231
162002,154771,7231
162003,154772,7231
162004,154773,7231
162005,154774,7231
162007,154776,7231
162009,154776,7233
162010,154777,7233
162011,154778,7233
162012,154779,7233
162014,154780,7234
162016,154782,7234
162017,154783,7234
162018,154784,7234
162020,154785,7235
162021,154786,7235
162023,154787,7236
162024,154788,7236
162025,154789,7236
162027,154791,7236
162028,154792,7236
162029,154793,7236
162031,154795,7236
162032,154796,7236
162033,154797,7236
162034,154798,7236
162035,154799,7236
162036,154800,7236
162037,154801,7236
162038,154801,7237
162039,154802,7237
162040,154803,7237
162041,154804,7237
162042,154805,7237
162043,154806,7237
162044,154807,7237
162045,154808,7237
162046,154809,7237
162047,154810,7237
162048,154811,7237
162049,154812,7237
162051,154813,7238
162052,154813,7239
162053,154814,7239
162054,154815,7239
162055,154815,7240
162056,154816,7240
162058,154817,7241
162059,154818,7241
162060,154819,7241
162061,154820,7241
162062,154820,7242
162063,154821,7242
162064,154822,7242
162065,154823,7242
162066,154824,7242
162067,154825,7242
162069,154826,7243
162070,154827,7243
162071,154828,7243
162072,154829,7243
162073,154830,7243
162074,154831,7243
162075,154832,7243
162076,154833,7243
162077,154834,7243
162078,154835,7243
162079,154836,7243
162081,154837,7244
162082,154838,7244
162083,154839,7244
162084,154840,7244
162085,154841,7244
162087,154842,7245
162089,154844,7245
162090,154845,7245
162091,154846,7245
162092,154846,7246
162093,154847,7246
162094,154848,7246
162096,154849,7247
162098,154851,7247
162099,154852,7247
162100,154853,7247
162101,154854,7247
162102,154855,7247
162104,154856,7248
162105,154857,7248
162107,154859,7248
162108,154860,7248
162109,154860,7249
162110,154861,7249
162111,154862,7249
162112,154863,7249
162114,154865,7249
162115,154865,7250
162116,154866,7250
162117,154867,7250
162119,154868,7251
162121,154870,7251
162122,154871,7251
162124,154873,7251
162125,154874,7251
162127,154876,7251
162128,154877,7251
162130,154879,7251
162131,154880,7251
162132,154881,7251
162134,154882,7252
162135,154883,7252
162136,154884,7252
162137,154885,7252
162138,154886,7252
162139,154887,7252
162141,154888,7253
162142,154889,7253
162143,154890,7253
162144,154891,7253
162146,154892,7254
162147,154893,7254
162148,154893,7255
162150,154894,7256
162151,154895,7256
162153,154897,7256
162154,154898,7256
162155,154899,7256
162157,154900,7257
162158,154901,7257
162159,154902,7257
162160,154903,7257
162162,154904,7258
162163,154905,7258
162164,154906,7258
162165,154907,7258
162167,154907,7260
162168,154908,7260
162169,154909,7260
162171,154910,7261
162172,154911,7261
162173,154912,7261
162174,154913,7261
162175,154914,7261
162176,154914,7262
162178,154915,7263
162179,154916,7263
162180,154917,7263
162181,154918,7263
162182,154919,7263
162183,154920,7263
162185,154921,7264
162186,154922,7264
162187,154923,7264
162188,154923,7265
162189,154924,7265
162190,154925,7265
162191,154926,7265
162192,154927,7265
162193,154928,7265
162194,154929,7265
162196,154931,7265
162197,154932,7265
162198,154933,7265
162199,154933,7266
162200,154934,7266
162201,154935,7266
162202,154936,7266
162203,154937,7266
162204,154938,7266
162205,154939,7266
162207,154941,7266
162208,154942,7266
162209,154943,7266
162210,154943,7267
162211,154944,7267
162212,154945,7267
162213,154946,7267
162214,154947,7267
162215,154948,7267
162216,154949,7267
162218,154951,7267
162219,154952,7267
162220,154953,7267
162221,154953,7268
162222,154954,7268
162223,154955,7268
162224,154956,7268
162225,154957,7268
162226,154958,7268
162227,154959,7268
162229,154961,7268
162230,154962,7268
162231,154963,7268
162232,154963,7269
162233,154964,7269
162234,154965,7269
162235,154966,7269
162236,154967,7269
162237,154968,7269
162238,154969,7269
162240,154971,7269
162241,154972,7269
162242,154973,7269
162243,154974,7269
162244,154975,7269
162245,154976,7269
162246,154977,7269
162247,154978,7269
162248,154979,7269
162249,154979,7270
162251,154980,7271
162252,154981,7271
162253,154982,7271
162254,154983,7271
162255,154984,7271
162257,154986,7271
162258,154987,7271
162259,154988,7271
162260,154989,7271
162262,154990,7272
162263,154991,7272
162264,154992,7272
162266,154994,7272
162267,154995,7272
162268,154996,7272
162269,154997,7272
162270,154998,7272
162271,154999,7272
162273,155001,7272
162274,155002,7272
162275,155002,7273
162276,155003,7273
162278,155004,7274
162279,155005,7274
162280,155006,7274
162281,155007,7274
162282,155008,7274
162283,155008,7275
162285,155010,7275
162286,155011,7275
162287,155012,7275
162288,155013,7275
162289,155014,7275
162290,155015,7275
162292,155017,7275
162293,155018,7275
162294,155019,7275
162295,155019,7276
162296,155020,7276
162297,155021,7276
162298,155022,7276
162299,155023,7276
162300,155024,7276
162301,155025,7276
162303,155027,7276
162304,155028,7276
162305,155029,7276
162306,155029,7277
162307,155030,7277
162308,155031,7277
162309,155032,7277
162310,155033,7277
162311,155034,7277
162312,155035,7277
162314,155037,7277
162315,155038,7277
162316,155039,7277
162317,155039,7278
162318,155040,7278
162319,155041,7278
162320,155042,7278
162321,155043,7278
162322,155044,7278
162323,155045,7278
162325,155047,7278
162326,155048,7278
162327,155049,7278
162328,155050,7278
162329,155051,7278
162330,155052,7278
162331,155053,7278
162332,155054,7278
162333,155055,7278
162334,155056,7278
162336,155058,7278
162337,155059,7278
162338,155060,7278
162339,155061,7278
162340,155062,7278
162341,155063,7278
162342,155064,7278
162343,155065,7278
162344,155066,7278
162345,155067,7278
162347,155069,7278
162348,155070,7278
162349,155071,7278
162350,155072,7278
162351,155073,7278
162353,155075,7278
162354,155076,7278
162355,155077,7278
162356,155078,7278
162358,155080,7278
162359,155081,7278
162360,155082,7278
162362,155084,7278
162363,155085,7278
162364,155086,7278
162365,155087,7278
162366,155088,7278
162367,155089,7278
162369,155091,7278
162370,155092,7278
162371,155093,7278
162372,155094,7278
162373,155095,7278
162374,155096,7278
162376,155098,7278
162377,155099,7278
162378,155100,7278
162379,155101,7278
162380,155102,7278
162381,155103,7278
162382,155104,7278
162383,155105,7278
162384,155106,7278
162385,155107,7278
162387,155109,7278
162388,155110,7278
162389,155111,7278
162390,155112,7278
162391,155113,7278
162392,155114,7278
162393,155115,7278
162394,155116,7278
162395,155117,7278
162396,155118,7278
162398,155120,7278
162399,155121,7278
162400,155122,7278
162401,155123,7278
162402,155124,7278
162403,155125,7278
162404,155126,7278
162405,155127,7278
162406,155128,7278
162407,155129,7278
162409,155131,7278
162410,155132,7278
162411,155133,7278
162412,155134,7278
162413,155135,7278
162414,155136,7278
162415,155137,7278
162416,155138,7278
162417,155139,7278
162418,155140,7278
162420,155142,7278
162421,155143,7278
162422,155144,7278
162423,155145,7278
162424,155146,7278
162425,155147,7278
162426,155148,7278
162427,155149,7278
162428,155150,7278
162429,155151,7278
162431,155153,7278
162432,155154,7278
162433,155155,7278
162434,155156,7278
162435,155157,7278
162436,155158,7278
162437,155159,7278
162438,155160,7278
162439,155161,7278
162440,155162,7278
162442,155164,7278
162443,155165,7278
162444,155166,7278
162445,155167,7278
162446,155168,7278
162448,155170,7278
162449,155171,7278
162450,155172,7278
162451,155173,7278
162453,155174,7279
162454,155175,7279
162455,155176,7279
162457,155178,7279
162458,155179,7279
162459,155180,7279
162460,155181,7279
162461,155182,7279
162462,155183,7279
162464,155185,7279
162465,155186,7279
162466,155187,7279
162467,155188,7279
162469,155190,7279
162470,155191,7279
162471,155192,7279
162472,155193,7279
162473,155194,7279
162474,155195,7279
162476,155197,7279
162477,155198,7279
162478,155199,7279
162479,155200,7279
162480,155201,7279
162481,155202,7279
162483,155204,7279
162484,155205,7279
162485,155206,7279
162486,155207,7279
162487,155208,7279
162488,155209,7279
162489,155210,7279
162490,155211,7279
162491,155212,7279
162492,155213,7279
162494,155215,7279
162495,155216,7279
162496,155217,7279
162497,155218,7279
162498,155219,7279
162499,155220,7279
162500,155221,7279
162501,155222,7279
162502,155223,7279
162503,155224,7279
162505,155226,7279
162506,155227,7279
162507,155228,7279
162508,155229,7279
162509,155230,7279
162510,155231,7279
162511,155232,7279
162512,155233,7279
162514,155235,7279
162515,155236,7279
162516,155237,7279
162517,155238,7279
162518,155239,7279
162519,155240,7279
162521,155242,7279
162522,155243,7279
162523,155244,7279
162524,155245,7279
162526,155247,7279
162527,155248,7279
162528,155249,7279
162530,155251,7279
162531,155252,7279
162532,155253,7279
162533,155254,7279
162534,155255,7279
162536,155257,7279
162537,155258,7279
162539,155260,7279
162541,155262,7279
162543,155264,7279
162544,155265,7279
162546,155267,7279
162547,155268,7279
162549,155270,7279
162551,155271,7280
162552,155272,7280
162553,155273,7280
162554,155274,7280
162555,155275,7280
162557,155276,7281
162558,155277,7281
162560,155279,7281
162561,155280,7281
162562,155281,7281
162563,155282,7281
162565,155284,7281
162567,155286,7281
162568,155287,7281
162570,155289,7281
162571,155290,7281
162573,155292,7281
162574,155293,7281
162576,155295,7281
162577,155296,7281
162578,155297,7281
162580,155299,7281
162581,155300,7281
162582,155301,7281
162583,155302,7281
162584,155303,7281
162585,155304,7281
162587,155306,7281
162588,155307,7281
162589,155308,7281
162590,155309,7281
162592,155311,7281
162593,155312,7281
162594,155313,7281
162596,155315,7281
162597,155316,7281
162599,155318,7281
162600,155319,7281
162601,155320,7281
162603,155322,7281
162604,155323,7281
162605,155324,7281
162606,155325,7281
162608,155327,7281
162609,155328,7281
162610,155328,7282
162612,155329,7283
162613,155330,7283
162614,155331,7283
162615,155332,7283
162616,155333,7283
162618,155334,7284
162619,155335,7284
162620,155336,7284
162621,155337,7284
162622,155338,7284
162624,155339,7285
162625,155340,7285
162626,155341,7285
162627,155342,7285
162628,155343,7285
162629,155344,7285
162631,155345,7286
162632,155345,7287
162633,155346,7287
162634,155347,7287
162635,155347,7288
162636,155348,7288
162637,155349,7288
162638,155350,7288
162640,155351,7289
162641,155352,7289
162642,155353,7289
162643,155354,7289
162644,155355,7289
162646,155356,7290
162647,155357,7290
162648,155358,7290
162649,155359,7290
162650,155360,7290
162652,155361,7291
162653,155362,7291
162654,155363,7291
162655,155364,7291
162657,155366,7291
162658,155367,7291
162660,155369,7291
162662,155371,7291
162664,155373,7291
162665,155374,7291
162667,155376,7291
162668,155377,7291
162670,155379,7291
162671,155380,7291
162672,155381,7291
162673,155381,7292
162674,155382,7292
162675,155383,7292
162676,155384,7292
162677,155385,7292
162679,155386,7293
162680,155387,7293
162681,155388,7293
162682,155389,7293
162683,155390,7293
162684,155391,7293
162685,155392,7293
162686,155393,7293
162687,155394,7293
162688,155395,7293
162690,155396,7294
162691,155397,7294
162692,155398,7294
162693,155399,7294
162694,155400,7294
162695,155401,7294
162696,155402,7294
162697,155403,7294
162698,155404,7294
162699,155405,7294
162700,155406,7294
162702,155408,7294
162703,155409,7294
162704,155410,7294
162705,155411,7294
162706,155412,7294
162707,155413,7294
162708,155414,7294
162709,155415,7294
162710,155416,7294
162711,155417,7294
162712,155418,7294
162714,155420,7294
162715,155421,7294
162716,155422,7294
162717,155423,7294
162718,155424,7294
162720,155426,7294
162722,155428,7294
162723,155429,7294
162724,155430,7294
162725,155431,7294
162726,155432,7294
162727,155433,7294
162729,155435,7294
162731,155437,7294
162732,155438,7294
162733,155439,7294
162734,155440,7294
162735,155441,7294
162737,155443,7294
162738,155444,7294
162740,155446,7294
162741,155447,7294
162742,155448,7294
162743,155449,7294
162744,155450,7294
162745,155451,7294
162747,155453,7294
162748,155454,7294
162749,155455,7294
162750,155456,7294
162752,155458,7294
162754,155460,7294
162755,155461,7294
162757,155463,7294
162758,155464,7294
162760,155466,7294
162761,155467,7294
162763,155469,7294
162764,155470,7294
162765,155471,7294
162767,155473,7294
162768,155474,7294
162769,155475,7294
162770,155476,7294
162771,155477,7294
162772,155478,7294
162774,155480,7294
162775,155481,7294
162776,155482,7294
162777,155483,7294
162779,155485,7294
162780,155486,7294
162781,155487,7294
162783,155489,7294
162784,155490,7294
162786,155492,7294
162787,155493,7294
162788,155494,7294
162790,155496,7294
162791,155497,7294
162792,155498,7294
162793,155499,7294
162795,155501,7294
162796,155502,7294
162797,155503,7294
162798,155504,7294
162800,155506,7294
162801,155507,7294
162802,155508,7294
162804,155510,7294
162805,155511,7294
162806,155512,7294
162807,155513,7294
162808,155514,7294
162809,155515,7294
162811,155517,7294
162812,155518,7294
162813,155519,7294
162814,155520,7294
162815,155521,7294
162816,155522,7294
162818,155524,7294
162819,155525,7294
162820,155526,7294
162821,155527,7294
162822,155528,7294
162823,155529,7294
162824,155530,7294
162825,155531,7294
162826,155532,7294
162827,155533,7294
162829,155535,7294
162830,155536,7294
162831,155537,7294
162832,155538,7294
162833,155539,7294
162834,155540,7294
162835,155541,7294
162836,155542,7294
162837,155543,7294
162838,155544,7294
162840,155546,7294
162841,155547,7294
162842,155548,7294
162843,155549,7294
162844,155550,7294
162845,155551,7294
162846,155552,7294
162847,155553,7294
162848,155554,7294
162849,155555,7294
162851,155557,7294
162852,155558,7294
162853,155559,7294
162854,155560,7294
162855,155561,7294
162856,155562,7294
162857,155563,7294
162858,155564,7294
162859,155565,7294
162860,155566,7294
162862,155568,7294
162863,155569,7294
162864,155570,7294
162865,155571,7294
162866,155572,7294
162867,155573,7294
162868,155574,7294
162869,155575,7294
162870,155576,7294
162871,155577,7294
162873,155579,7294
162874,155580,7294
162875,155581,7294
162876,155582,7294
162877,155583,7294
162878,155584,7294
162879,155585,7294
162880,155586,7294
162881,155587,7294
162882,155588,7294
162884,155590,7294
162885,155591,7294
162886,155592,7294
162887,155593,7294
162888,155594,7294
162890,155596,7294
162891,155597,7294
162892,155598,7294
162893,155599,7294
162895,155601,7294
162896,155602,7294
162897,155603,7294
162899,155605,7294
162900,155606,7294
162901,155607,7294
162902,155608,7294
162903,155609,7294
162904,155610,7294
162906,155612,7294
162907,155613,7294
162908,155614,7294
162909,155615,7294
162911,155617,7294
162912,155618,7294
162913,155619,7294
162914,155620,7294
162915,155621,7294
162916,155622,7294
162918,155624,7294
162919,155625,7294
162920,155626,7294
162921,155627,7294
162922,155628,7294
162923,155629,7294
162925,155631,7294
162926,155632,7294
162927,155633,7294
162928,155634,7294
162929,155635,7294
162930,155636,7294
162931,155637,7294
162932,155638,7294
162933,155639,7294
162934,155640,7294
162936,155642,7294
162937,155643,7294
162938,155644,7294
162939,155645,7294
162940,155646,7294
162941,155647,7294
162942,155648,7294
162943,155649,7294
162944,155650,7294
162945,155651,7294
162947,155653,7294
162948,155654,7294
162949,155655,7294
162950,155656,7294
162951,155657,7294
162952,155658,7294
162953,155659,7294
162954,155660,7294
162955,155661,7294
162956,155662,7294
162958,155664,7294
162959,155665,7294
162960,155666,7294
162961,155667,7294
162962,155668,7294
162963,155669,7294
162964,155670,7294
162965,155671,7294
162966,155672,7294
162967,155673,7294
162969,155675,7294
162970,155676,7294
162971,155677,7294
162972,155678,7294
162973,155679,7294
162974,155680,7294
162975,155681,7294
162976,155682,7294
162977,155683,7294
162978,155684,7294
162980,155686,7294
162981,155687,7294
162982,155688,7294
162983,155689,7294
162984,155690,7294
162986,155692,7294
162987,155693,7294
162988,155694,7294
162989,155695,7294
162991,155697,7294
162992,155698,7294
162993,155699,7294
162995,155701,7294
162996,155702,7294
162997,155703,7294
162998,155704,7294
162999,155705,7294
163000,155706,7294
163002,155708,7294
163003,155709,7294
163004,155710,7294
163005,155711,7294
163006,155712,7294
163007,155713,7294
163009,155715,7294
163010,155716,7294
163011,155717,7294
163012,155718,7294
163013,155719,7294
163014,155720,7294
163015,155721,7294
163016,155722,7294
163017,155723,7294
163018,155724,7294
163020,155726,7294
163021,155727,7294
163022,155728,7294
163023,155729,7294
163024,155730,7294
163025,155731,7294
163026,155732,7294
163027,155733,7294
163028,155734,7294
163029,155735,7294
163031,155737,7294
163032,155738,7294
163033,155739,7294
163034,155740,7294
163035,155741,7294
163036,155742,7294
163037,155743,7294
163038,155744,7294
163039,155745,7294
163040,155746,7294
163042,155748,7294
163043,155749,7294
163044,155750,7294
163045,155751,7294
163046,155752,7294
163047,155753,7294
163048,155754,7294
163049,155755,7294
163050,155756,7294
163051,155757,7294
163053,155759,7294
163054,155760,7294
163055,155761,7294
163056,155762,7294
163057,155763,7294
163058,155764,7294
163059,155765,7294
163060,155766,7294
163061,155767,7294
163062,155768,7294
163064,155770,7294
163065,155771,7294
163066,155772,7294
163067,155773,7294
163068,155774,7294
163069,155775,7294
163070,155776,7294
163071,155777,7294
163072,155778,7294
163073,155779,7294
163075,155781,7294
163076,155782,7294
163077,155783,7294
163078,155784,7294
163079,155785,7294
163081,155787,7294
163082,155788,7294
163083,155789,7294
163084,155790,7294
163086,155792,7294
163087,155793,7294
163088,155794,7294
163090,155796,7294
163091,155797,7294
163092,155798,7294
163093,155799,7294
163094,155800,7294
163095,155801,7294
163097,155803,7294
163098,155804,7294
163099,155805,7294
163100,155806,7294
163102,155808,7294
163103,155809,7294
163104,155810,7294
163105,155811,7294
163106,155812,7294
163107,155813,7294
163109,155815,7294
163110,155816,7294
163111,155817,7294
163112,155818,7294
163113,155819,7294
163114,155820,7294
163116,155822,7294
163117,155823,7294
163118,155824,7294
163119,155825,7294
163120,155826,7294
163121,155827,7294
163122,155828,7294
163123,155829,7294
163124,155830,7294
163125,155831,7294
163127,155833,7294
163128,155834,7294
163129,155835,7294
163130,155836,7294
163131,155837,7294
163132,155838,7294
163133,155839,7294
163134,155840,7294
163135,155841,7294
163136,155842,7294
163138,155844,7294
163139,155845,7294
163140,155846,7294
163141,155847,7294
163142,155848,7294
163143,155849,7294
163144,155850,7294
163145,155851,7294
163147,155853,7294
163148,155854,7294
163149,155855,7294
163150,155856,7294
163151,155857,7294
163152,155858,7294
163154,155860,7294
163155,155861,7294
163156,155862,7294
163157,155863,7294
163159,155865,7294
163160,155866,7294
163161,155867,7294
163163,155869,7294
163164,155870,7294
163165,155871,7294
163166,155872,7294
163167,155873,7294
163169,155875,7294
163170,155876,7294
163172,155878,7294
163174,155880,7294
163176,155882,7294
163177,155883,7294
163179,155885,7294
163180,155886,7294
163182,155888,7294
163184,155890,7294
163185,155891,7294
163186,155892,7294
163187,155893,7294
163188,155894,7294
163190,155896,7294
163191,155897,7294
163193,155899,7294
163194,155900,7294
163195,155901,7294
163196,155902,7294
163198,155904,7294
163200,155906,7294
163201,155907,7294
163203,155909,7294
163204,155910,7294
163206,155912,7294
163207,155913,7294
163209,155915,7294
163210,155916,7294
163211,155917,7294
163213,155919,7294
163214,155920,7294
163215,155921,7294
163216,155922,7294
163217,155923,7294
163218,155924,7294
163220,155926,7294
163221,155927,7294
163222,155928,7294
163223,155929,7294
163225,155931,7294
163226,155932,7294
163227,155933,7294
163229,155935,7294
163230,155936,7294
163232,155938,7294
163233,155939,7294
163234,155940,7294
163236,155942,7294
163237,155943,7294
163238,155944,7294
163239,155945,7294
163241,155947,7294
163242,155948,7294
163243,155949,7294
163245,155951,7294
163246,155952,7294
163247,155953,7294
163248,155954,7294
163249,155955,7294
163251,155957,7294
163252,155958,7294
163253,155959,7294
163254,155960,7294
163255,155961,7294
163257,155963,7294
163258,155964,7294
163259,155965,7294
163260,155966,7294
163261,155967,7294
163262,155968,7294
163263,155969,7294
163264,155970,7294
163266,155971,7295
163267,155972,7295
163268,155973,7295
163269,155974,7295
163271,155975,7296
163272,155976,7296
163273,155977,7296
163275,155978,7297
163276,155979,7297
163277,155980,7297
163278,155981,7297
163279,155982,7297
163280,155982,7298
163281,155983,7298
163283,155984,7299
163284,155985,7299
163285,155986,7299
163286,155987,7299
163287,155988,7299
163288,155989,7299
163290,155990,7300
163291,155991,7300
163292,155992,7300
163293,155993,7300
163295,155994,7301
163296,155995,7301
163297,155996,7301
163298,155997,7301
163299,155998,7301
163300,155998,7302
163301,155999,7302
163302,156000,7302
163303,156001,7302
163304,156002,7302
163305,156003,7302
163306,156004,7302
163307,156005,7302
163308,156006,7302
163309,156007,7302
163311,156009,7302
163312,156010,7302
163313,156011,7302
163314,156012,7302
163315,156013,7302
163316,156014,7302
163318,156016,7302
163319,156017,7302
163320,156018,7302
163321,156019,7302
163323,156021,7302
163324,156022,7302
163325,156023,7302
163326,156024,7302
163327,156025,7302
163328,156026,7302
163329,156027,7302
163330,156028,7302
163331,156029,7302
163332,156030,7302
163333,156031,7302
163334,156032,7302
163335,156033,7302
163336,156034,7302
163337,156035,7302
163338,156036,7302
163339,156037,7302
163341,156039,7302
163342,156040,7302
163343,156041,7302
163344,156042,7302
163345,156043,7302
163346,156044,7302
163348,156046,7302
163349,156047,7302
163350,156048,7302
163351,156049,7302
163353,156051,7302
163354,156052,7302
163355,156053,7302
163356,156054,7302
163357,156055,7302
163358,156056,7302
163359,156057,7302
163360,156058,7302
163361,156059,7302
163362,156060,7302
163363,156061,7302
163364,156062,7302
163365,156063,7302
163367,156065,7302
163368,156066,7302
163369,156067,7302
163370,156068,7302
163371,156069,7302
163372,156070,7302
163373,156071,7302
163374,156072,7302
163375,156073,7302
163377,156075,7302
163378,156076,7302
163379,156077,7302
163380,156078,7302
163381,156079,7302
163383,156081,7302
163384,156082,7302
163385,156083,7302
163386,156084,7302
163387,156085,7302
163389,156087,7302
163390,156088,7302
163391,156089,7302
163392,156090,7302
163394,156092,7302
163395,156093,7302
163397,156095,7302
163399,156097,7302
163401,156099,7302
163402,156100,7302
163404,156102,7302
163405,156103,7302
163407,156105,7302
163408,156106,7302
163409,156107,7302
163410,156108,7302
163411,156109,7302
163412,156110,7302
163413,156111,7302
163414,156112,7302
163416,156114,7302
163417,156115,7302
163418,156116,7302
163419,156117,7302
163420,156118,7302
163421,156119,7302
163422,156120,7302
163423,156121,7302
163424,156122,7302
163425,156123,7302
163426,156124,7302
163428,156125,7303
163429,156126,7303
163430,156127,7303
163432,156128,7304
163433,156129,7304
163434,156130,7304
163435,156131,7304
163437,156132,7305
163439,156134,7305
163440,156135,7305
163441,156136,7305
163442,156137,7305
163443,156137,7306
163444,156138,7306
163445,156139,7306
163446,156140,7306
163447,156141,7306
163448,156141,7307
163449,156142,7307
163450,156143,7307
163451,156144,7307
163452,156145,7307
163454,156147,7307
163455,156148,7307
163456,156149,7307
163457,156150,7307
163458,156151,7307
163459,156152,7307
163460,156153,7307
163461,156154,7307
163462,156155,7307
163463,156156,7307
163464,156157,7307
163466,156159,7307
163467,156160,7307
163468,156161,7307
163469,156162,7307
163470,156163,7307
163471,156164,7307
163472,156165,7307
163473,156166,7307
163474,156167,7307
163475,156168,7307
163476,156169,7307
163478,156171,7307
163479,156172,7307
163480,156173,7307
163481,156174,7307
163482,156175,7307
163483,156176,7307
163484,156177,7307
163485,156178,7307
163486,156179,7307
163487,156180,7307
163488,156181,7307
163490,156183,7307
163491,156183,7308
163493,156184,7309
163494,156185,7309
163495,156186,7309
163496,156187,7309
163498,156188,7310
163499,156189,7310
163500,156190,7310
163501,156191,7310
163502,156192,7310
163504,156193,7311
163505,156194,7311
163506,156195,7311
163507,156196,7311
163508,156197,7311
163510,156198,7312
163511,156199,7312
163512,156200,7312
163513,156201,7312
163514,156202,7312
163516,156203,7313
163517,156204,7313
163518,156205,7313
163520,156207,7313
163521,156208,7313
163522,156209,7313
163523,156210,7313
163524,156211,7313
163526,156213,7313
163527,156214,7313
163528,156215,7313
163529,156216,7313
163530,156217,7313
163532,156219,7313
163533,156220,7313
163534,156221,7313
163535,156222,7313
163536,156223,7313
163537,156224,7313
163539,156225,7314
163540,156226,7314
163541,156227,7314
163542,156228,7314
163543,156229,7314
163544,156230,7314
163546,156231,7315
163547,156232,7315
163548,156233,7315
163549,156234,7315
163550,156235,7315
163551,156235,7316
163552,156236,7316
163553,156237,7316
163554,156238,7316
163555,156239,7316
163557,156240,7317
163558,156241,7317
163559,156242,7317
163560,156243,7317
163561,156244,7317
163562,156245,7317
163564,156246,7318
163565,156247,7318
163566,156247,7319
163567,156248,7319
163568,156249,7319
163570,156250,7320
163571,156250,7321
163572,156251,7321
163574,156253,7321
163576,156254,7322
163577,156255,7322
163578,156256,7322
163580,156257,7323
163581,156258,7323
163583,156259,7324
163584,156260,7324
163585,156261,7324
163586,156261,7325
163588,156262,7326
163589,156263,7326
163590,156264,7326
163591,156264,7327
163593,156265,7328
163595,156267,7328
163596,156268,7328
163597,156269,7328
163598,156270,7328
163599,156271,7328
163601,156272,7329
163603,156274,7329
163604,156275,7329
163605,156276,7329
163606,156277,7329
163607,156278,7329
163608,156279,7329
163609,156280,7329
163610,156281,7329
163611,156282,7329
163612,156283,7329
163613,156284,7329
163614,156285,7329
163616,156287,7329
163617,156288,7329
163618,156289,7329
163619,156290,7329
163620,156291,7329
163621,156292,7329
163623,156293,7330
163624,156294,7330
163625,156294,7331
163626,156295,7331
163627,156296,7331
163629,156298,7331
163631,156299,7332
163632,156299,7333
163633,156300,7333
163634,156301,7333
163636,156303,7333
163637,156304,7333
163638,156305,7333
163640,156307,7333
163641,156308,7333
163643,156310,7333
163644,156311,7333
163646,156313,7333
163647,156314,7333
163649,156316,7333
163650,156317,7333
163652,156319,7333
163653,156320,7333
163655,156322,7333
163656,156323,7333
163657,156324,7333
163658,156325,7333
163659,156326,7333
163660,156327,7333
163661,156328,7333
163663,156330,7333
163664,156331,7333
163666,156333,7333
163667,156334,7333
163668,156335,7333
163669,156336,7333
163670,156337,7333
163671,156338,7333
163672,156339,7333
163673,156340,7333
163674,156341,7333
163676,156342,7334
163677,156343,7334
163678,156344,7334
163679,156345,7334
163680,156346,7334
163681,156347,7334
163683,156349,7334
163684,156350,7334
163685,156351,7334
163686,156352,7334
163688,156354,7334
163689,156355,7334
163691,156357,7334
163692,156358,7334
163694,156360,7334
163695,156361,7334
163697,156363,7334
163698,156364,7334
163700,156366,7334
163701,156367,7334
163703,156369,7334
163704,156370,7334
163705,156371,7334
163707,156373,7334
163708,156374,7334
163709,156375,7334
163710,156376,7334
163711,156377,7334
163713,156379,7334
163714,156380,7334
163715,156381,7334
163716,156382,7334
163717,156382,7335
163719,156383,7336
163720,156384,7336
163721,156385,7336
163723,156387,7336
163724,156388,7336
163726,156390,7336
163727,156391,7336
163729,156393,7336
163730,156394,7336
163732,156396,7336
163733,156397,7336
163735,156399,7336
163736,156400,7336
163738,156402,7336
163739,156403,7336
163740,156404,7336
163741,156405,7336
163742,156406,7336
163743,156407,7336
163744,156408,7336
163746,156410,7336
163747,156411,7336
163749,156413,7336
163750,156414,7336
163752,156416,7336
163753,156417,7336
163755,156419,7336
163756,156420,7336
163758,156422,7336
163759,156423,7336
163761,156425,7336
163762,156426,7336
163764,156428,7336
163766,156429,7337
163767,156430,7337
163768,156431,7337
163769,156431,7338
163770,156432,7338
163771,156433,7338
163773,156435,7338
163774,156436,7338
163775,156437,7338
163776,156438,7338
163778,156440,7338
163779,156441,7338
163781,156443,7338
163783,156444,7339
163784,156445,7339
163786,156446,7340
163787,156447,7340
163789,156449,7340
163790,156449,7341
163791,156450,7341
163792,156451,7341
163794,156453,7341
163796,156454,7342
163797,156454,7343
163799,156456,7343
163801,156458,7343
163802,156459,7343
163803,156460,7343
163804,156460,7344
163806,156462,7344
163807,156463,7344
163808,156464,7344
163809,156465,7344
163810,156466,7344
163812,156467,7345
163813,156468,7345
163814,156469,7345
163815,156470,7345
163816,156471,7345
163817,156472,7345
163819,156473,7346
163820,156474,7346
163821,156475,7346
163822,156476,7346
163823,156477,7346
163824,156478,7346
163826,156479,7347
163827,156480,7347
163828,156481,7347
163829,156482,7347
163831,156483,7348
163833,156485,7348
163834,156486,7348
163836,156488,7348
163838,156489,7349
163840,156491,7349
163841,156492,7349
163843,156494,7349
163845,156495,7350
163847,156497,7350
163848,156498,7350
163850,156500,7350
163852,156501,7351
163854,156503,7351
163855,156504,7351
163857,156506,7351
163858,156507,7351
163860,156509,7351
163862,156511,7351
163864,156513,7351
163866,156515,7351
163868,156517,7351
163870,156519,7351
163872,156521,7351
163874,156523,7351
163876,156525,7351
163878,156527,7351
163880,156529,7351
163882,156531,7351
163884,156533,7351
163886,156535,7351
163888,156537,7351
163890,156539,7351
163892,156541,7351
163894,156543,7351
163896,156545,7351
163898,156547,7351
163900,156549,7351
163902,156551,7351
163904,156553,7351
163906,156555,7351
163908,156557,7351
163910,156559,7351
163912,156561,7351
163914,156563,7351
163916,156565,7351
163918,156567,7351
163920,156569,7351
163922,156571,7351
163924,156573,7351
163925,156574,7351
163927,156575,7352
163929,156577,7352
163930,156578,7352
163932,156580,7352
163933,156581,7352
163934,156582,7352
163935,156582,7353
163936,156583,7353
163937,156584,7353
163938,156585,7353
163939,156586,7353
163940,156587,7353
163942,156588,7354
163943,156589,7354
163944,156590,7354
163945,156591,7354
163946,156592,7354
163947,156593,7354
163949,156594,7355
163950,156595,7355
163951,156596,7355
163952,156597,7355
163954,156599,7355
163955,156600,7355
163957,156601,7356
163959,156602,7357
163960,156603,7357
163961,156604,7357
163962,156605,7357
163963,156606,7357
163965,156607,7358
163966,156608,7358
163968,156610,7358
163969,156611,7358
163970,156612,7358
163971,156613,7358
163972,156614,7358
163973,156615,7358
163975,156616,7359
163976,156617,7359
163977,156618,7359
163978,156618,7360
163980,156619,7361
163981,156620,7361
163982,156621,7361
163983,156622,7361
163985,156623,7362
163986,156624,7362
163987,156625,7362
163988,156626,7362
163989,156627,7362
163990,156628,7362
163992,156629,7363
163993,156630,7363
163995,156632,7363
163996,156633,7363
163998,156634,7364
163999,156635,7364
164000,156635,7365
164001,156636,7365
164002,156637,7365
164004,156638,7366
164005,156639,7366
164006,156640,7366
164007,156641,7366
164009,156642,7367
164010,156643,7367
164011,156644,7367
164012,156645,7367
164014,156647,7367
164016,156648,7368
164017,156649,7368
164018,156650,7368
164019,156651,7368
164020,156652,7368
164021,156653,7368
164022,156654,7368
164024,156655,7369
164025,156656,7369
164026,156657,7369
164027,156658,7369
164028,156659,7369
164029,156660,7369
164030,156661,7369
164032,156663,7369
164033,156664,7369
164035,156666,7369
164036,156667,7369
164038,156669,7369
164039,156670,7369
164041,156672,7369
164042,156673,7369
164044,156675,7369
164046,156677,7369
164047,156678,7369
164048,156679,7369
164049,156680,7369
164051,156682,7369
164052,156682,7370
164053,156683,7370
164054,156684,7370
164055,156685,7370
164056,156686,7370
164058,156688,7370
164059,156689,7370
164060,156690,7370
164061,156691,7370
164062,156692,7370
164064,156694,7370
164065,156695,7370
164066,156696,7370
164068,156698,7370
164069,156699,7370
164070,156700,7370
164071,156701,7370
164072,156702,7370
164074,156704,7370
164075,156705,7370
164076,156706,7370
164077,156707,7370
164078,156708,7370
164079,156709,7370
164080,156710,7370
164081,156711,7370
164082,156712,7370
164084,156714,7370
164085,156715,7370
164086,156716,7370
164087,156717,7370
164088,156718,7370
164089,156719,7370
164090,156720,7370
164091,156721,7370
164092,156722,7370
164094,156724,7370
164095,156725,7370
164096,156726,7370
164097,156727,7370
164098,156728,7370
164099,156729,7370
164100,156730,7370
164101,156731,7370
164102,156732,7370
164104,156734,7370
164105,156735,7370
164107,156737,7370
164108,156738,7370
164109,156739,7370
164110,156740,7370
164111,156741,7370
164112,156742,7370
164113,156743,7370
164115,156745,7370
164116,156746,7370
164117,156747,7370
164118,156748,7370
164119,156749,7370
164120,156750,7370
164121,156751,7370
164122,156752,7370
164123,156753,7370
164125,156755,7370
164126,156756,7370
164127,156757,7370
164128,156758,7370
164129,156759,7370
164130,156760,7370
164131,156761,7370
164132,156762,7370
164133,156763,7370
164135,156765,7370
164136,156766,7370
164137,156767,7370
164138,156768,7370
164139,156769,7370
164140,156770,7370
164141,156771,7370
164142,156772,7370
164143,156773,7370
164145,156775,7370
164146,156776,7370
164147,156777,7370
164148,156778,7370
164149,156779,7370
164150,156780,7370
164151,156781,7370
164152,156782,7370
164153,156783,7370
164155,156785,7370
164156,156786,7370
164157,156787,7370
164158,156788,7370
164159,156789,7370
164160,156790,7370
164161,156791,7370
164162,156792,7370
164163,156793,7370
164165,156795,7370
164166,156796,7370
164167,156797,7370
164168,156798,7370
164169,156799,7370
164170,156800,7370
164171,156801,7370
164172,156802,7370
164173,156803,7370
164175,156805,7370
164176,156806,7370
164177,156807,7370
164178,156808,7370
164179,156809,7370
164180,156810,7370
164181,156811,7370
164182,156812,7370
164183,156813,7370
164185,156815,7370
164186,156816,7370
164187,156817,7370
164188,156818,7370
164189,156819,7370
164190,156820,7370
164191,156821,7370
164192,156822,7370
164193,156823,7370
164195,156825,7370
164196,156826,7370
164197,156827,7370
164198,156828,7370
164199,156829,7370
164200,156830,7370
164201,156831,7370
164202,156832,7370
164203,156833,7370
164205,156835,7370
164206,156836,7370
164207,156837,7370
164208,156838,7370
164209,156839,7370
164210,156840,7370
164211,156841,7370
164212,156842,7370
164213,156843,7370
164215,156845,7370
164216,156846,7370
164217,156847,7370
164218,156848,7370
164219,156849,7370
164220,156850,7370
164221,156851,7370
164222,156852,7370
164223,156853,7370
164225,156855,7370
164226,156856,7370
164227,156857,7370
164228,156858,7370
164229,156859,7370
164230,156860,7370
164231,156861,7370
164232,156862,7370
164233,156863,7370
164235,156865,7370
164236,156866,7370
164237,156867,7370
164238,156868,7370
164239,156869,7370
164240,156870,7370
164242,156872,7370
164243,156873,7370
164244,156874,7370
164245,156875,7370
164247,156877,7370
164249,156879,7370
164250,156880,7370
164251,156881,7370
164253,156883,7370
164254,156884,7370
164255,156885,7370
164256,156886,7370
164258,156888,7370
164259,156889,7370
164260,156890,7370
164261,156891,7370
164263,156893,7370
164264,156894,7370
164265,156895,7370
164266,156896,7370
164267,156897,7370
164269,156899,7370
164270,156900,7370
164271,156901,7370
164272,156902,7370
164274,156904,7370
164275,156905,7370
164277,156907,7370
164278,156908,7370
164279,156909,7370
164280,156910,7370
164282,156912,7370
164283,156913,7370
164284,156914,7370
164285,156915,7370
164286,156916,7370
164288,156918,7370
164289,156919,7370
164290,156920,7370
164292,156922,7370
164293,156923,7370
164294,156924,7370
164295,156925,7370
164296,156926,7370
164297,156927,7370
164298,156928,7370
164299,156929,7370
164301,156931,7370
164302,156932,7370
164303,156933,7370
164304,156934,7370
164305,156935,7370
164306,156936,7370
164307,156937,7370
164309,156939,7370
164311,156941,7370
164313,156943,7370
164314,156944,7370
164315,156945,7370
164316,156946,7370
164318,156948,7370
164319,156949,7370
164321,156951,7370
164322,156952,7370
164324,156954,7370
164325,156955,7370
164327,156957,7370
164328,156958,7370
164330,156960,7370
164331,156961,7370
164333,156963,7370
164334,156964,7370
164336,156966,7370
164337,156967,7370
164339,156969,7370
164340,156970,7370
164342,156972,7370
164344,156974,7370
164345,156975,7370
164346,156976,7370
164347,156977,7370
164348,156978,7370
164349,156979,7370
164350,156980,7370
164352,156982,7370
164353,156983,7370
164354,156984,7370
164355,156985,7370
164357,156987,7370
164359,156989,7370
164360,156990,7370
164361,156991,7370
164362,156992,7370
164363,156993,7370
164364,156994,7370
164366,156996,7370
164367,156997,7370
164369,156999,7370
164371,157001,7370
164372,157002,7370
164373,157003,7370
164374,157004,7370
164375,157005,7370
164377,157007,7370
164378,157008,7370
164379,157009,7370
164380,157010,7370
164382,157012,7370
164383,157013,7370
164384,157014,7370
164385,157015,7370
164386,157016,7370
164387,157017,7370
164389,157019,7370
164390,157020,7370
164392,157022,7370
164393,157023,7370
164394,157024,7370
164395,157025,7370
164397,157027,7370
164398,157028,7370
164399,157029,7370
164400,157030,7370
164401,157031,7370
164403,157033,7370
164404,157034,7370
164405,157035,7370
164406,157036,7370
164408,157038,7370
164409,157039,7370
164410,157040,7370
164411,157041,7370
164412,157042,7370
164414,157044,7370
164416,157046,7370
164417,157047,7370
164419,157049,7370
164421,157051,7370
164422,157052,7370
164423,157053,7370
164424,157054,7370
164425,157055,7370
164427,157057,7370
164428,157058,7370
164429,157059,7370
164430,157060,7370
164431,157061,7370
164432,157062,7370
164434,157064,7370
164435,157065,7370
164436,157066,7370
164437,157067,7370
164439,157069,7370
164440,157070,7370
164441,157071,7370
164442,157072,7370
164443,157073,7370
164444,157074,7370
164445,157075,7370
164447,157077,7370
164449,157079,7370
164451,157081,7370
164452,157082,7370
164453,157083,7370
164454,157084,7370
164456,157086,7370
164457,157087,7370
164458,157088,7370
164459,157089,7370
164460,157090,7370
164461,157091,7370
164463,157093,7370
164464,157094,7370
164466,157096,7370
164468,157098,7370
164469,157099,7370
164470,157100,7370
164471,157101,7370
164473,157103,7370
164475,157105,7370
164476,157106,7370
164477,157106,7371
164478,157107,7371
164479,157108,7371
164480,157109,7371
164482,157111,7371
164483,157112,7371
164484,157113,7371
164485,157114,7371
164486,157115,7371
164488,157117,7371
164489,157118,7371
164490,157119,7371
164491,157120,7371
164493,157122,7371
164494,157123,7371
164495,157124,7371
164497,157125,7372
164498,157126,7372
164499,157127,7372
164500,157128,7372
164501,157129,7372
164502,157130,7372
164504,157132,7372
164505,157133,7372
164506,157134,7372
164507,157135,7372
164509,157137,7372
164510,157138,7372
164511,157139,7372
164512,157140,7372
164513,157141,7372
164514,157142,7372
164515,157143,7372
164517,157145,7372
164518,157146,7372
164519,157147,7372
164520,157148,7372
164522,157150,7372
164523,157151,7372
164524,157152,7372
164525,157153,7372
164526,157154,7372
164527,157154,7373
164528,157155,7373
164530,157157,7373
164531,157158,7373
164533,157158,7375
164535,157159,7376
164536,157160,7376
164537,157161,7376
164538,157162,7376
164540,157163,7377
164541,157164,7377
164542,157165,7377
164543,157166,7377
164545,157167,7378
164546,157168,7378
164547,157169,7378
164549,157171,7378
164550,157172,7378
164551,157173,7378
164552,157174,7378
164554,157176,7378
164555,157177,7378
164556,157178,7378
164557,157179,7378
164558,157180,7378
164559,157181,7378
164560,157182,7378
164561,157183,7378
164563,157185,7378
164564,157186,7378
164565,157187,7378
164566,157188,7378
164568,157190,7378
164569,157191,7378
164570,157192,7378
164571,157193,7378
164572,157194,7378
164573,157195,7378
164574,157196,7378
164576,157198,7378
164578,157200,7378
164579,157201,7378
164580,157202,7378
164581,157203,7378
164582,157204,7378
164583,157205,7378
164585,157207,7378
164586,157208,7378
164587,157209,7378
164588,157210,7378
164590,157212,7378
164591,157213,7378
164592,157214,7378
164593,157215,7378
164594,157216,7378
164595,157217,7378
164596,157218,7378
164598,157220,7378
164599,157221,7378
164600,157222,7378
164601,157223,7378
164603,157225,7378
164604,157226,7378
164605,157227,7378
164606,157228,7378
164607,157229,7378
164608,157230,7378
164609,157231,7378
164611,157233,7378
164612,157234,7378
164614,157236,7378
164616,157238,7378
164617,157239,7378
164618,157240,7378
164619,157241,7378
164621,157243,7378
164622,157244,7378
164623,157245,7378
164624,157246,7378
164626,157248,7378
164627,157249,7378
164628,157250,7378
164630,157252,7378
164631,157253,7378
164632,157254,7378
164633,157255,7378
164635,157257,7378
164636,157258,7378
164637,157259,7378
164638,157260,7378
164639,157261,7378
164640,157262,7378
164641,157263,7378
164642,157264,7378
164644,157266,7378
164645,157267,7378
164646,157268,7378
164647,157269,7378
164649,157271,7378
164650,157272,7378
164651,157273,7378
164652,157274,7378
164653,157275,7378
164654,157276,7378
164655,157277,7378
164657,157279,7378
164658,157280,7378
164659,157281,7378
164660,157282,7378
164661,157283,7378
164662,157284,7378
164663,157285,7378
164665,157287,7378
164666,157288,7378
164667,157289,7378
164668,157290,7378
164669,157291,7378
164670,157292,7378
164671,157293,7378
164673,157295,7378
164674,157296,7378
164676,157298,7378
164677,157299,7378
164678,157300,7378
164679,157301,7378
164680,157302,7378
164682,157304,7378
164683,157305,7378
164684,157306,7378
164685,157307,7378
164687,157309,7378
164689,157311,7378
164690,157312,7378
164691,157313,7378
164692,157314,7378
164693,157315,7378
164695,157317,7378
164696,157318,7378
164698,157320,7378
164700,157322,7378
164701,157323,7378
164702,157324,7378
164703,157325,7378
164704,157326,7378
164706,157328,7378
164708,157330,7378
164709,157331,7378
164710,157332,7378
164711,157333,7378
164712,157334,7378
164714,157336,7378
164716,157338,7378
164717,157339,7378
164718,157340,7378
164720,157342,7378
164721,157343,7378
164722,157344,7378
164723,157345,7378
164724,157346,7378
164725,157347,7378
164726,157348,7378
164727,157349,7378
164729,157351,7378
164730,157352,7378
164731,157353,7378
164732,157354,7378
164733,157355,7378
164735,157357,7378
164736,157358,7378
164737,157359,7378
164738,157360,7378
164739,157361,7378
164740,157362,7378
164742,157364,7378
164743,157365,7378
164745,157367,7378
164747,157369,7378
164748,157370,7378
164749,157371,7378
164750,157372,7378
164752,157374,7378
164754,157376,7378
164755,157377,7378
164756,157378,7378
164757,157379,7378
164758,157380,7378
164759,157381,7378
164761,157383,7378
164762,157384,7378
164763,157385,7378
164764,157386,7378
164765,157387,7378
164767,157389,7378
164768,157390,7378
164769,157391,7378
164770,157392,7378
164772,157394,7378
164774,157396,7378
164775,157397,7378
164777,157399,7378
164778,157400,7378
164779,157401,7378
164780,157402,7378
164781,157403,7378
164782,157404,7378
164784,157406,7378
164785,157407,7378
164786,157408,7378
164787,157409,7378
164789,157411,7378
164790,157412,7378
164791,157413,7378
164793,157415,7378
164794,157416,7378
164795,157417,7378
164797,157419,7378
164798,157420,7378
164800,157422,7378
164801,157423,7378
164802,157424,7378
164803,157425,7378
164805,157427,7378
164806,157428,7378
164807,157429,7378
164808,157430,7378
164809,157431,7378
164810,157432,7378
164811,157433,7378
164812,157434,7378
164813,157435,7378
164815,157437,7378
164816,157438,7378
164817,157439,7378
164818,157440,7378
164820,157442,7378
164822,157444,7378
164823,157445,7378
164824,157446,7378
164825,157447,7378
164827,157449,7378
164828,157450,7378
164830,157452,7378
164832,157454,7378
164833,157455,7378
164834,157456,7378
164835,157457,7378
164836,157458,7378
164837,157459,7378
164839,157461,7378
164840,157462,7378
164841,157463,7378
164842,157464,7378
164844,157466,7378
164845,157467,7378
164846,157468,7378
164848,157470,7378
164849,157471,7378
164850,157472,7378
164852,157474,7378
164853,157475,7378
164855,157477,7378
164856,157478,7378
164857,157479,7378
164858,157480,7378
164860,157482,7378
164861,157483,7378
164862,157484,7378
164863,157485,7378
164864,157486,7378
164865,157487,7378
164866,157488,7378
164867,157489,7378
164868,157490,7378
164870,157492,7378
164871,157493,7378
164872,157494,7378
164873,157495,7378
164874,157496,7378
164875,157497,7378
164876,157498,7378
164877,157499,7378
164878,157500,7378
164879,157501,7378
164880,157502,7378
164882,157504,7378
164883,157505,7378
164884,157506,7378
164885,157507,7378
164886,157508,7378
164887,157509,7378
164888,157510,7378
164890,157512,7378
164891,157513,7378
164892,157514,7378
164893,157515,7378
164894,157516,7378
164896,157518,7378
164897,157519,7378
164899,157521,7378
164900,157522,7378
164902,157524,7378
164903,157525,7378
164904,157526,7378
164905,157527,7378
164906,157528,7378
164908,157530,7378
164909,157531,7378
164910,157532,7378
164911,157533,7378
164913,157535,7378
164915,157537,7378
164916,157538,7378
164917,157539,7378
164918,157540,7378
164919,157541,7378
164921,157543,7378
164922,157544,7378
164924,157546,7378
164926,157548,7378
164927,157549,7378
164929,157551,7378
164930,157552,7378
164931,157553,7378
164933,157555,7378
164935,157557,7378
164936,157558,7378
164938,157560,7378
164939,157561,7378
164940,157562,7378
164942,157564,7378
164944,157566,7378
164945,157567,7378
164946,157568,7378
164948,157570,7378
164949,157571,7378
164950,157572,7378
164951,157573,7378
164952,157574,7378
164953,157575,7378
164954,157576,7378
164956,157577,7379
164958,157579,7379
164959,157580,7379
164960,157581,7379
164961,157582,7379
164962,157583,7379
164964,157585,7379
164965,157586,7379
164966,157587,7379
164967,157588,7379
164968,157589,7379
164969,157590,7379
164971,157592,7379
164972,157593,7379
164973,157594,7379
164974,157595,7379
164976,157597,7379
164977,157598,7379
164978,157599,7379
164979,157600,7379
164980,157601,7379
164982,157601,7381
164984,157603,7381
164985,157604,7381
164986,157605,7381
164988,157607,7381
164990,157609,7381
164991,157610,7381
164992,157611,7381
164993,157612,7381
164994,157613,7381
164996,157615,7381
164998,157617,7381
164999,157618,7381
165001,157620,7381
165002,157621,7381
165004,157623,7381
165006,157625,7381
165007,157626,7381
165008,157627,7381
165009,157628,7381
165010,157629,7381
165012,157631,7381
165013,157632,7381
165014,157633,7381
165015,157634,7381
165017,157636,7381
165018,157636,7382
165019,157637,7382
165020,157638,7382
165021,157639,7382
165022,157640,7382
165023,157641,7382
165025,157643,7382
165027,157645,7382
165028,157646,7382
165029,157647,7382
165030,157648,7382
165031,157649,7382
165033,157651,7382
165034,157652,7382
165036,157654,7382
165037,157655,7382
165039,157657,7382
165040,157658,7382
165042,157660,7382
165043,157661,7382
165044,157662,7382
165045,157663,7382
165047,157665,7382
165049,157667,7382
165050,157668,7382
165051,157669,7382
165052,157670,7382
165054,157672,7382
165056,157674,7382
165057,157675,7382
165058,157676,7382
165059,157677,7382
165060,157678,7382
165061,157679,7382
165063,157681,7382
165065,157683,7382
165066,157684,7382
165068,157686,7382
165069,157687,7382
165071,157689,7382
165072,157690,7382
165074,157692,7382
165075,157693,7382
165077,157695,7382
165078,157696,7382
165080,157698,7382
165081,157699,7382
165082,157700,7382
165083,157700,7383
165085,157702,7383
165087,157704,7383
165088,157705,7383
165089,157706,7383
165091,157707,7384
165092,157708,7384
165093,157709,7384
165094,157710,7384
165095,157711,7384
165097,157713,7384
165098,157714,7384
165099,157715,7384
165101,157717,7384
165102,157718,7384
165103,157718,7385
165104,157719,7385
165105,157720,7385
165106,157721,7385
165108,157723,7385
165109,157724,7385
165110,157725,7385
165111,157726,7385
165112,157727,7385
165114,157729,7385
165115,157730,7385
165116,157731,7385
165117,157732,7385
165119,157734,7385
165120,157735,7385
165122,157737,7385
165124,157739,7385
165125,157740,7385
165126,157741,7385
165127,157742,7385
165128,157743,7385
165129,157744,7385
165131,157746,7385
165132,157747,7385
165133,157748,7385
165134,157749,7385
165135,157749,7386
165136,157750,7386
165138,157752,7386
165140,157754,7386
165142,157755,7387
165143,157756,7387
165144,157757,7387
165145,157758,7387
165147,157760,7387
165148,157761,7387
165149,157762,7387
165150,157763,7387
165152,157765,7387
165153,157766,7387
165154,157767,7387
165156,157769,7387
165157,157770,7387
165158,157771,7387
165159,157772,7387
165161,157774,7387
165162,157775,7387
165163,157776,7387
165164,157777,7387
165165,157778,7387
165166,157779,7387
165167,157780,7387
165168,157781,7387
165170,157783,7387
165171,157784,7387
165172,157784,7388
165173,157785,7388
165174,157786,7388
165175,157786,7389
165176,157787,7389
165178,157788,7390
165179,157789,7390
165181,157791,7390
165183,157792,7391
165184,157793,7391
165185,157794,7391
165186,157795,7391
165188,157796,7392
165189,157797,7392
165190,157798,7392
165191,157799,7392
165193,157800,7393
165194,157801,7393
165195,157802,7393
165197,157804,7393
165198,157805,7393
165199,157806,7393
165200,157807,7393
165201,157808,7393
165202,157809,7393
165203,157810,7393
165204,157811,7393
165205,157812,7393
165207,157814,7393
165208,157815,7393
165209,157816,7393
165210,157817,7393
165212,157819,7393
165213,157820,7393
165214,157821,7393
165215,157822,7393
165216,157823,7393
165218,157825,7393
165220,157827,7393
165221,157828,7393
165222,157828,7394
165223,157829,7394
165224,157830,7394
165226,157832,7394
165227,157833,7394
165228,157834,7394
165229,157835,7394
165231,157837,7394
165232,157838,7394
165233,157839,7394
165234,157840,7394
165235,157841,7394
165236,157842,7394
165237,157843,7394
165238,157844,7394
165239,157845,7394
165241,157847,7394
165243,157849,7394
165244,157850,7394
165245,157851,7394
165246,157852,7394
165247,157853,7394
165248,157854,7394
165250,157856,7394
165251,157857,7394
165252,157858,7394
165253,157859,7394
165255,157861,7394
165256,157862,7394
165257,157862,7395
165259,157864,7395
165260,157865,7395
165261,157866,7395
165263,157867,7396
165264,157868,7396
165266,157870,7396
165267,157871,7396
165268,157872,7396
165269,157873,7396
165271,157875,7396
165272,157876,7396
165273,157877,7396
165274,157878,7396
165275,157879,7396
165276,157880,7396
165277,157881,7396
165278,157882,7396
165279,157883,7396
165281,157885,7396
165282,157886,7396
165283,157887,7396
165285,157889,7396
165286,157890,7396
165288,157892,7396
165289,157893,7396
165291,157895,7396
165292,157896,7396
165294,157898,7396
165295,157899,7396
165297,157901,7396
165298,157902,7396
165300,157904,7396
165301,157905,7396
165303,157907,7396
165304,157908,7396
165306,157910,7396
165307,157911,7396
165309,157913,7396
165310,157914,7396
165311,157915,7396
165312,157916,7396
165313,157917,7396
165315,157919,7396
165316,157920,7396
165317,157921,7396
165319,157923,7396
165321,157925,7396
165323,157927,7396
165324,157928,7396
165326,157930,7396
165327,157931,7396
165329,157933,7396
165330,157934,7396
165331,157935,7396
165332,157936,7396
165333,157937,7396
165334,157938,7396
165336,157940,7396
165337,157941,7396
165338,157942,7396
165339,157943,7396
165340,157944,7396
165341,157945,7396
165343,157947,7396
165344,157948,7396
165345,157949,7396
165346,157950,7396
165347,157951,7396
165348,157952,7396
165349,157953,7396
165351,157955,7396
165353,157957,7396
165354,157958,7396
165356,157960,7396
165357,157961,7396
165359,157963,7396
165360,157964,7396
165362,157966,7396
165363,157967,7396
165365,157969,7396
165366,157970,7396
165368,157972,7396
165370,157974,7396
165372,157976,7396
165373,157977,7396
165375,157979,7396
165377,157981,7396
165378,157982,7396
165379,157983,7396
165381,157985,7396
165382,157986,7396
165383,157987,7396
165384,157988,7396
165385,157989,7396
165386,157990,7396
165387,157991,7396
165389,157993,7396
165390,157994,7396
165391,157995,7396
165392,157996,7396
165393,157997,7396
165395,157999,7396
165396,158000,7396
165397,158001,7396
165398,158002,7396
165399,158003,7396
165400,158004,7396
165402,158006,7396
165403,158007,7396
165404,158008,7396
165405,158009,7396
165407,158011,7396
165409,158013,7396
165410,158014,7396
165411,158015,7396
165412,158016,7396
165414,158018,7396
165415,158019,7396
165417,158021,7396
165418,158022,7396
165419,158023,7396
165420,158024,7396
165421,158025,7396
165422,158026,7396
165424,158028,7396
165425,158029,7396
165427,158031,7396
165428,158032,7396
165430,158034,7396
165431,158035,7396
165433,158037,7396
165435,158039,7396
165437,158041,7396
165438,158042,7396
165439,158043,7396
165440,158044,7396
165441,158045,7396
165442,158046,7396
165444,158047,7397
165445,158048,7397
165446,158049,7397
165447,158050,7397
165448,158051,7397
165449,158052,7397
165450,158053,7397
165451,158054,7397
165452,158055,7397
165453,158056,7397
165454,158057,7397
165456,158058,7398
165457,158059,7398
165458,158060,7398
165459,158061,7398
165460,158062,7398
165461,158063,7398
165462,158064,7398
165464,158065,7399
165466,158067,7399
165467,158068,7399
165468,158069,7399
165469,158070,7399
165471,158071,7400
165472,158072,7400
165473,158073,7400
165474,158074,7400
165475,158075,7400
165476,158076,7400
165477,158077,7400
165478,158078,7400
165479,158079,7400
165481,158080,7401
165482,158081,7401
165483,158082,7401
165485,158083,7402
165486,158084,7402
165487,158085,7402
165489,158087,7402
165491,158089,7402
165493,158091,7402
165495,158093,7402
165497,158095,7402
165499,158097,7402
165501,158099,7402
165503,158101,7402
165505,158103,7402
165507,158105,7402
165509,158107,7402
165511,158109,7402
165513,158111,7402
165515,158113,7402
165517,158115,7402
165519,158117,7402
165521,158119,7402
165523,158121,7402
165525,158123,7402
165527,158125,7402
165529,158127,7402
165531,158129,7402
165533,158131,7402
165535,158133,7402
165537,158135,7402
165539,158137,7402
165541,158139,7402
165543,158141,7402
165545,158143,7402
165547,158145,7402
165549,158147,7402
165551,158149,7402
165553,158151,7402
165555,158153,7402
165557,158155,7402
165559,158157,7402
165560,158158,7402
165561,158159,7402
165563,158160,7403
165564,158161,7403
165565,158162,7403
165566,158163,7403
165567,158164,7403
165568,158165,7403
165570,158166,7404
165571,158167,7404
165572,158168,7404
165573,158169,7404
165574,158170,7404
165575,158171,7404
165576,158172,7404
165578,158173,7405
165580,158175,7405
165581,158176,7405
165582,158177,7405
165583,158177,7406
165585,158179,7406
165586,158180,7406
165588,158182,7406
165589,158183,7406
165591,158185,7406
165592,158186,7406
165594,158188,7406
165595,158189,7406
165596,158190,7406
165598,158192,7406
165600,158193,7407
165601,158194,7407
165603,158195,7408
165604,158196,7408
165605,158197,7408
165607,158198,7409
165608,158199,7409
165609,158200,7409
165610,158201,7409
165611,158202,7409
165613,158203,7410
165614,158203,7411
165615,158204,7411
165617,158205,7412
165618,158206,7412
165619,158207,7412
165620,158208,7412
165621,158209,7412
165622,158210,7412
165623,158211,7412
165624,158212,7412
165626,158213,7413
165627,158214,7413
165628,158214,7414
165629,158215,7414
165630,158216,7414
165631,158217,7414
165632,158218,7414
165633,158219,7414
165634,158220,7414
165635,158221,7414
165637,158222,7415
165638,158223,7415
165639,158224,7415
165641,158226,7415
165642,158226,7416
165644,158228,7416
165645,158229,7416
165647,158231,7416
165648,158232,7416
165649,158233,7416
165650,158234,7416
165652,158235,7417
165653,158236,7417
165654,158236,7418
165655,158237,7418
165656,158237,7419
165657,158237,7420
165658,158238,7420
165659,158238,7421
165661,158238,7423
165662,158239,7423
165664,158240,7424
165665,158241,7424
165666,158242,7424
165668,158243,7425
165669,158244,7425
165671,158244,7427
165672,158245,7427
165673,158246,7427
165674,158246,7428
165675,158247,7428
165677,158248,7429
165679,158250,7429
165680,158251,7429
165681,158252,7429
165682,158253,7429
165683,158253,7430
165685,158254,7431
165687,158255,7432
165688,158256,7432
165690,158256,7434
165691,158257,7434
165692,158258,7434
165693,158258,7435
165695,158259,7436
165696,158260,7436
165697,158261,7436
165699,158262,7437
165700,158263,7437
165701,158264,7437
165703,158264,7439
165704,158265,7439
165705,158266,7439
165707,158268,7439
165708,158269,7439
165710,158271,7439
165711,158272,7439
165713,158274,7439
165714,158275,7439
165715,158276,7439
165717,158277,7440
165718,158278,7440
165719,158278,7441
165720,158279,7441
165722,158280,7442
165724,158281,7443
165725,158282,7443
165726,158283,7443
165727,158284,7443
165729,158286,7443
165731,158287,7444
165732,158288,7444
165733,158289,7444
165734,158290,7444
165735,158291,7444
165736,158292,7444
165737,158293,7444
165738,158294,7444
165739,158295,7444
165740,158296,7444
165741,158297,7444
165742,158298,7444
165743,158299,7444
165744,158300,7444
165745,158301,7444
165746,158302,7444
165748,158303,7445
165749,158304,7445
165750,158305,7445
165752,158306,7446
165754,158307,7447
165755,158308,7447
165756,158309,7447
165757,158310,7447
165758,158311,7447
165759,158312,7447
165761,158313,7448
165762,158314,7448
165763,158315,7448
165764,158315,7449
165765,158316,7449
165766,158317,7449
165767,158318,7449
165768,158319,7449
165769,158320,7449
165770,158321,7449
165771,158322,7449
165773,158324,7449
165775,158325,7450
165776,158326,7450
165778,158328,7450
165779,158329,7450
165780,158330,7450
165782,158332,7450
165783,158333,7450
165785,158334,7451
165786,158335,7451
165787,158336,7451
165788,158337,7451
165790,158338,7452
165792,158340,7452
165793,158341,7452
165795,158342,7453
165797,158344,7453
165798,158345,7453
165799,158346,7453
165801,158347,7454
165802,158348,7454
165804,158350,7454
165805,158351,7454
165806,158352,7454
165807,158353,7454
165809,158354,7455
165810,158355,7455
165811,158356,7455
165812,158357,7455
165813,158358,7455
165814,158358,7456
165816,158360,7456
165817,158360,7457
165818,158361,7457
165819,158361,7458
165820,158362,7458
165821,158363,7458
165822,158363,7459
165823,158364,7459
165825,158366,7459
165826,158367,7459
165828,158368,7460
165829,158369,7460
165830,158370,7460
165831,158371,7460
165832,158372,7460
165834,158373,7461
165835,158374,7461
165836,158374,7462
165838,158376,7462
165839,158377,7462
165841,158379,7462
165843,158380,7463
165844,158381,7463
165845,158382,7463
165846,158383,7463
165847,158384,7463
165849,158386,7463
165850,158387,7463
165852,158389,7463
165853,158390,7463
165855,158392,7463
165857,158393,7464
165858,158394,7464
165859,158395,7464
165860,158396,7464
165861,158397,7464
165862,158398,7464
165863,158399,7464
165864,158400,7464
165866,158401,7465
165867,158402,7465
165868,158403,7465
165869,158404,7465
165871,158405,7466
165872,158406,7466
165873,158407,7466
165874,158408,7466
165876,158409,7467
165877,158410,7467
165878,158411,7467
165879,158411,7468
165880,158412,7468
165881,158412,7469
165882,158413,7469
165883,158414,7469
165884,158415,7469
165885,158416,7469
165887,158417,7470
165888,158418,7470
165889,158419,7470
165890,158420,7470
165891,158421,7470
165892,158422,7470
165893,158423,7470
165895,158424,7471
165896,158425,7471
165897,158426,7471
165898,158427,7471
165899,158428,7471
165901,158429,7472
165902,158430,7472
165903,158431,7472
165904,158432,7472
165905,158433,7472
165907,158434,7473
165908,158435,7473
165909,158436,7473
165910,158437,7473
165911,158438,7473
165912,158439,7473
165914,158440,7474
165915,158441,7474
165916,158442,7474
165917,158442,7475
165918,158443,7475
165919,158444,7475
165920,158445,7475
165921,158446,7475
165922,158447,7475
165924,158447,7477
165925,158448,7477
165926,158449,7477
165927,158450,7477
165928,158451,7477
165929,158452,7477
165930,158453,7477
165931,158454,7477
165932,158455,7477
165934,158456,7478
165935,158456,7479
165936,158457,7479
165938,158459,7479
165940,158460,7480
165942,158461,7481
165943,158462,7481
165945,158464,7481
165946,158465,7481
165948,158466,7482
165949,158467,7482
165950,158468,7482
165952,158470,7482
165954,158471,7483
165955,158472,7483
165956,158473,7483
165957,158474,7483
165958,158475,7483
165960,158477,7483
165961,158478,7483
165962,158479,7483
165964,158481,7483
165965,158482,7483
165966,158482,7484
165967,158483,7484
165968,158484,7484
165970,158485,7485
165971,158486,7485
165973,158488,7485
165974,158489,7485
165976,158491,7485
165978,158492,7486
165980,158493,7487
165981,158494,7487
165982,158495,7487
165983,158496,7487
165984,158497,7487
165986,158499,7487
165987,158500,7487
165988,158500,7488
165989,158501,7488
165991,158503,7488
165992,158503,7489
165994,158505,7489
165995,158506,7489
165997,158508,7489
165999,158509,7490
166000,158510,7490
166002,158512,7490
166004,158514,7490
166005,158515,7490
166006,158516,7490
166007,158517,7490
166009,158519,7490
166010,158520,7490
166011,158521,7490
166012,158522,7490
166013,158523,7490
166015,158525,7490
166016,158526,7490
166017,158527,7490
166018,158528,7490
166019,158529,7490
166020,158530,7490
166022,158532,7490
166023,158533,7490
166024,158534,7490
166025,158535,7490
166026,158536,7490
166027,158537,7490
166029,158539,7490
166030,158540,7490
166031,158541,7490
166032,158542,7490
166034,158544,7490
166036,158546,7490
166037,158547,7490
166039,158549,7490
166041,158551,7490
166043,158553,7490
166044,158554,7490
166046,158556,7490
166048,158558,7490
166050,158560,7490
166051,158561,7490
166053,158563,7490
166055,158565,7490
166057,158567,7490
166058,158568,7490
166060,158570,7490
166061,158571,7490
166063,158573,7490
166065,158575,7490
166067,158577,7490
166069,158579,7490
166071,158581,7490
166073,158583,7490
166075,158585,7490
166077,158587,7490
166079,158589,7490
166081,158591,7490
166083,158593,7490
166085,158595,7490
166087,158597,7490
166089,158599,7490
166091,158601,7490
166093,158603,7490
166095,158605,7490
166097,158607,7490
166099,158609,7490
166101,158611,7490
166103,158613,7490
166105,158615,7490
166107,158617,7490
166109,158619,7490
166111,158621,7490
166113,158623,7490
166115,158625,7490
166117,158627,7490
166119,158629,7490
166121,158631,7490
166123,158633,7490
166125,158635,7490
166127,158637,7490
166128,158638,7490
166130,158640,7490
166132,158641,7491
166133,158642,7491
166135,158644,7491
166136,158645,7491
166137,158646,7491
166138,158647,7491
166139,158648,7491
166140,158649,7491
166141,158650,7491
166142,158651,7491
166143,158652,7491
166145,158654,7491
166146,158655,7491
166147,158656,7491
166148,158657,7491
166149,158658,7491
166150,158659,7491
166152,158661,7491
166153,158662,7491
166154,158663,7491
166155,158664,7491
166157,158666,7491
166158,158667,7491
166159,158668,7491
166161,158670,7491
166162,158671,7491
166163,158672,7491
166164,158673,7491
166165,158674,7491
166167,158676,7491
166168,158677,7491
166170,158679,7491
166171,158680,7491
166172,158681,7491
166173,158682,7491
166174,158683,7491
166176,158685,7491
166178,158687,7491
166179,158688,7491
166180,158689,7491
166181,158689,7492
166183,158691,7492
166184,158692,7492
166185,158693,7492
166186,158694,7492
166188,158696,7492
166189,158697,7492
166190,158698,7492
166191,158699,7492
166192,158700,7492
166193,158701,7492
166195,158703,7492
166196,158704,7492
166198,158706,7492
166199,158707,7492
166201,158709,7492
166202,158710,7492
166203,158711,7492
166204,158712,7492
166205,158713,7492
166207,158715,7492
166208,158716,7492
166209,158717,7492
166210,158718,7492
166212,158720,7492
166213,158721,7492
166214,158722,7492
166215,158723,7492
166217,158725,7492
166219,158727,7492
166220,158728,7492
166221,158729,7492
166222,158730,7492
166223,158731,7492
166224,158732,7492
166225,158733,7492
166227,158735,7492
166228,158736,7492
166229,158737,7492
166230,158738,7492
166231,158739,7492
166232,158740,7492
166233,158741,7492
166235,158743,7492
166236,158744,7492
166238,158746,7492
166239,158747,7492
166241,158749,7492
166242,158750,7492
166244,158752,7492
166245,158753,7492
166247,158755,7492
166249,158757,7492
166250,158758,7492
166251,158759,7492
166252,158760,7492
166254,158762,7492
166255,158763,7492
166256,158764,7492
166257,158765,7492
166258,158766,7492
166259,158767,7492
166261,158769,7492
166262,158770,7492
166263,158771,7492
166264,158772,7492
166265,158773,7492
166267,158775,7492
166268,158776,7492
166269,158777,7492
166271,158779,7492
166272,158780,7492
166273,158781,7492
166274,158782,7492
166275,158783,7492
166277,158785,7492
166278,158786,7492
166279,158787,7492
166280,158788,7492
166281,158789,7492
166282,158790,7492
166283,158791,7492
166284,158792,7492
166285,158793,7492
166287,158795,7492
166288,158796,7492
166289,158797,7492
166290,158798,7492
166291,158799,7492
166292,158800,7492
166293,158801,7492
166294,158802,7492
166295,158803,7492
166297,158805,7492
166298,158806,7492
166299,158807,7492
166300,158808,7492
166301,158809,7492
166302,158810,7492
166303,158811,7492
166304,158812,7492
166305,158813,7492
166307,158815,7492
166308,158816,7492
166309,158817,7492
166310,158818,7492
166311,158819,7492
166312,158820,7492
166314,158822,7492
166315,158823,7492
166316,158824,7492
166317,158825,7492
166319,158827,7492
166321,158829,7492
166322,158830,7492
166323,158831,7492
166325,158833,7492
166326,158834,7492
166327,158835,7492
166328,158836,7492
166330,158838,7492
166331,158839,7492
166332,158840,7492
166333,158841,7492
166335,158843,7492
166336,158844,7492
166337,158845,7492
166338,158846,7492
166339,158847,7492
166341,158849,7492
166342,158850,7492
166343,158851,7492
166344,158852,7492
166346,158854,7492
166347,158855,7492
166349,158857,7492
166350,158858,7492
166351,158859,7492
166352,158860,7492
166354,158862,7492
166355,158863,7492
166356,158864,7492
166357,158865,7492
166358,158866,7492
166360,158868,7492
166361,158869,7492
166362,158870,7492
166364,158872,7492
166365,158873,7492
166366,158874,7492
166367,158875,7492
166368,158876,7492
166369,158877,7492
166370,158878,7492
166371,158879,7492
166373,158881,7492
166374,158882,7492
166375,158883,7492
166376,158884,7492
166377,158885,7492
166378,158886,7492
166379,158887,7492
166381,158889,7492
166383,158891,7492
166385,158893,7492
166386,158894,7492
166387,158895,7492
166388,158896,7492
166390,158898,7492
166391,158899,7492
166393,158901,7492
166394,158902,7492
166396,158904,7492
166397,158905,7492
166399,158907,7492
166400,158908,7492
166402,158910,7492
166403,158911,7492
166405,158913,7492
166406,158914,7492
166408,158916,7492
166409,158917,7492
166411,158919,7492
166412,158920,7492
166414,158922,7492
166416,158924,7492
166417,158925,7492
166418,158926,7492
166419,158927,7492
166420,158928,7492
166421,158929,7492
166422,158930,7492
166424,158932,7492
166425,158933,7492
166426,158934,7492
166427,158935,7492
166429,158937,7492
166431,158939,7492
166432,158940,7492
166433,158941,7492
166434,158942,7492
166435,158943,7492
166436,158944,7492
166438,158946,7492
166439,158947,7492
166441,158949,7492
166443,158951,7492
166444,158952,7492
166445,158953,7492
166446,158954,7492
166447,158955,7492
166449,158957,7492
166450,158958,7492
166451,158959,7492
166452,158960,7492
166454,158962,7492
166455,158963,7492
166456,158964,7492
166457,158965,7492
166458,158966,7492
166459,158967,7492
166461,158969,7492
166462,158970,7492
166464,158972,7492
166465,158973,7492
166466,158974,7492
166467,158975,7492
166469,158977,7492
166470,158978,7492
166471,158979,7492
166472,158980,7492
166473,158981,7492
166475,158983,7492
166476,158984,7492
166477,158985,7492
166478,158986,7492
166480,158988,7492
166481,158989,7492
166482,158990,7492
166483,158991,7492
166484,158992,7492
166486,158994,7492
166488,158996,7492
166489,158997,7492
166491,158999,7492
166493,159001,7492
166494,159002,7492
166495,159003,7492
166496,159004,7492
166497,159005,7492
166499,159007,7492
166500,159008,7492
166501,159009,7492
166502,159010,7492
166503,159011,7492
166504,159012,7492
166506,159014,7492
166507,159015,7492
166508,159016,7492
166509,159017,7492
166511,159019,7492
166512,159020,7492
166513,159021,7492
166514,159022,7492
166515,159023,7492
166516,159024,7492
166517,159025,7492
166519,159027,7492
166521,159029,7492
166523,159031,7492
166524,159032,7492
166525,159033,7492
166526,159034,7492
166528,159036,7492
166529,159037,7492
166530,159038,7492
166531,159039,7492
166532,159040,7492
166533,159041,7492
166535,159043,7492
166536,159044,7492
166538,159046,7492
166540,159048,7492
166541,159049,7492
166542,159050,7492
166543,159051,7492
166545,159053,7492
166547,159055,7492
166548,159056,7492
166549,159057,7492
166550,159058,7492
166551,159059,7492
166552,159060,7492
166554,159062,7492
166555,159063,7492
166556,159064,7492
166557,159065,7492
166558,159066,7492
166560,159068,7492
166561,159069,7492
166562,159070,7492
166563,159071,7492
166565,159073,7492
166566,159074,7492
166567,159075,7492
166569,159076,7493
166570,159077,7493
166571,159078,7493
166572,159079,7493
166573,159080,7493
166574,159081,7493
166576,159083,7493
166577,159084,7493
166578,159085,7493
166579,159086,7493
166581,159088,7493
166582,159089,7493
166583,159090,7493
166584,159091,7493
166585,159092,7493
166586,159093,7493
166587,159094,7493
166589,159096,7493
166590,159097,7493
166591,159098,7493
166592,159099,7493
166594,159101,7493
166595,159102,7493
166596,159103,7493
166597,159104,7493
166598,159105,7493
166599,159106,7493
166600,159107,7493
166602,159109,7493
166603,159110,7493
166605,159112,7493
166607,159114,7493
166608,159115,7493
166609,159116,7493
166610,159117,7493
166612,159119,7493
166613,159120,7493
166614,159121,7493
166615,159122,7493
166617,159124,7493
166618,159125,7493
166619,159126,7493
166621,159128,7493
166622,159129,7493
166623,159130,7493
166624,159131,7493
166626,159133,7493
166627,159134,7493
166628,159135,7493
166629,159136,7493
166630,159137,7493
166631,159138,7493
166632,159139,7493
166633,159140,7493
166635,159142,7493
166636,159143,7493
166637,159144,7493
166638,159145,7493
166640,159147,7493
166641,159148,7493
166642,159149,7493
166643,159150,7493
166644,159151,7493
166645,159152,7493
166646,159153,7493
166648,159155,7493
166650,159157,7493
166651,159158,7493
166652,159159,7493
166653,159160,7493
166654,159161,7493
166655,159162,7493
166657,159164,7493
166658,159165,7493
166659,159166,7493
166660,159167,7493
166662,159169,7493
166663,159170,7493
166664,159171,7493
166665,159172,7493
166666,159173,7493
166667,159174,7493
166668,159175,7493
166670,159177,7493
166671,159178,7493
166672,159179,7493
166673,159180,7493
166675,159182,7493
166676,159183,7493
166677,159184,7493
166678,159185,7493
166679,159186,7493
166680,159187,7493
166681,159188,7493
166683,159190,7493
166684,159191,7493
166686,159193,7493
166688,159195,7493
166689,159196,7493
166690,159197,7493
166691,159198,7493
166693,159200,7493
166694,159201,7493
166695,159202,7493
166696,159203,7493
166698,159205,7493
166699,159206,7493
166700,159207,7493
166702,159209,7493
166703,159210,7493
166704,159211,7493
166705,159212,7493
166707,159214,7493
166708,159215,7493
166709,159216,7493
166710,159217,7493
166711,159218,7493
166712,159219,7493
166713,159220,7493
166714,159221,7493
166716,159223,7493
166717,159224,7493
166718,159225,7493
166719,159226,7493
166721,159228,7493
166722,159229,7493
166723,159230,7493
166724,159231,7493
166725,159232,7493
166726,159233,7493
166727,159234,7493
166729,159236,7493
166730,159237,7493
166731,159238,7493
166732,159239,7493
166733,159240,7493
166734,159241,7493
166735,159242,7493
166737,159244,7493
166738,159245,7493
166739,159246,7493
166740,159247,7493
166741,159248,7493
166742,159249,7493
166743,159250,7493
166745,159252,7493
166746,159253,7493
166748,159255,7493
166749,159256,7493
166750,159257,7493
166751,159258,7493
166752,159259,7493
166754,159261,7493
166755,159262,7493
166756,159263,7493
166757,159264,7493
166759,159266,7493
166761,159268,7493
166762,159269,7493
166763,159270,7493
166764,159271,7493
166765,159272,7493
166767,159274,7493
166768,159275,7493
166770,159277,7493
166772,159279,7493
166773,159280,7493
166774,159281,7493
166775,159282,7493
166776,159283,7493
166778,159285,7493
166780,159287,7493
166781,159288,7493
166782,159289,7493
166783,159290,7493
166784,159291,7493
166786,159293,7493
166788,159295,7493
166789,159296,7493
166790,159297,7493
166792,159299,7493
166793,159300,7493
166794,159301,7493
166795,159302,7493
166796,159303,7493
166797,159304,7493
166798,159305,7493
166799,159306,7493
166801,159308,7493
166802,159309,7493
166803,159310,7493
166804,159311,7493
166805,159312,7493
166807,159314,7493
166808,159315,7493
166809,159316,7493
166810,159317,7493
166811,159318,7493
166812,159319,7493
166814,159321,7493
166815,159322,7493
166817,159324,7493
166819,159326,7493
166820,159327,7493
166821,159328,7493
166822,159329,7493
166824,159331,7493
166826,159333,7493
166827,159334,7493
166828,159335,7493
166829,159336,7493
166830,159337,7493
166831,159338,7493
166833,159340,7493
166834,159341,7493
166835,159342,7493
166836,159343,7493
166837,159344,7493
166839,159346,7493
166840,159347,7493
166841,159348,7493
166842,159349,7493
166844,159351,7493
166846,159353,7493
166847,159354,7493
166849,159356,7493
166850,159357,7493
166851,159358,7493
166852,159359,7493
166853,159360,7493
166854,159361,7493
166856,159363,7493
166857,159364,7493
166858,159365,7493
166859,159366,7493
166861,159368,7493
166862,159369,7493
166863,159370,7493
166865,159372,7493
166866,159373,7493
166867,159374,7493
166869,159376,7493
166870,159377,7493
166872,159379,7493
166873,159380,7493
166874,159381,7493
166875,159382,7493
166877,159384,7493
166878,159385,7493
166879,159386,7493
166880,159387,7493
166881,159388,7493
166882,159389,7493
166883,159390,7493
166884,159391,7493
166885,159392,7493
166887,159394,7493
166888,159395,7493
166889,159396,7493
166890,159397,7493
166892,159399,7493
166894,159401,7493
166895,159402,7493
166896,159403,7493
166897,159404,7493
166899,159406,7493
166900,159407,7493
166902,159409,7493
166904,159411,7493
166905,159412,7493
166906,159413,7493
166907,159414,7493
166908,159415,7493
166909,159416,7493
166911,159418,7493
166912,159419,7493
166913,159420,7493
166914,159421,7493
166916,159423,7493
166917,159424,7493
166918,159425,7493
166920,159427,7493
166921,159428,7493
166922,159429,7493
166924,159431,7493
166925,159432,7493
166927,159434,7493
166928,159435,7493
166929,159436,7493
166930,159437,7493
166932,159439,7493
166933,159440,7493
166934,159441,7493
166935,159442,7493
166936,159443,7493
166937,159444,7493
166938,159445,7493
166939,159446,7493
166940,159447,7493
166942,159449,7493
166943,159450,7493
166944,159451,7493
166945,159452,7493
166946,159453,7493
166947,159454,7493
166948,159455,7493
166949,159456,7493
166950,159457,7493
166951,159458,7493
166952,159459,7493
166954,159461,7493
166955,159462,7493
166956,159463,7493
166957,159464,7493
166958,159465,7493
166959,159466,7493
166960,159467,7493
166962,159469,7493
166963,159470,7493
166964,159471,7493
166965,159472,7493
166966,159473,7493
166968,159475,7493
166969,159476,7493
166971,159478,7493
166972,159479,7493
166974,159481,7493
166975,159482,7493
166976,159483,7493
166977,159484,7493
166978,159485,7493
166980,159487,7493
166981,159488,7493
166982,159489,7493
166983,159490,7493
166985,159492,7493
166987,159494,7493
166988,159495,7493
166989,159496,7493
166990,159497,7493
166991,159498,7493
166993,159500,7493
166994,159501,7493
166996,159503,7493
166998,159505,7493
166999,159506,7493
167001,159508,7493
167002,159509,7493
167003,159510,7493
167005,159512,7493
167007,159514,7493
167008,159515,7493
167010,159517,7493
167011,159518,7493
167012,159519,7493
167014,159521,7493
167016,159523,7493
167017,159524,7493
167018,159525,7493
167020,159527,7493
167021,159528,7493
167022,159529,7493
167023,159530,7493
167024,159531,7493
167025,159532,7493
167026,159533,7493
167028,159535,7493
167030,159537,7493
167031,159538,7493
167032,159539,7493
167033,159540,7493
167034,159541,7493
167036,159543,7493
167037,159544,7493
167038,159545,7493
167039,159546,7493
167040,159547,7493
167041,159548,7493
167043,159550,7493
167044,159551,7493
167045,159552,7493
167046,159553,7493
167048,159555,7493
167049,159556,7493
167050,159557,7493
167051,159558,7493
167052,159559,7493
167053,159559,7494
167055,159561,7494
167056,159562,7494
167057,159563,7494
167059,159565,7494
167061,159567,7494
167062,159568,7494
167063,159569,7494
167064,159570,7494
167065,159571,7494
167067,159573,7494
167069,159575,7494
167070,159576,7494
167072,159578,7494
167073,159579,7494
167075,159581,7494
167077,159583,7494
167078,159584,7494
167079,159585,7494
167080,159586,7494
167081,159587,7494
167083,159589,7494
167084,159590,7494
167085,159591,7494
167086,159592,7494
167088,159594,7494
167089,159594,7495
167090,159595,7495
167091,159596,7495
167092,159597,7495
167093,159598,7495
167094,159599,7495
167095,159600,7495
167096,159601,7495
167098,159603,7495
167100,159604,7496
167101,159605,7496
167102,159606,7496
167103,159607,7496
167104,159608,7496
167105,159609,7496
167107,159611,7496
167109,159613,7496
167110,159614,7496
167111,159615,7496
167112,159616,7496
167113,159617,7496
167115,159619,7496
167116,159620,7496
167118,159622,7496
167119,159623,7496
167121,159625,7496
167122,159626,7496
167124,159628,7496
167125,159629,7496
167126,159630,7496
167127,159631,7496
167129,159633,7496
167131,159635,7496
167132,159636,7496
167133,159637,7496
167134,159638,7496
167136,159640,7496
167138,159642,7496
167139,159643,7496
167140,159644,7496
167141,159645,7496
167142,159646,7496
167143,159647,7496
167145,159649,7496
167147,159651,7496
167148,159652,7496
167150,159654,7496
167151,159655,7496
167153,159657,7496
167154,159658,7496
167156,159660,7496
167157,159661,7496
167159,159663,7496
167160,159664,7496
167162,159666,7496
167163,159667,7496
167164,159668,7496
167165,159668,7497
167167,159670,7497
167169,159672,7497
167170,159673,7497
167171,159674,7497
167173,159675,7498
167174,159676,7498
167175,159677,7498
167176,159678,7498
167177,159679,7498
167179,159681,7498
167180,159682,7498
167181,159683,7498
167183,159685,7498
167184,159686,7498
167185,159686,7499
167186,159687,7499
167187,159688,7499
167188,159689,7499
167190,159691,7499
167191,159692,7499
167192,159693,7499
167193,159694,7499
167194,159695,7499
167196,159697,7499
167197,159698,7499
167198,159699,7499
167199,159700,7499
167201,159702,7499
167202,159703,7499
167204,159705,7499
167206,159707,7499
167207,159708,7499
167208,159709,7499
167209,159710,7499
167210,159711,7499
167211,159712,7499
167213,159714,7499
167214,159715,7499
167215,159716,7499
167216,159717,7499
167218,159719,7499
167219,159720,7499
167220,159721,7499
167221,159722,7499
167222,159723,7499
167223,159724,7499
167224,159725,7499
167226,159727,7499
167227,159728,7499
167228,159729,7499
167229,159730,7499
167231,159732,7499
167232,159733,7499
167233,159734,7499
167234,159735,7499
167235,159736,7499
167236,159737,7499
167237,159738,7499
167239,159739,7500
167240,159740,7500
167242,159740,7502
167244,159742,7502
167245,159743,7502
167246,159744,7502
167247,159745,7502
167249,159747,7502
167250,159748,7502
167251,159749,7502
167252,159750,7502
167254,159752,7502
167255,159753,7502
167256,159754,7502
167258,159756,7502
167259,159757,7502
167260,159758,7502
167261,159759,7502
167263,159761,7502
167264,159762,7502
167265,159763,7502
167266,159764,7502
167267,159765,7502
167268,159766,7502
167269,159767,7502
167270,159768,7502
167272,159770,7502
167273,159771,7502
167274,159772,7502
167275,159773,7502
167277,159775,7502
167278,159776,7502
167279,159777,7502
167280,159778,7502
167281,159779,7502
167283,159781,7502
167285,159783,7502
167286,159784,7502
167287,159784,7503
167288,159785,7503
167289,159786,7503
167291,159788,7503
167292,159789,7503
167293,159790,7503
167294,159791,7503
167296,159793,7503
167297,159794,7503
167298,159795,7503
167299,159796,7503
167300,159797,7503
167301,159798,7503
167302,159799,7503
167303,159800,7503
167304,159801,7503
167306,159803,7503
167308,159805,7503
167309,159806,7503
167310,159807,7503
167311,159808,7503
167312,159809,7503
167313,159810,7503
167315,159812,7503
167316,159813,7503
167317,159814,7503
167318,159815,7503
167320,159817,7503
167321,159818,7503
167322,159819,7503
167324,159821,7503
167325,159822,7503
167326,159823,7503
167328,159825,7503
167329,159826,7503
167331,159828,7503
167332,159829,7503
167333,159830,7503
167334,159831,7503
167336,159833,7503
167337,159834,7503
167338,159835,7503
167339,159836,7503
167340,159837,7503
167341,159838,7503
167342,159839,7503
167343,159840,7503
167344,159841,7503
167346,159843,7503
167347,159844,7503
167348,159845,7503
167350,159847,7503
167351,159848,7503
167353,159850,7503
167354,159851,7503
167356,159853,7503
167357,159854,7503
167359,159856,7503
167360,159857,7503
167362,159859,7503
167363,159860,7503
167365,159862,7503
167366,159863,7503
167368,159865,7503
167369,159866,7503
167371,159868,7503
167372,159869,7503
167374,159871,7503
167375,159872,7503
167376,159873,7503
167377,159874,7503
167378,159875,7503
167380,159877,7503
167381,159878,7503
167382,159879,7503
167384,159881,7503
167386,159883,7503
167388,159885,7503
167389,159886,7503
167391,159888,7503
167392,159889,7503
167394,159891,7503
167395,159892,7503
167396,159893,7503
167397,159894,7503
167398,159895,7503
167399,159896,7503
167401,159898,7503
167402,159899,7503
167403,159900,7503
167404,159901,7503
167405,159902,7503
167406,159903,7503
167408,159905,7503
167409,159906,7503
167410,159907,7503
167411,159908,7503
167412,159909,7503
167413,159910,7503
167414,159911,7503
167416,159913,7503
167418,159915,7503
167419,159916,7503
167421,159918,7503
167422,159919,7503
167424,159921,7503
167425,159922,7503
167427,159924,7503
167428,159925,7503
167430,159927,7503
167431,159928,7503
167433,159930,7503
167435,159932,7503
167437,159934,7503
167438,159935,7503
167440,159937,7503
167442,159939,7503
167443,159940,7503
167444,159941,7503
167446,159943,7503
167447,159944,7503
167448,159945,7503
167449,159946,7503
167450,159947,7503
167451,159948,7503
167452,159949,7503
167454,159951,7503
167455,159952,7503
167456,159953,7503
167457,159954,7503
167458,159955,7503
167460,159957,7503
167461,159958,7503
167462,159959,7503
167463,159960,7503
167464,159961,7503
167465,159962,7503
167467,159964,7503
167468,159965,7503
167469,159966,7503
167470,159967,7503
167472,159969,7503
167474,159971,7503
167475,159972,7503
167476,159973,7503
167477,159974,7503
167479,159976,7503
167480,159977,7503
167482,159979,7503
167483,159980,7503
167484,159981,7503
167485,159982,7503
167486,159983,7503
167487,159984,7503
167489,159986,7503
167490,159987,7503
167492,159989,7503
167493,159990,7503
167495,159992,7503
167496,159993,7503
167498,159995,7503
167500,159997,7503
167502,159999,7503
167503,160000,7503
167504,160001,7503
167505,160002,7503
167506,160003,7503
167507,160004,7503
167509,160006,7503
167510,160007,7503
167511,160008,7503
167512,160009,7503
167513,160010,7503
167514,160011,7503
167515,160012,7503
167516,160013,7503
167517,160014,7503
167518,160015,7503
167519,160016,7503
167521,160018,7503
167522,160019,7503
167523,160020,7503
167524,160021,7503
167525,160022,7503
167526,160023,7503
167527,160024,7503
167529,160026,7503
167531,160028,7503
167532,160029,7503
167533,160030,7503
167534,160031,7503
167536,160033,7503
167537,160034,7503
167538,160035,7503
167539,160036,7503
167540,160037,7503
167542,160038,7504
167543,160039,7504
167544,160040,7504
167545,160041,7504
167547,160043,7504
167548,160044,7504
167549,160045,7504
167551,160047,7504
167552,160048,7504
167553,160049,7504
167555,160051,7504
167557,160053,7504
167559,160055,7504
167561,160057,7504
167563,160059,7504
167565,160061,7504
167567,160063,7504
167569,160065,7504
167571,160067,7504
167573,160069,7504
167575,160071,7504
167577,160073,7504
167579,160075,7504
167581,160077,7504
167583,160079,7504
167585,160081,7504
167587,160083,7504
167589,160085,7504
167591,160087,7504
167593,160089,7504
167595,160091,7504
167597,160093,7504
167599,160095,7504
167601,160097,7504
167603,160099,7504
167605,160101,7504
167607,160103,7504
167609,160105,7504
167611,160107,7504
167613,160109,7504
167615,160111,7504
167617,160113,7504
167619,160115,7504
167621,160117,7504
167623,160119,7504
167625,160121,7504
167626,160122,7504
167627,160123,7504
167629,160125,7504
167630,160126,7504
167631,160127,7504
167632,160128,7504
167633,160129,7504
167634,160130,7504
167636,160132,7504
167637,160133,7504
167638,160134,7504
167639,160135,7504
167640,160136,7504
167641,160137,7504
167642,160138,7504
167644,160140,7504
167646,160142,7504
167647,160143,7504
167648,160144,7504
167649,160144,7505
167650,160145,7505
167652,160146,7506
167653,160147,7506
167655,160149,7506
167656,160149,7507
167658,160151,7507
167659,160152,7507
167661,160154,7507
167662,160155,7507
167663,160156,7507
167665,160158,7507
167666,160159,7507
167668,160161,7507
167669,160162,7507
167670,160163,7507
167672,160164,7508
167673,160165,7508
167675,160167,7508
167676,160167,7509
167678,160169,7509
167679,160170,7509
167681,160172,7509
167682,160173,7509
167683,160174,7509
167684,160174,7510
167686,160175,7511
167687,160176,7511
167688,160177,7511
167689,160178,7511
167691,160178,7513
167692,160179,7513
167694,160181,7513
167695,160182,7513
167697,160184,7513
167698,160185,7513
167700,160187,7513
167701,160188,7513
167703,160189,7514
167704,160190,7514
167706,160191,7515
167707,160192,7515
167709,160194,7515
167710,160195,7515
167711,160196,7515
167712,160197,7515
167714,160198,7516
167715,160199,7516
167716,160200,7516
167717,160201,7516
167719,160203,7516
167721,160204,7517
167722,160205,7517
167723,160206,7517
167724,160207,7517
167725,160208,7517
167727,160209,7518
167728,160209,7519
167729,160210,7519
167731,160211,7520
167732,160212,7520
167734,160214,7520
167735,160215,7520
167736,160216,7520
167737,160217,7520
167739,160218,7521
167740,160219,7521
167741,160220,7521
167743,160222,7521
167744,160222,7522
167746,160224,7522
167747,160225,7522
167748,160226,7522
167750,160228,7522
167751,160229,7522
167753,160231,7522
167754,160232,7522
167755,160233,7522
167756,160234,7522
167757,160235,7522
167758,160236,7522
167759,160237,7522
167761,160238,7523
167762,160239,7523
167763,160240,7523
167764,160241,7523
167765,160241,7524
167767,160242,7525
167768,160243,7525
167769,160244,7525
167770,160245,7525
167772,160246,7526
167773,160247,7526
167774,160248,7526
167775,160249,7526
167777,160250,7527
167778,160251,7527
167779,160251,7528
167781,160252,7529
167783,160252,7531
167785,160254,7531
167786,160254,7532
167788,160255,7533
167789,160256,7533
167791,160258,7533
167792,160259,7533
167793,160260,7533
167794,160261,7533
167795,160262,7533
167797,160263,7534
167798,160264,7534
167799,160265,7534
167800,160266,7534
167801,160267,7534
167802,160268,7534
167804,160269,7535
167805,160270,7535
167806,160271,7535
167807,160272,7535
167808,160273,7535
167809,160274,7535
167811,160275,7536
167812,160276,7536
167813,160277,7536
167814,160278,7536
167815,160279,7536
167817,160280,7537
167818,160281,7537
167819,160282,7537
167820,160283,7537
167821,160283,7538
167822,160284,7538
167823,160285,7538
167825,160286,7539
167826,160287,7539
167827,160288,7539
167828,160289,7539
167829,160290,7539
167831,160291,7540
167832,160292,7540
167833,160293,7540
167835,160295,7540
167836,160296,7540
167837,160296,7541
167839,160297,7542
167840,160298,7542
167841,160299,7542
167842,160300,7542
167844,160302,7542
167845,160303,7542
167847,160305,7542
167848,160306,7542
167849,160307,7542
167850,160308,7542
167852,160309,7543
167854,160311,7543
167855,160312,7543
167856,160313,7543
167858,160315,7543
167859,160316,7543
167861,160318,7543
167863,160320,7543
167864,160321,7543
167865,160322,7543
167866,160323,7543
167868,160325,7543
167869,160326,7543
167871,160328,7543
167872,160329,7543
167873,160330,7543
167874,160331,7543
167876,160333,7543
167878,160335,7543
167879,160336,7543
167880,160337,7543
167882,160339,7543
167883,160340,7543
167885,160342,7543
167887,160344,7543
167888,160345,7543
167889,160346,7543
167890,160347,7543
167891,160348,7543
167892,160349,7543
167894,160351,7543
167895,160352,7543
167896,160353,7543
167897,160354,7543
167898,160354,7544
167900,160356,7544
167901,160357,7544
167902,160358,7544
167904,160360,7544
167905,160361,7544
167906,160361,7545
167908,160363,7545
167909,160364,7545
167910,160365,7545
167912,160366,7546
167913,160367,7546
167914,160368,7546
167915,160369,7546
167916,160370,7546
167917,160371,7546
167918,160372,7546
167920,160373,7547
167921,160374,7547
167922,160375,7547
167923,160376,7547
167924,160377,7547
167926,160378,7548
167927,160379,7548
167928,160380,7548
167929,160380,7549
167930,160381,7549
167931,160382,7549
167932,160383,7549
167934,160384,7550
167935,160385,7550
167936,160386,7550
167937,160387,7550
167938,160388,7550
167940,160389,7551
167941,160390,7551
167942,160391,7551
167943,160392,7551
167944,160393,7551
167945,160394,7551
167946,160395,7551
167948,160396,7552
167949,160397,7552
167950,160398,7552
167951,160399,7552
167953,160400,7553
167954,160401,7553
167955,160402,7553
167956,160403,7553
167958,160405,7553
167959,160406,7553
167960,160407,7553
167961,160408,7553
167962,160409,7553
167964,160411,7553
167965,160412,7553
167966,160413,7553
167967,160414,7553
167969,160415,7554
167971,160416,7555
167972,160417,7555
167973,160418,7555
167974,160418,7556
167976,160420,7556
167978,160421,7557
167980,160423,7557
167981,160424,7557
167983,160426,7557
167984,160427,7557
167985,160427,7558
167986,160428,7558
167987,160429,7558
167988,160430,7558
167989,160431,7558
167991,160432,7559
167992,160433,7559
167993,160434,7559
167994,160435,7559
167995,160436,7559
167996,160437,7559
167997,160438,7559
167999,160440,7559
168001,160441,7560
168003,160443,7560
168004,160444,7560
168005,160445,7560
168007,160446,7561
168008,160447,7561
168010,160448,7562
168011,160449,7562
168012,160450,7562
168013,160451,7562
168014,160452,7562
168015,160453,7562
168017,160454,7563
168018,160455,7563
168019,160456,7563
168020,160457,7563
168021,160458,7563
168023,160460,7563
168025,160461,7564
168026,160461,7565
168027,160462,7565
168028,160463,7565
168029,160463,7566
168031,160465,7566
168032,160466,7566
168034,160467,7567
168035,160468,7567
168036,160469,7567
168037,160470,7567
168038,160471,7567
168040,160473,7567
168041,160474,7567
168042,160475,7567
168043,160476,7567
168044,160477,7567
168046,160479,7567
168048,160481,7567
168050,160482,7568
168051,160483,7568
168052,160484,7568
168054,160485,7569
168055,160486,7569
168057,160486,7571
168058,160487,7571
168059,160488,7571
168061,160489,7572
168062,160490,7572
168063,160491,7572
168064,160492,7572
168065,160493,7572
168066,160494,7572
168067,160495,7572
168069,160497,7572
168070,160498,7572
168071,160499,7572
168072,160500,7572
168074,160501,7573
168075,160502,7573
168076,160503,7573
168077,160504,7573
168078,160505,7573
168079,160506,7573
168081,160508,7573
168082,160509,7573
168083,160510,7573
168084,160511,7573
168085,160512,7573
168087,160513,7574
168088,160513,7575
168089,160514,7575
168090,160515,7575
168091,160516,7575
168092,160517,7575
168093,160518,7575
168095,160519,7576
168096,160520,7576
168097,160521,7576
168098,160522,7576
168099,160523,7576
168100,160524,7576
168102,160525,7577
168103,160526,7577
168104,160527,7577
168105,160528,7577
168107,160530,7577
168109,160532,7577
168110,160533,7577
168111,160534,7577
168112,160535,7577
168113,160536,7577
168115,160538,7577
168116,160539,7577
168117,160540,7577
168118,160541,7577
168120,160543,7577
168122,160544,7578
168123,160545,7578
168124,160546,7578
168125,160547,7578
168126,160548,7578
168127,160549,7578
168129,160551,7578
168130,160552,7578
168132,160554,7578
168133,160555,7578
168135,160557,7578
168136,160558,7578
168137,160559,7578
168138,160560,7578
168139,160561,7578
168140,160562,7578
168142,160564,7578
168143,160565,7578
168144,160566,7578
168145,160567,7578
168146,160568,7578
168147,160569,7578
168148,160570,7578
168150,160572,7578
168152,160574,7578
168154,160576,7578
168155,160577,7578
168156,160578,7578
168158,160580,7578
168159,160581,7578
168161,160583,7578
168162,160584,7578
168163,160585,7578
168164,160586,7578
168165,160587,7578
168166,160588,7578
168168,160590,7578
168169,160591,7578
168170,160592,7578
168171,160593,7578
168172,160594,7578
168174,160596,7578
168176,160598,7578
168177,160599,7578
168178,160600,7578
168179,160601,7578
168180,160602,7578
168182,160604,7578
168183,160605,7578
168185,160607,7578
168186,160608,7578
168187,160609,7578
168188,160610,7578
168189,160611,7578
168191,160613,7578
168192,160614,7578
168193,160615,7578
168194,160616,7578
168195,160617,7578
168196,160618,7578
168197,160619,7578
168199,160621,7578
168200,160622,7578
168201,160623,7578
168202,160624,7578
168203,160625,7578
168204,160626,7578
168206,160628,7578
168207,160629,7578
168208,160630,7578
168209,160631,7578
168211,160633,7578
168213,160635,7578
168214,160636,7578
168215,160637,7578
168216,160638,7578
168217,160639,7578
168219,160641,7578
168220,160642,7578
168221,160643,7578
168222,160644,7578
168224,160646,7578
168226,160648,7578
168227,160649,7578
168228,160650,7578
168229,160651,7578
168230,160652,7578
168232,160653,7579
168233,160654,7579
168234,160655,7579
168235,160656,7579
168237,160658,7579
168238,160659,7579
168239,160660,7579
168241,160662,7579
168242,160663,7579
168243,160664,7579
168244,160665,7579
168245,160666,7579
168246,160667,7579
168248,160669,7579
168249,160670,7579
168250,160671,7579
168251,160672,7579
168252,160673,7579
168253,160674,7579
168254,160675,7579
168256,160677,7579
168258,160679,7579
168259,160680,7579
168260,160681,7579
168261,160682,7579
168262,160683,7579
168263,160684,7579
168265,160686,7579
168266,160687,7579
168267,160688,7579
168268,160689,7579
168269,160690,7579
168270,160691,7579
168271,160692,7579
168272,160693,7579
168273,160694,7579
168274,160695,7579
168275,160696,7579
168276,160697,7579
168278,160699,7579
168279,160699,7580
168280,160700,7580
168281,160701,7580
168283,160702,7581
168284,160703,7581
168286,160705,7581
168287,160705,7582
168289,160706,7583
168290,160707,7583
168292,160709,7583
168293,160710,7583
168294,160711,7583
168295,160712,7583
168296,160713,7583
168298,160714,7584
168299,160715,7584
168300,160716,7584
168301,160717,7584
168302,160718,7584
168304,160719,7585
168305,160720,7585
168307,160722,7585
168308,160723,7585
168309,160724,7585
168310,160725,7585
168312,160726,7586
168313,160727,7586
168314,160728,7586
168315,160729,7586
168317,160730,7587
168319,160731,7588
168320,160732,7588
168321,160733,7588
168323,160734,7589
168324,160735,7589
168325,160736,7589
168326,160737,7589
168327,160737,7590
168329,160738,7591
168331,160739,7592
168332,160740,7592
168334,160742,7592
168335,160743,7592
168336,160743,7593
168337,160744,7593
168339,160745,7594
168340,160746,7594
168341,160747,7594
168343,160748,7595
168344,160749,7595
168345,160750,7595
168347,160751,7596
168349,160753,7596
168350,160753,7597
168351,160753,7598
168352,160754,7598
168353,160755,7598
168355,160757,7598
168356,160758,7598
168358,160759,7599
168360,160761,7599
168361,160761,7600
168362,160762,7600
168364,160764,7600
168365,160765,7600
168367,160766,7601
168368,160767,7601
168369,160768,7601
168370,160768,7602
168372,160770,7602
168373,160771,7602
168375,160773,7602
168376,160774,7602
168378,160776,7602
168379,160777,7602
168380,160778,7602
168381,160779,7602
168383,160781,7602
168384,160782,7602
168385,160783,7602
168387,160784,7603
168388,160785,7603
168389,160785,7604
168390,160786,7604
168391,160787,7604
168393,160788,7605
168394,160788,7606
168395,160789,7606
168397,160791,7606
168398,160792,7606
168400,160794,7606
168401,160794,7607
168402,160795,7607
168403,160796,7607
168405,160798,7607
168406,160799,7607
168407,160800,7607
168408,160801,7607
168409,160802,7607
168411,160803,7608
168412,160804,7608
168413,160805,7608
168414,160806,7608
168416,160807,7609
168417,160808,7609
168418,160809,7609
168419,160810,7609
168420,160811,7609
168421,160812,7609
168422,160813,7609
168424,160815,7609
168425,160816,7609
168426,160817,7609
168427,160818,7609
168429,160820,7609
168430,160821,7609
168431,160822,7609
168432,160823,7609
168434,160825,7609
168435,160826,7609
168436,160827,7609
168437,160828,7609
168439,160830,7609
168440,160831,7609
168441,160832,7609
168442,160833,7609
168443,160833,7610
168445,160835,7610
168446,160836,7610
168447,160837,7610
168448,160838,7610
168449,160839,7610
168450,160839,7611
168451,160840,7611
168453,160842,7611
168454,160843,7611
168455,160844,7611
168457,160846,7611
168458,160847,7611
168459,160848,7611
168461,160849,7612
168463,160851,7612
168464,160851,7613
168465,160852,7613
168466,160853,7613
168468,160854,7614
168470,160856,7614
168471,160857,7614
168473,160859,7614
168474,160860,7614
168475,160861,7614
168476,160862,7614
168477,160863,7614
168479,160864,7615
168481,160866,7615
168482,160866,7616
168484,160867,7617
168485,160867,7618
168487,160869,7618
168488,160870,7618
168490,160872,7618
168491,160873,7618
168493,160875,7618
168494,160876,7618
168496,160878,7618
168497,160879,7618
168498,160880,7618
168500,160882,7618
168501,160883,7618
168503,160885,7618
168505,160886,7619
168506,160887,7619
168507,160888,7619
168509,160890,7619
168510,160891,7619
168512,160892,7620
168513,160893,7620
168514,160894,7620
168516,160896,7620
168518,160897,7621
168519,160898,7621
168520,160899,7621
168521,160900,7621
168522,160901,7621
168523,160901,7622
168524,160902,7622
168525,160903,7622
168526,160904,7622
168528,160905,7623
168529,160906,7623
168530,160907,7623
168531,160908,7623
168533,160909,7624
168534,160910,7624
168536,160910,7626
168537,160911,7626
168538,160912,7626
168540,160913,7627
168541,160914,7627
168542,160915,7627
168544,160915,7629
168545,160916,7629
168546,160917,7629
168547,160918,7629
168548,160919,7629
168550,160920,7630
168551,160921,7630
168552,160922,7630
168553,160923,7630
168555,160925,7630
168556,160926,7630
168558,160928,7630
168559,160929,7630
168561,160931,7630
168562,160932,7630
168564,160934,7630
168565,160935,7630
168567,160937,7630
168569,160938,7631
168571,160940,7631
168572,160941,7631
168573,160941,7632
168575,160943,7632
168576,160944,7632
168577,160945,7632
168579,160947,7632
168580,160948,7632
168582,160949,7633
168584,160950,7634
168585,160951,7634
168586,160952,7634
168587,160952,7635
168589,160954,7635
168590,160955,7635
168592,160957,7635
168593,160958,7635
168595,160960,7635
168596,160961,7635
168598,160963,7635
168599,160963,7636
168600,160964,7636
168601,160965,7636
168603,160967,7636
168605,160968,7637
168606,160969,7637
168607,160970,7637
168608,160971,7637
168609,160971,7638
168611,160973,7638
168612,160974,7638
168614,160976,7638
168615,160977,7638
168617,160979,7638
168619,160980,7639
168620,160981,7639
168621,160982,7639
168623,160984,7639
168624,160985,7639
168625,160986,7639
168627,160988,7639
168628,160989,7639
168630,160990,7640
168631,160991,7640
168632,160992,7640
168634,160994,7640
168635,160994,7641
168636,160995,7641
168637,160996,7641
168638,160997,7641
168640,160999,7641
168641,160999,7642
168643,161000,7643
168644,161001,7643
168646,161003,7643
168647,161004,7643
168648,161005,7643
168649,161006,7643
168650,161007,7643
168652,161009,7643
168653,161010,7643
168654,161011,7643
168655,161012,7643
168657,161014,7643
168658,161015,7643
168659,161016,7643
168660,161017,7643
168661,161018,7643
168662,161019,7643
168663,161020,7643
168665,161022,7643
168666,161023,7643
168667,161024,7643
168668,161025,7643
168670,161027,7643
168671,161028,7643
168672,161029,7643
168673,161030,7643
168675,161032,7643
168676,161033,7643
168677,161034,7643
168678,161035,7643
168679,161035,7644
168681,161036,7645
168682,161037,7645
168683,161038,7645
168684,161039,7645
168685,161040,7645
168686,161041,7645
168687,161042,7645
168689,161044,7645
168690,161045,7645
168691,161046,7645
168692,161047,7645
168694,161049,7645
168695,161050,7645
168696,161051,7645
168697,161052,7645
168698,161053,7645
168699,161054,7645
168700,161055,7645
168702,161057,7645
168703,161058,7645
168704,161059,7645
168705,161060,7645
168707,161062,7645
168708,161063,7645
168709,161064,7645
168710,161065,7645
168712,161067,7645
168714,161068,7646
168715,161069,7646
168716,161070,7646
168717,161071,7646
168718,161072,7646
168719,161073,7646
168720,161074,7646
168721,161075,7646
168722,161076,7646
168723,161077,7646
168724,161078,7646
168726,161080,7646
168727,161081,7646
168728,161082,7646
168729,161083,7646
168731,161085,7646
168732,161086,7646
168733,161087,7646
168734,161088,7646
168735,161089,7646
168736,161090,7646
168738,161091,7647
168739,161092,7647
168740,161093,7647
168741,161094,7647
168742,161095,7647
168744,161095,7649
168745,161096,7649
168746,161097,7649
168747,161098,7649
168748,161099,7649
168750,161101,7649
168751,161102,7649
168752,161102,7650
168753,161103,7650
168754,161104,7650
168756,161105,7651
168757,161106,7651
168758,161107,7651
168759,161108,7651
168760,161109,7651
168761,161110,7651
168763,161111,7652
168764,161112,7652
168765,161113,7652
168766,161114,7652
168768,161115,7653
168769,161116,7653
168770,161117,7653
168771,161118,7653
168772,161119,7653
168773,161120,7653
168774,161121,7653
168775,161122,7653
168777,161124,7653
168778,161125,7653
168780,161127,7653
168781,161128,7653
168783,161130,7653
168784,161131,7653
168786,161133,7653
168787,161134,7653
168788,161135,7653
168790,161136,7654
168791,161137,7654
168792,161138,7654
168793,161139,7654
168795,161141,7654
168796,161142,7654
168798,161143,7655
168799,161144,7655
168800,161145,7655
168801,161146,7655
168803,161147,7656
168805,161148,7657
168806,161149,7657
168807,161150,7657
168808,161151,7657
168810,161152,7658
168811,161153,7658
168812,161154,7658
168813,161155,7658
168815,161155,7660
168817,161157,7660
168818,161157,7661
168820,161159,7661
168821,161160,7661
168823,161162,7661
168824,161163,7661
168825,161164,7661
168827,161166,7661
168828,161167,7661
168829,161168,7661
168831,161169,7662
168832,161170,7662
168833,161171,7662
168834,161172,7662
168835,161173,7662
168836,161173,7663
168837,161174,7663
168838,161175,7663
168839,161176,7663
168840,161177,7663
168841,161178,7663
168842,161179,7663
168843,161180,7663
168844,161181,7663
168845,161182,7663
168846,161183,7663
168847,161184,7663
168848,161185,7663
168850,161186,7664
168851,161187,7664
168852,161188,7664
168853,161188,7665
168854,161189,7665
168855,161190,7665
168857,161191,7666
168858,161191,7667
168859,161192,7667
168860,161193,7667
168861,161193,7668
168863,161194,7669
168864,161195,7669
168865,161196,7669
168866,161196,7670
168867,161197,7670
168868,161198,7670
168869,161199,7670
168870,161199,7671
168871,161199,7672
168872,161200,7672
168874,161201,7673
168875,161201,7674
168876,161201,7675
168877,161202,7675
168879,161203,7676
168880,161204,7676
168882,161205,7677
168883,161205,7678
168884,161206,7678
168885,161206,7679
168886,161207,7679
168888,161208,7680
168889,161209,7680
168890,161210,7680
168891,161211,7680
168892,161212,7680
168894,161213,7681
168896,161214,7682
168897,161215,7682
168898,161216,7682
168899,161217,7682
168900,161218,7682
168901,161219,7682
168902,161220,7682
168903,161221,7682
168904,161221,7683
168905,161222,7683
168907,161224,7683
168908,161225,7683
168909,161225,7684
168910,161226,7684
168912,161227,7685
168913,161228,7685
168915,161230,7685
168916,161231,7685
168917,161232,7685
168918,161233,7685
168919,161234,7685
168921,161236,7685
168922,161237,7685
168923,161238,7685
168924,161239,7685
168925,161240,7685
168927,161241,7686
168929,161243,7686
168930,161244,7686
168931,161245,7686
168932,161246,7686
168933,161247,7686
168934,161248,7686
168935,161249,7686
168936,161250,7686
168937,161250,7687
168938,161251,7687
168940,161253,7687
168941,161254,7687
168942,161254,7688
168943,161255,7688
168945,161256,7689
168946,161257,7689
168948,161259,7689
168949,161260,7689
168950,161261,7689
168951,161262,7689
168952,161263,7689
168954,161265,7689
168955,161266,7689
168956,161267,7689
168957,161268,7689
168958,161269,7689
168960,161269,7691
168962,161271,7691
168963,161272,7691
168964,161273,7691
168965,161274,7691
168967,161274,7693
168968,161275,7693
168970,161275,7695
168971,161276,7695
168972,161277,7695
168973,161278,7695
168974,161279,7695
168975,161280,7695
168976,161281,7695
168977,161282,7695
168978,161283,7695
168979,161284,7695
168980,161285,7695
168981,161286,7695
168982,161287,7695
168983,161288,7695
168985,161290,7695
168986,161291,7695
168988,161292,7696
168989,161293,7696
168990,161294,7696
168991,161295,7696
168992,161296,7696
168993,161296,7697
168994,161296,7698
168995,161297,7698
168996,161297,7699
168997,161298,7699
168998,161299,7699
169000,161301,7699
169002,161303,7699
169003,161304,7699
169004,161305,7699
169005,161305,7700
169006,161306,7700
169007,161307,7700
169008,161308,7700
169010,161309,7701
169011,161310,7701
169012,161311,7701
169013,161312,7701
169014,161313,7701
169016,161315,7701
169018,161317,7701
169019,161318,7701
169020,161319,7701
169021,161319,7702
169022,161320,7702
169023,161321,7702
169024,161322,7702
169026,161324,7702
169027,161325,7702
169028,161326,7702
169029,161327,7702
169030,161328,7702
169032,161329,7703
169034,161331,7703
169035,161332,7703
169036,161332,7704
169037,161333,7704
169039,161334,7705
169040,161335,7705
169041,161336,7705
169043,161338,7705
169044,161339,7705
169046,161341,7705
169047,161342,7705
169049,161344,7705
169050,161345,7705
169052,161347,7705
169053,161348,7705
169055,161349,7706
169056,161350,7706
169057,161351,7706
169058,161352,7706
169060,161354,7706
169061,161354,7707
169062,161355,7707
169064,161357,7707
169066,161358,7708
169067,161359,7708
169068,161360,7708
169069,161360,7709
169070,161361,7709
169071,161362,7709
